1694665796995 168.54379126551402 0
1694665798012 83.80324011698 1
1694665798923 68.18294160043278 2
1694665799876 57.9795056487253 3
1694665800973 50.30414488020247 4
1694665802237 44.12277754020768 5
1694665803266 38.97919571819726 6
1694665804222 34.62272824809883 7
1694665805202 30.890731455144827 8
1694665806119 27.666655231699398 9
1694665806988 24.86230901978129 10
1694665807946 22.40885687078138 11
1694665808904 20.25149631393393 12
1694665809758 18.345972232135814 13
1694665810630 16.656141907981183 14
1694665811545 15.152205237090499 15
1694665812659 13.809384292786767 16
1694665813588 12.606919723574453 17
1694665814475 11.527297157949235 18
1694665815448 10.555644122864967 19
1694665816409 9.679255389928365 20
1694665817385 8.887216267428945 21
1694665818389 8.170101358609688 22
1694665819402 7.51973197056761 23
1694665820357 6.928979449910812 24
1694665821282 6.391604725941819 25
1694665822256 5.902126577914956 26
1694665823234 5.455712824707426 27
1694665824220 5.048089911715156 28
1694665825200 4.675467345925385 29
1694665826157 4.3344741813773835 30
1694665827104 4.0221053386211665 31
1694665828067 3.735675993945333 32
1694665829115 3.4727826273742997 33
1694665830056 3.2312695955355264 34
1694665830995 3.0092003137508785 35
1694665831987 2.804832304289802 36
1694665832949 2.616595504732327 37
1694665833926 2.443073339597446 38
1694665834879 2.2829861457990597 39
1694665835800 2.1351766127485976 40
1694665836729 1.998596954645809 41
1694665837660 1.8722975785043525 42
1694665838564 1.7554170489487975 43
1694665839430 1.6471731815192758 44
1694665840357 1.5468551214846589 45
1694665841275 1.453816286062067 46
1694665842231 1.3674680653129718 47
1694665843148 1.2872741915022075 48
1694665844112 1.2127456988967056 49
1694665845123 1.1434364062690991 50
1694665846054 1.0789388630963455 51
1694665847042 1.0188807078772901 52
1694665848057 0.9629213933551657 53
1694665849035 0.9107492388991038 54
1694665849974 0.862078775017434 55
1694665850925 0.8166483490629693 56
1694665851910 0.7742179647435977 57
1694665852900 0.7345673311503232 58
1694665853793 0.6974940997256884 59
1694665854739 0.6628122699734922 60
1694665855753 0.6303507468020779 61
1694665856729 0.599952034237083 62
1694665857717 0.5714710518682282 63
1694665858703 0.5447740618363159 64
1694665859718 0.5197376954449007 65
1694665860868 0.4962480696163727 66
1694665862158 0.47419998442196454 67
1694665863355 0.45349619381451345 68
1694665864618 0.4340467424947412 69
1694665865965 0.41576836255769023 70
1694665867146 0.39858392420566235 71
1694665868343 0.3824219353861933 72
1694665869619 0.3672160857257922 73
1694665870769 0.35290483058906 74
1694665871913 0.3394310115042415 75
1694665873096 0.3267415095653326 76
1694665874349 0.3147869287522584 77
1694665875476 0.30352130640826236 78
1694665876681 0.2929018483811512 79
1694665877810 0.28288868657561356 80
1694665879016 0.2734446568802304 81
1694665880252 0.26453509562761485 82
1694665881536 0.25612765292153616 83
1694665882638 0.24819212132292834 84
1694665883805 0.24070027852913653 85
1694665885021 0.23362574280919046 86
1694665886196 0.22694384007376112 87
1694665887326 0.22063148156300819 88
1694665888499 0.21466705122991733 89
1694665889683 0.2090303019819652 90
1694665890882 0.2037022600209761 91
1694665891988 0.1986651365906239 92
1694665893170 0.19390224650398494 93
1694665894252 0.1893979328804618 94
1694665895455 0.1851374975729104 95
1694665896719 0.181107136812429 96
1694665897886 0.17729388164048876 97
1694665898995 0.1736855427363342 98
1694665900122 0.170270659282245 99
