1694448469467 -240.01218188495162 0
1694448470300 -193.99208633904246 1
1694448471107 -157.36082890578788 2
1694448471934 -127.65006840492754 3
1694448472767 -103.54924445713158 4
1694448473476 -83.99425024227298 5
1694448474146 -68.12745261034927 6
1694448474903 -55.248429804215945 7
1694448475883 -44.79495436823399 8
1694448476681 -36.307574528804395 9
1694448477395 -29.41283995752732 10
1694448478101 -23.813475683922796 11
1694448478788 -19.263693300695035 12
1694448479615 -15.563541914929228 13
1694448480383 -12.556512613786865 14
1694448481169 -10.110630590566297 15
1694448481871 -8.11837017783666 16
1694448482574 -6.497994143045424 17
1694448483303 -5.178222103983888 18
1694448484044 -4.1008096657079305 19
1694448484724 -3.2237258456733064 20
1694448485464 -2.508100643844463 21
1694448486396 -1.9219932535075515 22
1694448487235 -1.4444543303310486 23
1694448488135 -1.0525411827306699 24
1694448488940 -0.7327659908362614 25
1694448489734 -0.47081736713858424 26
1694448490571 -0.2545385153463946 27
1694448491421 -0.07802983605272007 28
1694448492270 0.06702342343414858 29
1694448493085 0.18788928994312049 30
1694448493847 0.28639387368571345 31
1694448494649 0.36882867727033153 32
1694448495538 0.4361636489847127 33
1694448496503 0.4918387755573719 34
1694448497345 0.5392801871108245 35
1694448498127 0.5777417316538594 36
1694448499046 0.6107266736240828 37
1694448499978 0.6375346112028053 38
1694448500895 0.660678668926048 39
1694448501811 0.6795476929280024 40
1694448502719 0.6952494372261592 41
1694448503670 0.7094632051072481 42
1694448504548 0.7206610176136561 43
1694448505426 0.7308943852503644 44
1694448506319 0.7389728422037287 45
1694448507165 0.7464219306395792 46
1694448508102 0.7523189332911154 47
1694448508862 0.7571727662646998 48
1694448509798 0.7622385443254052 49
1694448510738 0.7658194186258709 50
1694448511644 0.769602310650684 51
1694448512491 0.7722766815608009 52
1694448513271 0.7751314857022286 53
1694448514033 0.7771517494526562 54
1694448514865 0.7793273422746115 55
1694448515704 0.7808693756704469 56
1694448516538 0.781997056486645 57
1694448517369 0.7837990612698444 58
1694448518227 0.7846567690904033 59
1694448519168 0.7860462959854067 60
1694448520357 0.7867064298771622 61
1694448521370 0.7877874292446387 62
1694448522388 0.7883001654086694 63
1694448523621 0.7891477612927319 64
1694448524883 0.7895486659939299 65
1694448525946 0.7902179113375507 66
1694448526930 0.790532752946982 67
1694448527886 0.7905757174031379 68
1694448528768 0.7913723287470881 69
1694448529680 0.7913976343587793 70
1694448530570 0.7920179953967981 71
1694448531446 0.7920328800605596 72
1694448532222 0.7925208823992637 73
1694448533049 0.7925289429113995 74
1694448533732 0.7929163229773621 75
1694448534519 0.792919376814051 76
1694448535374 0.7932294571805427 77
1694448536544 0.7932284934507974 78
1694448537243 0.793478653387184 79
1694448538005 0.7934743004615907 80
1694448538724 0.793224951736498 81
1694448539588 0.793725073671873 82
1694448540461 0.7935179799103949 83
1694448541276 0.7939059359290324 84
1694448542035 0.7937347818089735 85
1694448542869 0.7940397932835039 86
1694448543775 0.7938980998216134 87
1694448544771 0.7941409025579094 88
1694448546125 0.7940228655473917 89
1694448547420 0.7942184286073695 90
1694448549460 0.7941191857570838 91
1694448550690 0.7942784769958549 92
1694448552031 0.7941941084189332 93
1694448553000 0.794325267124083 94
1694448553966 0.7942526857948369 95
1694448555007 0.7939371016857708 96
1694448556040 0.7943499671622724 97
1694448557063 0.7940896985004076 98
1694448557970 0.7944091112077762 99
