1694446122027 -239.32384704812614 0
1694446122932 -193.4832011498777 1
1694446123695 -157.1891675297129 2
1694446125039 -128.37578887338145 3
1694446125835 -105.43486953426212 4
1694446126513 -87.11306885000164 5
1694446127161 -72.43234690355965 6
1694446127842 -60.62842684115553 7
1694446128508 -51.10316423617454 8
1694446129205 -43.387656879247054 9
1694446129910 -37.113653715037096 10
1694446130659 -31.991379928013842 11
1694446131392 -27.79232509821947 12
1694446132050 -24.335872579775884 13
1694446132686 -21.47890357354218 14
1694446133253 -19.107706259147502 15
1694446133845 -17.131672257821755 16
1694446134612 -15.478379946483162 17
1694446135340 -14.089754681619297 18
1694446136030 -12.919065933937597 19
1694446136773 -11.92857539010777 20
1694446137538 -11.087691873217276 21
1694446138268 -10.371521263981073 22
1694446138914 -9.75972462527924 23
1694446139524 -9.235617105340761 24
1694446140223 -8.78545520229216 25
1694446141279 -8.397871604730527 26
1694446142201 -8.063425843807662 27
1694446143107 -7.774245992441532 28
1694446144121 -7.523742082928104 29
1694446145821 -7.306376138076427 30
1694446146715 -7.1174769957427415 31
1694446147474 -6.953090663260447 32
1694446148729 -6.809858930009148 33
1694446149829 -6.684920519632193 34
1694446150800 -6.575830276088578 35
1694446151654 -6.480492825664418 36
1694446152390 -6.397107899071334 37
1694446153149 -6.324125079429913 38
1694446154028 -6.2602061986669675 39
1694446154834 -6.2041939641252 40
1694446155537 -6.155085680343564 41
1694446156225 -6.112011154617051 42
1694446156976 -6.074214052001347 43
1694446157673 -6.041036105950202 44
1694446158347 -6.011903702601009 45
1694446158978 -5.986316445974665 46
1694446159640 -5.963837382807507 47
1694446160239 -5.944084623122743 48
1694446160829 -5.926724138903405 49
1694446161469 -5.911463560642954 50
1694446162185 -5.898046821927678 51
1694446162869 -5.886249526964554 52
1694446163528 -5.87587493622968 53
1694446164204 -5.866750482059374 54
1694446164886 -5.858724739738837 55
1694446165556 -5.851664791018713 56
1694446166253 -5.84545392645052 57
1694446166873 -5.839989640830948 58
1694446167544 -5.835181882666792 59
1694446168121 -5.830951524143198 60
1694446168769 -5.827229022782779 61
1694446169436 -5.823953249969301 62
1694446170074 -5.8210704648991936 63
1694446170724 -5.818533415414135 64
1694446171333 -5.816300549640094 65
1694446171936 -5.814335324478124 66
1694446172524 -5.812605598814885 67
1694446173165 -5.811083100891533 68
1694446173821 -5.809742960625887 69
1694446174532 -5.808563298856533 70
1694446175163 -5.807524866494648 71
1694446175768 -5.806610727452607 72
1694446176436 -5.805805979986163 73
1694446177055 -5.805097511755742 74
1694446177770 -5.80447378449465 75
1694446178459 -5.803924644680839 76
1694446179069 -5.803441157052507 77
1694446179703 -5.803015458196243 78
1694446180319 -5.8026406277756495 79
1694446180976 -5.8023105752659685 80
1694446181640 -5.8020199403200445 81
1694446182293 -5.801764005119624 82
1694446182865 -5.801538617265649 83
1694446183480 -5.801340121936831 84
1694446184084 -5.801165302199766 85
1694446184765 -5.8010113264888306 86
1694446185443 -5.800875702393062 87
1694446186133 -5.8007562359911065 88
1694446186805 -5.8006509960672235 89
1694446187576 -5.800558282621411 90
1694446188236 -5.800476599157876 91
1694446189009 -5.800404628297713 92
