1694705219608 169.16866353822067 0
1694705221093 168.83168161033228 1
1694705222570 168.49537536768062 2
1694705224085 168.15974344943794 3
1694705225580 167.82478449752858 4
1694705227063 167.4904971566235 5
1694705228421 167.15688007413462 6
1694705229791 166.82393190020935 7
1694705231437 166.49165128772492 8
1694705232760 166.16032827036784 9
1694705234215 165.8296688960101 10
1694705235608 165.49967182960114 11
1694705236990 165.17033573878692 12
1694705238295 164.84165929390468 13
1694705240011 164.51364116797737 14
1694705241339 164.18628003670815 15
1694705242684 163.85957457847513 16
1694705244099 163.53352347432562 17
1694705245419 163.20812540797118 18
1694705246868 162.8833790657817 19
1694705248200 162.5592831367804 20
1694705249576 162.23583631263836 21
1694705251072 161.91303728766889 22
1694705252393 161.5908847588226 23
1694705253792 161.2693774256817 24
1694705255111 160.94851399045484 25
1694705256487 160.62829315797163 26
1694705257824 160.30871363567758 27
1694705259259 159.9897741336285 28
1694705260574 159.67147336448542 29
1694705261896 159.35381004350918 30
1694705263316 159.03678288855525 31
1694705264726 158.72039062006837 32
1694705266116 158.4046319610774 33
1694705267511 158.08950563718994 34
1694705269044 157.77501037658723 35
1694705270662 157.461144910019 36
1694705272114 157.1479079707979 37
1694705273679 156.83529829479477 38
1694705275446 156.5233146204331 39
1694705276919 156.21195568868407 40
1694705278646 155.90122024306123 41
1694705280407 155.59110702961536 42
1694705282019 155.2816147969295 43
1694705283423 154.9727422961136 44
1694705284772 154.6644882807995 45
1694705286177 154.35685150713576 46
1694705287719 154.0498307337826 47
1694705289138 153.74342472190693 48
1694705290488 153.4376322351769 49
1694705291930 153.1324520397572 50
1694705293315 152.82788290430383 51
1694705294731 152.52392359995915 52
1694705296155 152.2205729003466 53
1694705297428 151.91782958156597 54
1694705298950 151.61569242218818 55
1694705300292 151.31416020325034 56
1694705301728 151.01323170825074 57
1694705303172 150.7129057231438 58
1694705304530 150.41318103633526 59
1694705305911 150.11405643867698 60
1694705307287 149.81553072346213 61
1694705308645 149.51760268642028 62
1694705310073 149.22027112571217 63
1694705311557 148.9235348419253 64
1694705312938 148.62739263806844 65
1694705314293 148.33184331956713 66
1694705315763 148.03688569425853 67
1694705317094 147.74251857238667 68
1694705318671 147.44874076659758 69
1694705320319 147.15555109193434 70
1694705321651 146.8629483658322 71
1694705323111 146.5709314081139 72
1694705324483 146.27949904098452 73
1694705325828 145.98865008902703 74
1694705327265 145.69838337919717 75
1694705328647 145.40869774081875 76
1694705330061 145.11959200557888 77
1694705331589 144.8310650075232 78
1694705332961 144.54311558305088 79
1694705334450 144.25574257091017 80
1694705336055 143.96894481219337 81
1694705337489 143.6827211503322 82
1694705339027 143.3970704310932 83
1694705340595 143.11199150257258 84
1694705342201 142.82748321519193 85
1694705343764 142.54354442169333 86
1694705345135 142.26017397713454 87
1694705346594 141.97737073888456 88
1694705348124 141.69513356661864 89
1694705349553 141.41346132231385 90
1694705351062 141.13235287024438 91
1694705352356 140.8518070769767 92
1694705353771 140.57182281136517 93
1694705355186 140.29241069745132 94
1694705356530 140.01355767080827 95
1694705357938 139.73525089673336 96
1694705359338 139.4575127613663 97
1694705360714 139.1803187588332 98
1694705362015 138.90369103827572 99
