1694746484406 5.164277246876171 0
1694746486020 2.270470053150241 1
1694746487749 5.381429550693676 2
1694746489553 3.3212826613580746 3
1694746491332 3.628732289684439 4
1694746493111 4.007466386819553 5
1694746494825 5.029071659103938 6
1694746496635 1.851464723169714 7
1694746498313 8.21209345538019 8
1694746499929 3.6722292313868152 9
1694746502263 10.368474116493513 10
1694746504242 5.137639472817773 11
1694746506414 4.099069385620224 12
1694746508794 2.901810930047795 13
1694746510775 4.6715012734911365 14
1694746512530 2.545701024553514 15
1694746514799 6.410182416184699 16
1694746517375 4.518074498803682 17
1694746520117 4.748970319374912 18
1694746522794 3.7269472149094796 19
1694746525943 3.7582446307306436 20
1694746528681 3.733226296367961 21
1694746530822 4.28898775735158 22
1694746533213 5.476384424315526 23
1694746536567 5.844014089326293 24
1694746538606 1.855347627624776 25
1694746540673 6.443138425677068 26
1694746543286 3.5337341953721713 27
1694746546699 5.934935219668318 28
1694746549107 6.17843889448835 29
1694746551709 4.268917225277804 30
1694746554694 5.074842905794389 31
1694746559468 5.220865157793295 32
1694746564688 4.0892813106256165 33
1694746566927 3.2485003289601178 34
1694746569104 6.250949806049078 35
1694746572615 4.897057237139631 36
1694746574681 4.410178281396632 37
1694746577537 4.631405027178761 38
1694746579921 3.3413905958443952 39
1694746582077 3.8383375446729886 40
1694746584217 3.5014396315584415 41
1694746586136 3.636698414333047 42
1694746588472 5.373353379784613 43
1694746590822 4.562316927948909 44
1694746592722 2.88621624735576 45
1694746595342 5.396599475365473 46
1694746597714 3.7339643889753025 47
1694746599902 6.361691288752755 48
1694746602193 4.998610799691464 49
1694746604092 5.550255801998978 50
1694746606201 4.615989712521789 51
1694746607999 4.948469845371966 52
1694746609740 2.1260770622278318 53
1694746611769 3.4152699839528 54
1694746613604 5.402715427187918 55
1694746615207 3.1558331025884714 56
1694746617072 9.199318027843992 57
1694746618877 3.175652749544587 58
1694746620826 4.402428704447089 59
1694746622459 2.345833097791226 60
1694746624371 4.071349222811018 61
1694746626164 2.9024797214596987 62
1694746628185 3.6497774021210954 63
1694746629801 4.291633372371294 64
1694746631747 6.314716213198195 65
1694746633497 4.575030299029484 66
1694746635529 4.439888059974317 67
1694746638018 2.1208218064631748 68
1694746640131 3.791430954345779 69
1694746642068 5.490701052925059 70
1694746643722 3.975555690289287 71
1694746645533 3.7144915620114953 72
1694746647257 3.7795648352364197 73
1694746649089 1.9679775673503275 74
1694746650791 6.293990371064629 75
1694746652728 2.8482966100829357 76
1694746654409 2.5656785995435754 77
1694746656306 3.6851412799763663 78
1694746658192 6.443038811379459 79
1694746660467 3.411469990372815 80
1694746662755 6.62681579486104 81
1694746665150 2.9513656510977797 82
1694746666566 4.894588693415709 83
1694746668416 3.5524723831128373 84
1694746670574 2.8346655299076824 85
1694746672475 6.053584210503948 86
1694746674404 4.635185438464956 87
1694746677499 4.024790997780598 88
1694746679213 3.011921194099113 89
1694746680936 3.5949277498688934 90
1694746682471 3.0061456863977276 91
1694746684535 4.58418606783732 92
1694746686490 1.2479899689181297 93
1694746688619 2.3152563765426524 94
1694746690834 3.8737647012337226 95
1694746694218 7.493071936005977 96
1694746696374 3.791139839404649 97
1694746698347 6.832647867648242 98
1694746700524 4.769671795752454 99
