1694703396308 168.54379126551402 0
1694703397761 168.5101678616262 1
1694703399229 168.47682472048052 2
1694703400605 168.44348817790822 3
1694703402045 168.4101583030403 4
1694703403396 168.37683502353124 5
1694703404806 168.34351840964942 6
1694703406349 168.3102083879132 7
1694703407657 168.27690502972794 8
1694703409065 168.24360826047638 9
1694703410521 168.2103181527002 10
1694703411856 168.17703463064723 11
1694703413309 168.14375776799477 12
1694703414713 168.1104874878564 13
1694703416133 168.07722386504443 14
1694703417377 168.0439668215388 15
1694703418701 168.01071643328618 16
1694703419885 167.97747262113353 17
1694703421654 167.9442354621613 18
1694703423114 167.91100487608392 19
1694703424553 167.87778094111516 20
1694703426088 167.8445635758376 21
1694703427570 167.8113528595975 22
1694703429510 167.77814870984622 23
1694703431075 167.74495120706212 24
1694703432391 167.71176026756586 25
1694703433893 167.6785759729672 26
1694703435323 167.64539823845672 27
1694703436973 167.61222714677493 28
1694703438428 167.57906261198318 29
1694703439737 167.5459047179519 30
1694703441100 167.51275337761382 31
1694703442666 167.47960867596885 32
1694703444086 167.4464705248215 33
1694703445513 167.4133390103007 34
1694703446921 167.38021404308327 35
1694703448308 167.3470957104265 36
1694703449924 167.31398392188035 37
1694703452264 167.28087876582967 38
1694703453914 167.24778015069816 39
1694703455564 167.21468816599773 40
1694703457422 167.18160271902636 41
1694703459169 167.14852390042242 42
1694703460655 167.11545161635877 43
1694703462616 167.08238595859964 44
1694703464442 167.04932683219346 45
1694703466214 167.01627433002957 46
1694703468179 166.98322835603258 47
1694703470029 166.9501890042165 48
1694703471361 166.91715617738262 49
1694703473024 166.88412997066897 50
1694703474556 166.85111028575417 51
1694703476774 166.81809721889968 52
1694703478989 166.7850906706621 53
1694703480740 166.75209073842558 54
1694703482109 166.7190973216253 55
1694703483577 166.68611051876766 56
1694703485040 166.65313022816702 57
1694703486641 166.6201565494513 58
1694703488224 166.58718937981462 59
1694703490120 166.55422882000587 60
1694703491927 166.52127476609965 61
1694703493577 166.48832731996512 62
1694703495095 166.45538637655784 63
1694703496783 166.4224520388668 64
1694703498615 166.3895242007291 65
1694703500027 166.3566029662529 66
1694703501380 166.32368822815755 67
1694703502714 166.29078009166963 68
1694703504026 166.25787844839144 69
1694703505466 166.2249834046674 70
1694703506923 166.1920948509832 71
1694703508352 166.15921289480065 72
1694703509779 166.12633742548948 73
1694703511274 166.09346855162818 74
1694703512662 166.06060616147104 75
1694703514161 166.02775036471277 76
1694703515382 165.99490104849295 77
1694703516759 165.96205832362156 78
1694703518283 165.92922207612418 79
1694703520097 165.8963924179257 80
1694703522370 165.86356923393814 81
1694703524142 165.83075263720065 82
1694703525928 165.79794251151228 83
1694703527835 165.76513897102586 84
1694703530046 165.7323418984282 85
1694703531978 165.6995514089851 86
1694703533548 165.666767443586 87
1694703535322 165.6339899409353 88
1694703536908 165.60121901877145 89
1694703538545 165.568454556199 90
1694703539960 165.5356966720678 91
1694703541723 165.50294524437237 92
1694703543409 165.47020039307324 93
1694703545824 165.4374619950557 94
1694703547754 165.40473017139036 95
1694703549420 165.37200479785358 96
1694703551184 165.33928599662556 97
1694703552803 165.30657364237462 98
1694703554957 165.27386785838974 99
