1694699069683 168.57099366541718 0
1694699071893 154.69379036539382 1
1694699073881 142.9875238117436 2
1694699075894 133.06712630785276 3
1694699077721 124.61816193785019 4
1694699079960 117.38369625142661 5
1694699082061 111.1536220137595 6
1694699084419 105.7559802274328 7
1694699086505 101.04990221202405 8
1694699089165 96.91986882660352 9
1694699092023 93.27104000280494 10
1694699094726 90.02545410736764 11
1694699097332 87.11893429143078 12
1694699100507 84.4985695479985 13
1694699102940 82.12066301926552 14
1694699104938 79.94906025200602 15
1694699107062 77.95378646892406 16
1694699109490 76.10993521873087 17
1694699114299 74.39676156581854 18
1694699118510 72.79694175109199 19
1694699121293 71.29596837987049 20
1694699124859 69.88165598018789 21
1694699128259 68.54373647653038 22
1694699130368 67.27352794403629 23
1694699132361 66.06366311207566 24
1694699134813 64.907866608418 25
1694699137135 63.800771985095665 26
1694699139552 62.7377712332542 27
1694699142031 61.714890848768576 28
1694699144606 60.7286896116717 29
1694699146942 59.77617413798435 30
1694699149179 58.85472899092354 31
1694699151595 57.962058731025465 32
1694699153813 57.096139766893764 33
1694699156278 56.25518026073907 34
1694699158633 55.437586662401365 35
1694699161183 54.64193570577903 36
1694699163676 53.866950913606566 37
1694699165812 53.111482829330605 38
1694699168327 52.3744923357443 39
1694699170642 51.655036534997265 40
1694699173358 50.95225675843544 41
1694699176587 50.265368351366746 42
1694699179594 49.59365194048805 43
1694699182150 48.93644594294317 44
1694699184573 48.29314011792 45
1694699187416 47.66316999605449 46
1694699189636 47.04601205008926 47
1694699192343 46.44117949336807 48
1694699194653 45.84821861176364 49
1694699197295 45.26670555028552 50
1694699199977 44.69624348851253 51
1694699201988 44.13646014964036 52
1694699204387 43.58700559673586 53
1694699206678 43.047550277079345 54
1694699208465 42.51778328152485 55
1694699210660 41.997410790837634 56
1694699212738 41.48615468515926 57
1694699214873 40.983751296250865 58
1694699216677 40.489950285095986 59
1694699218413 40.00451362990452 60
1694699220362 39.52721471162974 61
1694699222187 39.05783748585831 62
1694699224275 38.59617573141264 63
1694699226526 38.142032367260995 64
1694699228310 37.695218830400705 65
1694699230446 37.255554508293876 66
1694699232289 36.8228662202185 67
1694699234281 36.39698774257125 68
1694699236132 35.9777593737394 69
1694699237773 35.56502753466227 70
1694699239640 35.15864440163865 71
1694699241579 34.75846756831713 72
1694699243704 34.364359734137906 73
1694699245682 33.9761884167855 74
1694699248113 33.59382568646737 75
1694699250384 33.21714792005807 76
1694699252985 32.846035573347784 77
1694699255207 32.48037296980951 78
1694699257214 32.120048104455726 79
1694699259930 31.764952461494133 80
1694699262201 31.414980844615634 81
1694699264121 31.07003121885872 82
1694699266297 30.730004563093072 83
1694699268528 30.3948047322539 84
1694699270789 30.06433832853833 85
1694699273084 29.73851458084673 86
1694699275286 29.417245231815972 87
1694699277220 29.10044443185057 88
1694699279346 28.78802863960911 89
1694699281533 28.479916528451735 90
1694699284033 28.176028898396794 91
1694699286941 27.87628859317384 92
1694699289309 27.580620421995473 93
1694699291201 27.288951085702294 94
1694699292824 27.00120910696451 95
1694699294943 26.717324764249906 96
1694699297215 26.437230029292053 97
1694699299908 26.1608585078144 98
1694699302170 25.888145383285785 99
