1694626392127 168.54379126551402 0
1694626393731 154.73661687003528 1
1694626395204 132.63756957026226 2
1694626396721 109.18651520682056 3
1694626398198 90.13921497887719 4
1694626399556 78.39380922745214 5
1694626401076 73.65700664827186 6
1694626402469 73.29724792942112 7
1694626403957 73.83787011582757 8
1694626405494 72.42337586477082 9
1694626406958 67.73653185179117 10
1694626408486 60.14909833533939 11
1694626409628 51.212188506046566 12
1694626410908 42.81226099575791 13
1694626412356 36.375509478259424 14
1694626413773 32.40825093449956 15
1694626414934 30.478589630766344 16
1694626416294 29.559299715597174 17
1694626417670 28.532462566073153 18
1694626419211 26.634256437118033 19
1694626420820 23.68288009240739 20
1694626422165 20.043380434615127 21
1694626423626 16.390304071081143 22
1694626425443 13.3935741406133 23
1694626426857 11.458915948554083 24
1694626428343 10.610241617534658 25
1694626429785 10.533134700565808 26
1694626431208 10.735651422845494 27
1694626432758 10.747276424257908 28
1694626434203 10.276980092326399 29
1694626435630 9.280356333335112 30
1694626437563 7.927822050832034 31
1694626438947 6.503096274305068 32
1694626440465 5.280954662774562 33
1694626442146 4.431622061206022 34
1694626443692 3.980715225130366 35
1694626445238 3.8282348470639573 36
1694626446756 3.8082607233811756 37
1694626448230 3.7599649194442137 38
1694626449790 3.5822584982271164 39
1694626451211 3.255760519385235 40
1694626452817 2.830827238590592 41
1694626454255 2.3929249239678922 42
1694626455697 2.0225964363960736 43
1694626457239 1.7657714705212453 44
1694626458593 1.6232123417369615 45
1694626460017 1.5590853085178737 46
1694626461498 1.521588764961441 47
1694626462935 1.4655063303930627 48
1694626464499 1.3678339396020895 49
1694626465798 1.2319399900136647 50
1694626467157 1.0808796718803007 51
1694626468668 0.9444262780074502 52
1694626469927 0.8458777847072587 53
1694626471133 0.7936568484575981 54
1694626472616 0.7800100914689371 55
1694626473994 0.7860457915541625 56
1694626475304 0.7901284067151317 57
1694626476769 0.7759372463566466 58
1694626478211 0.7372783080901235 59
1694626479842 0.6784496997313082 60
1694626481395 0.6108019941915055 61
1694626482814 0.5474063059200146 62
1694626484463 0.49808446791356337 63
1694626486016 0.4665144203700784 64
1694626487431 0.450060693407298 65
1694626488964 0.44187868097545513 66
1694626490334 0.4341094444623411 67
1694626491768 0.42081524516255375 68
1694626493383 0.3996583272936316 69
1694626494770 0.37197024299453657 70
1694626496275 0.3415065876732215 71
1694626497786 0.31259709260775376 72
1694626499185 0.2884779924741731 73
1694626500700 0.27037019540556245 74
1694626502330 0.25748285987540387 75
1694626503832 0.24774878723492258 76
1694626505402 0.23886967952213145 77
1694626506704 0.22922090239369092 78
1694626508123 0.21830813864734297 79
1694626509624 0.20669626197488458 80
1694626511313 0.1955433292367747 81
1694626512758 0.18599432509969438 82
1694626514224 0.17869274950602768 83
1694626515624 0.17357476258286464 84
1694626517211 0.16997348121877243 85
1694626518596 0.16693929718511819 86
1694626519977 0.16361801027529388 87
1694626521465 0.1595351343584956 88
1694626522885 0.15469641035980486 89
1694626524288 0.14949838493646972 90
1694626525675 0.1445138962761271 91
1694626526830 0.14025168029412882 92
1694626528097 0.1369811606662624 93
1694626529454 0.13467359558164854 94
1694626530683 0.13305952632129991 95
1694626531934 0.1317606650899011 96
1694626533272 0.1304354256829171 97
1694626534493 0.12888384485660614 98
1694626535951 0.12708250754952535 99
