1694672504531 168.8148749839276 0
1694672506248 136.7758794711031 1
1694672507661 111.0489444424829 2
1694672509202 90.18457464960736 3
1694672510891 73.26389227672483 4
1694672512353 59.53885116425337 5
1694672513765 48.40317337140207 6
1694672515436 39.36879233440053 7
1694672517137 32.03718407254993 8
1694672518698 26.08519047351299 9
1694672520032 21.253873273798153 10
1694672521703 17.32984855859791 11
1694672523313 14.143102040294789 12
1694672524733 11.553948027568122 13
1694672526217 9.448796694133303 14
1694672527703 7.737860917305546 15
1694672529523 6.34568129057142 16
1694672530980 5.213300087965785 17
1694672532416 4.291533371699912 18
1694672533849 3.5400489544152296 19
1694672535431 2.9281718254452724 20
1694672536914 2.428690934377908 21
1694672538324 2.0214914138094935 22
1694672539732 1.6885879132720496 23
1694672541344 1.4167743579359466 24
1694672542988 1.1941604034677051 25
1694672544507 1.0120596089995093 26
1694672545974 0.8626119300821552 27
1694672547708 0.7400877388753637 28
1694672549223 0.6395560675793089 29
1694672550720 0.5563863429114763 30
1694672552287 0.4882344912822572 31
1694672554484 0.4316576612824003 32
1694672556026 0.3851647410715699 33
1694672558752 0.3464193655223505 34
1694672561156 0.3144731658282134 35
1694672563359 0.28773753281287845 36
1694672565344 0.2656081742879276 37
1694672567435 0.24700330747283464 38
1694672569010 0.23153593109003703 39
1694672570866 0.21846882068189755 40
1694672572633 0.20755167942910552 41
1694672574725 0.1982822190632071 42
1694672576565 0.19049586495367896 43
1694672577750 0.18385096587829633 44
1694672579013 0.17823659038050846 45
1694672580466 0.17342119069432724 46
1694672581750 0.16932741964955367 47
1694672583564 0.16579933733059815 48
1694672585020 0.16278072759807186 49
1694672586318 0.1601676215356068 50
1694672587756 0.15791726492811312 51
1694672589841 0.15596140130697805 52
1694672591237 0.15426605746749933 53
1694672592622 0.15278746344757468 54
1694672594760 0.15149759672427623 55
1694672597057 0.1503693945593146 56
1694672598375 0.1493790889971414 57
1694672599585 0.14851091587986084 58
1694672600771 0.14774435201160233 59
1694672602123 0.14707116100528672 60
1694672603476 0.14647346331112612 61
1694672604871 0.14594791623891282 62
1694672606135 0.14547892126584788 63
1694672607315 0.1450661879125203 64
1694672608732 0.1446961716436937 65
1694672609997 0.1443703478446148 66
1694672611282 0.14407707338439804 67
1694672612654 0.14381869368296554 68
1694672614534 0.14358535344592335 69
1694672616024 0.14337964810510512 70
1694672617285 0.14319341577951722 71
1694672619223 0.14302907735645431 72
1694672621088 0.1428800784926732 73
1694672622623 0.1427483798776851 74
1694672623932 0.14262895217191326 75
1694672625382 0.14252310908835628 76
1694672626692 0.14242726492175875 77
1694672628124 0.1423419700341537 78
1694672629572 0.14226500158851285 79
1694672630948 0.14219608027960481 80
1694672632423 0.14213426620261785 81
1694672633899 0.14207841952279263 82
1694672635554 0.1420288047083154 83
1694672636736 0.14198341546366425 84
1694672637907 0.14194364406141805 85
1694672639176 0.1419066291388628 86
1694672640448 0.14187481675024594 87
1694672641520 0.1418445136737707 88
1694672642718 0.14181914871225335 89
1694672643905 0.14179422781118786 90
1694672645394 0.14177409479755962 91
1694672648428 0.14175349073147323 92
1694672650002 0.14173761024994358 93
1694672651771 0.14172046829991056 94
1694672653360 0.14170804972477258 95
1694672654895 0.14169368344591057 96
1694672656770 0.1416840875378207 97
1694672658348 0.14167194522051949 98
1694672659822 0.1416646544066061 99
1694672661271 0.14165429241383734 100
1694672662822 0.14164888708860815 101
1694672664376 0.14163994859256882 102
1694672665842 0.14163608816295298 103
1694672667727 0.1416282861431237 104
1694672669370 0.14162569382965384 105
1694672671578 0.14161879744882344 106
1694672673359 0.14161724807285708 107
1694672675058 0.14161107174067128 108
1694672676536 0.14161038189361153 109
1694672677920 0.14160477647491998 110
1694672680379 0.14160479659307293 111
1694672681869 0.1415996423323361 112
1694672683609 0.14160025029997825 113
1694672685117 0.14159545112160984 114
1694672686428 0.1415965471020571 115
1694672688105 0.14159202601591034 116
1694672689895 0.14159352827099161 117
1694672691252 0.14158922366674898 118
1694672692538 0.14159106517295153 119
1694672694142 0.1415869278303116 120
1694672695930 0.1415890535377939 121
1694672698620 0.14158504421359133 122
1694672700322 0.1415874088244616 123
1694672702864 0.14158349630513442 124
1694672705107 0.14158606247150204 125
1694672707662 0.14158222200111856 126
1694672709431 0.14158495886272512 127
1694672711084 0.14158117087423688 128
1694672712588 0.1415840528709653 129
1694672714087 0.1415803019623668 130
1694672715807 0.1415833078693712 131
1694672717561 0.14157958197769985 132
1694672718713 0.141582694120926 133
1694672719876 0.14157898385611017 134
1694672721421 0.1415821874740488 135
1694672722795 0.14157848558190864 136
1694672724513 0.14158176830595023 137
1694672725680 0.14157806923555194 138
1694672726988 0.14158142066656645 139
1694672728260 0.14157772022188297 140
1694672729366 0.14158113158491004 141
1694672730509 0.14157742664458542 142
1694672732191 0.14158089050695508 143
1694672733557 0.14157717879906634 144
1694672734846 0.1415806888400549 145
1694672735962 0.14157696876128037 146
1694672737137 0.14158051958365883 147
1694672738328 0.14157679005428755 148
1694672740071 0.14158037702994097 149
1694672741228 0.14157663737779472 150
1694672742422 0.1415802565210722 151
1694672743560 0.14157650638874056 152
1694672744934 0.141580154252386 153
1694672746109 0.14157639352325038 154
1694672747638 0.14158006711273563 155
1694672749377 0.1415762958521221 156
1694672751663 0.1415799925549927 157
1694672753334 0.1415762109634968 158
1694672755764 0.1415799284909727 159
1694672757744 0.14157613686756823 160
1694672759425 0.14157987320616103 161
1694672760930 0.14157607191916777 162
1694672762472 0.14157982529049248 163
1694672764498 0.1415760147548407 164
1694672766921 0.141579783582142 165
1694672769065 0.14157596424168004 166
1694672770599 0.14157974712186835 167
1694672772322 0.1415759194357024 168
1694672773724 0.141579715115915 169
1694672775302 0.1415758795479621 170
1694672776630 0.1415796869058535 171
1694672777915 0.14157584391695044 172
1694672779669 0.14157966194405486 173
1694672780915 0.14157581198609526 174
1694672782034 0.1415796397737309 175
1694672783309 0.14157578328540446 176
1694672784591 0.1415796200126834 177
1694672785764 0.1415757574164767 178
1694672787195 0.14157960234006325 179
1694672788817 0.14157573404024756 180
1694672790631 0.1415795864855741 181
1694672792120 0.1415757128669601 182
1694672793302 0.14157957222065942 183
1694672794493 0.14157569364794773 184
1694672795664 0.1415795593513068 185
1694672796898 0.14157567616888803 186
1694672798091 0.14157954771215878 187
1694672799366 0.14157566024425947 188
1694672800456 0.14157953716169455 189
1694672801735 0.1415756457127751 190
1694672803029 0.14157952757827777 191
1694672804197 0.14157563243361473 192
1694672805356 0.14157951885691128 193
1694672806584 0.14157562028331147 194
1694672807687 0.1415795109065682 195
1694672808809 0.1415756091531666 196
1694672809986 0.14157950364799182 197
1694672811176 0.141575598947106 198
1694672812231 0.1415794970118786 199
1694672813349 0.14157558957988944 200
1694672814666 0.1415794909373772 201
1694672816177 0.1415755809756174 202
1694672817308 0.1415794853708383 203
1694672818582 0.14157557306647447 204
1694672819728 0.14157948026477907 205
1694672820984 0.14157556579167802 206
1694672822406 0.1415794755770175 207
1694672823910 0.14157555909658276 208
1694672825093 0.14157947126994677 209
1694672826263 0.14157555293192792 210
1694672827363 0.14157946730992804 211
1694672828505 0.14157554725319205 212
1694672829644 0.14157946366677765 213
1694672830917 0.14157554202004421 214
1694672832159 0.141579460313333 215
1694672833513 0.14157553719587146 216
1694672834750 0.14157945722508603 217
1694672835905 0.14157553274737217 218
1694672837214 0.14157945437986744 219
1694672838366 0.14157552864420186 220
1694672839517 0.14157945175757888 221
1694672840693 0.14157552485866992 222
1694672841978 0.14157944933996233 223
1694672843395 0.14157552136546867 224
1694672844602 0.14157944711040077 225
1694672845814 0.1415755181414414 226
1694672846911 0.14157944505374376 227
1694672847971 0.14157551516537284 228
1694672848973 0.14157944315615847 229
1694672850376 0.14157551241780977 230
1694672851605 0.14157944140499806 231
1694672852739 0.14157550988089562 232
1694672853872 0.14157943978868384 233
1694672855109 0.14157550753822778 234
1694672856337 0.1415794382966058 235
1694672857553 0.14157550537472888 236
1694672858855 0.1415794369190306 237
1694672859978 0.14157550337652997 238
1694672861111 0.14157943564702247 239
1694672862459 0.14157550153086648 240
1694672863691 0.14157943447237037 241
1694672864908 0.14157549982598547 242
1694672866174 0.14157943338752463 243
1694672867485 0.1415754982510595 244
1694672868735 0.14157943238553958 245
1694672870041 0.14157549679611117 246
1694672871264 0.14157943146002158 247
1694672872415 0.14157549545194223 248
1694672873556 0.141579430605083 249
1694672874769 0.14157549421007082 250
1694672876211 0.14157942981529856 251
1694672877480 0.14157549306267309 252
1694672878767 0.141579429085669 253
1694672879953 0.1415754920025313 254
1694672881237 0.1415794284115839 255
1694672882483 0.14157549102298478 256
1694672883763 0.141579427788793 257
1694672884985 0.1415754901178859 258
1694672886249 0.14157942721337433 259
1694672887613 0.14157548928155989 260
1694672888814 0.14157942668170978 261
1694672890015 0.14157548850876817 262
1694672891447 0.14157942619046032 263
1694672892622 0.14157548779467277 264
1694672893744 0.1415794257365436 265
1694672894890 0.141575487134807 266
1694672896006 0.14157942531711495 267
1694672897219 0.1415754865250451 268
1694672898663 0.1415794249295476 269
1694672900048 0.14157548596157704 270
1694672901386 0.14157942457141567 271
1694672902631 0.1415754854408835 272
1694672904058 0.1415794242404794 273
1694672905637 0.14157548495971325 274
1694672907114 0.14157942393467032 275
1694672908457 0.14157548451506327 276
1694672909962 0.14157942365207776 277
1694672912380 0.1415754841041592 278
1694672916106 0.14157942339093674 279
1694672918140 0.14157548372443815 280
1694672920263 0.1415794231496173 281
1694672922230 0.14157548337353199 282
1694672924191 0.1415794229266135 283
1694672926174 0.1415754830492528 284
1694672928026 0.14157942272053423 285
1694672929903 0.14157548274957907 286
1694672931947 0.1415794225300935 287
1694672933877 0.14157548247264282 288
1694672935687 0.14157942235410387 289
1694672937222 0.14157548221671784 290
1694672938698 0.1415794221914682 291
1694672940041 0.14157548198020947 292
1694672941356 0.1415794220411726 293
1694672942753 0.14157548176164478 294
1694672944088 0.14157942190228082 295
1694672945429 0.1415754815596615 296
1694672946870 0.14157942177392638 297
1694672948166 0.14157548137300133 298
1694672949573 0.1415794216553101 299
1694672950919 0.1415754812005017 300
1694672952236 0.14157942154569303 301
1694672953600 0.1415754810410883 302
1694672954989 0.14157942144439198 303
1694672956634 0.1415754808937678 304
1694672957959 0.14157942135077606 305
1694672959394 0.14157548075762333 306
1694672960713 0.14157942126426187 307
1694672962150 0.1415754806318061 308
1694672963421 0.14157942118431066 309
1694672965368 0.1415754805155331 310
1694672967076 0.14157942111042476 311
1694672968983 0.14157548040808066 312
1694672970463 0.14157942104214366 313
1694672971835 0.1415754803087788 314
1694672973137 0.14157942097904214 315
1694672974559 0.14157548021700986 316
1694672975857 0.1415794209207279 317
1694672977373 0.14157548013220228 318
1694672978658 0.14157942086683695 319
1694672980141 0.14157548005382767 320
1694672981624 0.1415794208170338 321
1694672983080 0.14157547998139802 322
1694672984413 0.14157942077100846 323
1694672985735 0.1415754799144625 324
1694672987174 0.1415794207284745 325
1694672988443 0.14157547985260452 326
1694672989764 0.1415794206891672 327
1694672991169 0.14157547979543894 328
1694672992688 0.14157942065284163 329
1694672994160 0.1415754797426095 330
1694672995988 0.14157942061927115 331
1694672997839 0.14157547969378714 332
1694673000802 0.14157942058824738 333
1694673002776 0.14157547964866832 334
1694673005182 0.14157942055957684 335
1694673006542 0.14157547960697192 336
1694673007920 0.14157942053308112 337
1694673009177 0.14157547956843833 338
1694673010513 0.1415794205085952 339
1694673011833 0.14157547953282756 340
1694673013211 0.14157942048596645 341
1694673014536 0.1415754794999181 342
1694673015942 0.14157942046505434 343
1694673017306 0.14157547946950477 344
1694673018614 0.1415794204457282 345
1694673019904 0.14157547944139845 346
1694673021373 0.1415794204278683 347
1694673022776 0.14157547941542406 348
1694673024086 0.14157942041136315 349
1694673025476 0.14157547939142007 350
1694673026804 0.1415794203961099 351
1694673028303 0.14157547936923692 352
1694673029869 0.1415794203820139 353
1694673031261 0.14157547934873646 354
1694673032594 0.14157942036898716 355
1694673033857 0.14157547932979078 356
1694673035442 0.14157942035694826 357
1694673037849 0.14157547931228237 358
1694673039579 0.14157942034582258 359
1694673041099 0.14157547929610198 360
1694673042452 0.14157942033554088 361
1694673043900 0.14157547928114883 362
1694673045580 0.1415794203260391 363
1694673047426 0.14157547926732988 364
1694673048987 0.1415794203172579 365
1694673050231 0.14157547925455952 366
1694673051402 0.1415794203091431 367
1694673052502 0.1415754792427576 368
1694673053800 0.14157942030164342 369
1694673055458 0.14157547923185054 370
1694673056993 0.1415794202947126 371
1694673058396 0.14157547922177097 372
1694673059832 0.1415794202883077 373
1694673061433 0.14157547921245622 374
1694673062927 0.14157942028238876 375
1694673064381 0.141575479203848 376
1694673065841 0.1415794202769187 377
1694673067326 0.14157547919589267 378
1694673068831 0.1415794202718637 379
1694673070300 0.14157547918854096 380
1694673071868 0.14157942026719214 381
1694673073275 0.14157547918174657 382
1694673074737 0.14157942026287446 383
1694673076156 0.14157547917546742 384
1694673077948 0.1415794202588844 385
1694673079678 0.14157547916966473 386
1694673081288 0.14157942025519704 387
1694673082751 0.14157547916430196 388
1694673084253 0.1415794202517893 389
1694673085632 0.1415754791593463 390
1694673087298 0.1415794202486405 391
1694673088679 0.14157547915476662 392
1694673090162 0.1415794202457301 393
1694673091515 0.14157547915053392 394
1694673092936 0.14157942024304065 395
1694673094479 0.1415754791466225 396
1694673095967 0.14157942024055523 397
1694673097383 0.14157547914300803 398
1694673098870 0.1415794202382583 399
1694673100330 0.1415754791396675 400
1694673101671 0.14157942023613546 401
1694673103212 0.1415754791365803 402
1694673104571 0.14157942023417389 403
1694673105982 0.14157547913372734 404
1694673107600 0.14157942023236106 405
1694673109119 0.14157547913109092 406
1694673110604 0.14157942023068582 407
1694673112063 0.14157547912865434 408
1694673113934 0.14157942022913728 409
1694673115835 0.14157547912640245 410
1694673117869 0.14157942022770628 411
1694673119919 0.14157547912432158 412
1694673122285 0.14157942022638406 413
1694673124458 0.14157547912239846 414
1694673126577 0.14157942022516226 415
1694673128470 0.14157547912062146 416
1694673130504 0.14157942022403286 417
1694673132346 0.141575479118979 418
1694673134264 0.14157942022298933 419
1694673136172 0.1415754791174613 420
1694673138114 0.14157942022202483 421
1694673140099 0.1415754791160585 422
1694673141948 0.14157942022113357 423
1694673143837 0.14157547911476218 424
1694673145702 0.14157942022030984 425
1694673147624 0.14157547911356433 426
1694673149553 0.1415794202195487 427
1694673151514 0.1415754791124571 428
1694673153483 0.14157942021884498 429
1694673155352 0.14157547911143395 430
1694673157288 0.14157942021819492 431
1694673159204 0.14157547911048848 432
1694673161102 0.141579420217594 433
1694673163003 0.14157547910961463 434
1694673164850 0.1415794202170388 435
1694673166773 0.141575479108807 436
1694673168268 0.1415794202165255 437
1694673169987 0.14157547910806065 438
1694673171652 0.14157942021605138 439
1694673173186 0.14157547910737114 440
1694673175082 0.14157942021561318 441
1694673176386 0.141575479106734 442
1694673177920 0.14157942021520836 443
1694673179601 0.14157547910614485 444
1694673181085 0.14157942021483383 445
1694673182502 0.1415754791056005 446
1694673184023 0.1415794202144879 447
1694673185416 0.14157547910509746 448
1694673186718 0.14157942021416833 449
1694673188174 0.14157547910463233 450
1694673189616 0.1415794202138728 451
1694673191283 0.1415754791042029 452
1694673192688 0.14157942021359995 453
1694673194001 0.1415754791038059 454
1694673195451 0.14157942021334763 455
1694673196901 0.14157547910343898 456
1694673198362 0.1415794202131146 457
1694673199789 0.1415754791030998 458
1694673201635 0.14157942021289874 459
1694673204678 0.14157547910278628 460
1694673207609 0.1415794202126998 461
1694673210119 0.14157547910249668 462
1694673212805 0.14157942021251563 463
1694673215781 0.14157547910222898 464
1694673217666 0.14157942021234546 465
1694673219721 0.1415754791019815 466
1694673223012 0.14157942021218817 467
1694673225759 0.14157547910175286 468
1694673228195 0.14157942021204303 469
1694673230977 0.14157547910154183 470
1694673233165 0.14157942021190878 471
1694673236139 0.14157547910134632 472
1694673239294 0.14157942021178474 473
1694673242368 0.1415754791011662 474
1694673245655 0.14157942021167008 475
1694673248962 0.1415754791009994 476
1694673254553 0.141579420211564 477
1694673259057 0.14157547910084536 478
1694673262540 0.14157942021146652 479
1694673266922 0.14157547910070342 480
1694673269231 0.14157942021137632 481
1694673271068 0.1415754791005718 482
1694673272979 0.14157942021129266 483
1694673275074 0.14157547910045007 484
1694673276956 0.14157942021121533 485
1694673279712 0.14157547910033774 486
1694673281543 0.14157942021114364 487
1694673283940 0.14157547910023366 488
1694673286674 0.14157942021107753 489
1694673288303 0.14157547910013774 490
1694673289957 0.14157942021101663 491
1694673292965 0.14157547910004914 492
1694673294957 0.14157942021096048 493
1694673296333 0.14157547909996718 494
1694673298646 0.1415794202109083 495
1694673300159 0.1415754790998914 496
1694673301327 0.14157942021086023 497
1694673302625 0.14157547909982132 498
1694673304082 0.14157942021081552 499
