1694713532245 48.8444592244112 0
1694713534378 12.899082031296027 1
1694713536403 11.175710238037373 2
1694713538496 5.282101531492933 3
1694713540638 3.8954816603778806 4
1694713542691 2.4746945980845307 5
1694713544929 3.033113868918482 6
1694713547148 1.062723873376796 7
1694713549366 0.8342860817167906 8
1694713551689 0.37357940395122197 9
1694713553973 0.4889105885951221 10
1694713556575 0.7034113823261362 11
1694713558422 0.1472883382853652 12
1694713560624 0.25245151986796266 13
1694713562851 0.25671146586472915 14
1694713565196 0.07182542780237755 15
1694713567421 0.1717527517162699 16
1694713569580 0.25621881526993856 17
1694713571708 0.23191695595536072 18
1694713573953 0.10307854307683978 19
1694713576253 0.32291744755870505 20
1694713578340 0.1714270810135577 21
1694713580445 0.114075368103899 22
1694713582552 0.23013133566839608 23
1694713584650 0.025624276456743804 24
1694713586842 0.03651489990175554 25
1694713588921 0.3753251879294657 26
1694713591119 0.1018073116798676 27
1694713593203 0.11929999759380583 28
1694713595366 0.23208467174706898 29
1694713597487 0.06913349476221464 30
1694713599723 0.08577862781483951 31
1694713602203 0.05908713922857561 32
1694713604337 0.09823228523296035 33
1694713606662 0.1637017156421785 34
1694713609021 0.025627418958823214 35
1694713611391 0.13296826721290367 36
1694713613947 0.11618297698989521 37
1694713616373 0.1791883139219491 38
1694713618273 0.03185825567752584 39
1694713620398 0.09324235883978274 40
1694713622747 0.17243351208736324 41
1694713625120 0.3657033708620634 42
1694713627289 0.07644205815623396 43
1694713629438 0.06883730786623253 44
1694713631649 0.053795227729779266 45
1694713633738 0.07944806015697903 46
1694713635866 0.19681608436466616 47
1694713637907 0.10888369159063055 48
1694713640174 0.02161139860206481 49
1694713642262 0.0701345887083463 50
1694713644561 0.2349676426932155 51
1694713646792 0.2043146593992871 52
1694713648978 0.2757540212996893 53
1694713651178 0.06348458958877684 54
1694713653284 0.033920605870910024 55
1694713655582 0.11422469106495384 56
1694713657680 0.6462822377153468 57
1694713659911 0.17039278446193296 58
1694713662040 0.08534666506125052 59
1694713664188 0.03269237099012033 60
1694713666428 0.16630591511508255 61
1694713668558 0.2015616686557892 62
1694713670798 0.18229182167963484 63
1694713673085 0.1593851192932616 64
1694713675512 0.04286091593962048 65
1694713677615 0.08146923004644055 66
1694713679584 0.09835356879986673 67
1694713681640 0.12816866073634295 68
1694713684298 0.07107948417490279 69
1694713686467 0.15336656013257255 70
1694713688739 0.18993089147339054 71
1694713690982 0.06546461239711877 72
1694713693045 0.1612519462484402 73
1694713695198 0.09834460978394156 74
1694713697242 0.08529775639836013 75
1694713699364 0.15248567938224972 76
1694713701392 0.2286183440268761 77
1694713703476 0.047406991606757466 78
1694713705560 0.29180943670292925 79
1694713707750 0.10859424792818882 80
1694713709927 0.038445708693417166 81
1694713712059 0.2989538267087182 82
1694713714185 0.06682068678626692 83
1694713716664 0.18856912929987038 84
1694713719047 0.20155392998319016 85
1694713721086 0.07868042958282206 86
1694713723181 0.04026253226007962 87
1694713725215 0.05152058314605401 88
1694713727414 0.24946363630803456 89
1694713729567 0.025146572723222987 90
1694713731819 0.08173485189337859 91
1694713734090 0.10651234836541386 92
1694713736505 0.11360540164210134 93
1694713738602 0.17057642672357187 94
1694713740456 0.14465336440030352 95
1694713742697 0.032327216931496906 96
1694713745010 0.31215726838548113 97
1694713747284 0.2556238626126892 98
1694713749332 0.10739481436734384 99
