1694447226217 -239.32384704812614 0
1694447227288 -193.4832011498777 1
1694447228502 -157.1891675297129 2
1694447229568 -128.37578887338145 3
1694447230905 -105.4348695342621 4
1694447231610 -87.11306885000164 5
1694447232279 -72.43234690355966 6
1694447233026 -60.62842684115553 7
1694447233807 -51.10316423617455 8
1694447234795 -43.387656879247054 9
1694447236153 -37.1136537150371 10
1694447237169 -31.991379928013842 11
1694447238631 -27.79232509821948 12
1694447239656 -24.33587257977588 13
1694447241303 -21.478903573542176 14
1694447242506 -19.1077062591475 15
1694447244689 -17.131672257821755 16
1694447245791 -15.478379946483155 17
1694447247179 -14.089754681619295 18
1694447248183 -12.919065933937596 19
1694447249229 -11.92857539010777 20
1694447250258 -11.087691873217274 21
1694447251165 -10.371521263981071 22
1694447251949 -9.75972462527924 23
1694447252852 -9.235617105340761 24
1694447253691 -8.78545520229216 25
1694447255674 -8.397871604730527 26
1694447256983 -8.063425843807662 27
1694447258129 -7.774245992441529 28
1694447259181 -7.523742082928102 29
1694447260118 -7.306376138076429 30
1694447260967 -7.117476995742743 31
1694447261787 -6.953090663260446 32
1694447262626 -6.809858930009146 33
1694447263535 -6.6849205196321915 34
1694447264381 -6.575830276088578 35
1694447265706 -6.480492825664417 36
1694447266820 -6.397107899071335 37
1694447267739 -6.324125079429912 38
1694447269022 -6.260206198666969 39
1694447270672 -6.204193964125201 40
1694447271741 -6.155085680343563 41
1694447273031 -6.112011154617051 42
1694447274389 -6.074214052001348 43
1694447276011 -6.041036105950203 44
1694447277093 -6.011903702601009 45
1694447278091 -5.986316445974665 46
1694447279063 -5.963837382807507 47
1694447279914 -5.944084623122743 48
1694447280765 -5.926724138903405 49
1694447281960 -5.911463560642954 50
1694447282883 -5.898046821927678 51
1694447283886 -5.886249526964553 52
1694447285279 -5.87587493622968 53
1694447286427 -5.8667504820593726 54
1694447287367 -5.858724739738837 55
1694447288406 -5.851664791018713 56
1694447289327 -5.845453926450519 57
1694447290310 -5.83998964083095 58
1694447291086 -5.83518188266679 59
1694447291979 -5.830951524143196 60
1694447293017 -5.827229022782779 61
1694447294055 -5.823953249969302 62
1694447294850 -5.821070464899193 63
1694447295680 -5.818533415414134 64
1694447296437 -5.816300549640095 65
1694447297300 -5.814335324478123 66
1694447298433 -5.812605598814884 67
1694447299420 -5.811083100891534 68
1694447300546 -5.809742960625887 69
1694447301713 -5.808563298856533 70
1694447302685 -5.80752486649465 71
1694447303571 -5.806610727452607 72
1694447304318 -5.805805979986163 73
1694447305125 -5.805097511755742 74
1694447306102 -5.80447378449465 75
1694447306901 -5.803924644680839 76
1694447307688 -5.803441157052507 77
1694447308752 -5.803015458196231 78
1694447309849 -5.802640627775639 79
1694447310956 -5.802310575265958 80
1694447312070 -5.802019940320034 81
1694447313052 -5.801764005119612 82
1694447314095 -5.801538617265638 83
1694447315019 -5.801340121936821 84
1694447315898 -5.801165302199755 85
1694447316742 -5.8010113264888306 86
1694447317411 -5.800875702393063 87
1694447318051 -5.8007562359911065 88
1694447318797 -5.800650996067213 89
1694447319449 -5.800558282621401 90
1694447320086 -5.800476599157865 91
1694447320699 -5.800404628297702 92
