1694704665974 168.8166463418102 0
1694704667606 168.47995082268034 1
1694704669042 168.1439946998357 2
1694704670685 167.80877628193682 3
1694704672275 167.47429388160225 4
1694704674208 167.1405458153992 5
1694704675907 166.80753040383422 6
1694704677743 166.4752459713437 7
1694704679512 166.14369084628467 8
1694704681462 165.8128633609256 9
1694704683966 165.48276185143698 10
1694704685889 165.15338465788213 11
1694704687762 164.824730124208 12
1694704689680 164.496796598236 13
1694704691549 164.16958243165266 14
1694704693228 163.84308598000078 15
1694704695015 163.51730560266998 16
1694704696399 163.19223966288777 17
1694704697874 162.86788652771037 18
1694704699527 162.54424456801374 19
1694704700915 162.22131215848444 20
1694704702398 161.89908767761065 21
1694704704147 161.57756950767316 22
1694704705526 161.25675603473636 23
1694704707069 160.93664564863937 24
1694704708595 160.617236742987 25
1694704710339 160.2985277151408 26
1694704712112 159.98051696621036 27
1694704714028 159.66320290104417 28
1694704716452 159.34658392822107 29
1694704719128 159.03065846004102 30
1694704720644 158.7154249125168 31
1694704722227 158.40088170536464 32
1694704723733 158.08702726199593 33
1694704725178 157.77386000950818 34
1694704726477 157.46137837867659 35
1694704728259 157.1495808039449 36
1694704729914 156.83846572341704 37
1694704731030 156.52803157884847 38
1694704732671 156.21827681563732 39
1694704734180 155.90919988281595 40
1694704735818 155.60079923304227 41
1694704737185 155.2930733225911 42
1694704738585 154.9860206113458 43
1694704740120 154.67963956278945 44
1694704742264 154.37392864399663 45
1694704743929 154.06888632562467 46
1694704745962 153.76451108190523 47
1694704747503 153.460801390636 48
1694704748868 153.157755733172 49
1694704750498 152.85537259441736 50
1694704752220 152.55365046281688 51
1694704754139 152.25258783034744 52
1694704756315 151.95218319251006 53
1694704758297 151.6524350483211 54
1694704760520 151.35334190030432 55
1694704762896 151.05490225448224 56
1694704764989 150.75711462036816 57
1694704766633 150.45997751095777 58
1694704768467 150.16348944272073 59
1694704770170 149.86764893559277 60
1694704772284 149.5724545129674 61
1694704773887 149.27790470168745 62
1694704775419 148.98399803203728 63
1694704776829 148.6907330377344 64
1694704778471 148.39810825592147 65
1694704779880 148.10612222715807 66
1694704781515 147.81477349541277 67
1694704783450 147.5240606080549 68
1694704785204 147.23398211584663 69
1694704787270 146.94453657293482 70
1694704789442 146.6557225368432 71
1694704791719 146.36753856846417 72
1694704793592 146.07998323205086 73
1694704795552 145.79305509520938 74
1694704797423 145.50675272889063 75
1694704798992 145.22107470738257 76
1694704800852 144.9360196083022 77
1694704802591 144.65158601258767 78
1694704804289 144.3677725044907 79
1694704805775 144.0845776715682 80
1694704806909 143.80200010467513 81
1694704808323 143.52003839795606 82
1694704809825 143.23869114883775 83
1694704811259 142.95795695802138 84
1694704812680 142.67783442947464 85
1694704814166 142.3983221704241 86
1694704815934 142.11941879134756 87
1694704817687 141.8411229059661 88
1694704819547 141.56343313123682 89
1694704821407 141.28634808734478 90
1694704823575 141.00986639769562 91
1694704825485 140.73398668890786 92
1694704827249 140.45870759080532 93
1694704828949 140.18402773640943 94
1694704830689 139.9099457619318 95
1694704832436 139.63646030676668 96
1694704834540 139.36357001348333 97
1694704835923 139.09127352781857 98
1694704837290 138.81956949866927 99
