1694717152106 60.67996577922944 0
1694717154663 18.42851448467243 1
1694717158079 5.5631260096166075 2
1694717159943 1.3663857874057852 3
1694717162478 0.6178983602361663 4
1694717164874 0.35643383894324576 5
1694717167318 0.18957734266371545 6
1694717170216 0.17857825087907456 7
1694717172423 0.10065058637120154 8
1694717175311 0.36047629593145236 9
1694717178308 0.16982352754077557 10
1694717181046 0.11207731381610604 11
1694717183475 0.10406222315179366 12
1694717186177 0.09870474458236984 13
1694717188243 0.3590380213076867 14
1694717190622 0.1904523744037514 15
1694717192687 0.09131953135597552 16
1694717195211 0.03711141426006336 17
1694717197349 0.2122075810886912 18
1694717199712 0.05475031453289584 19
1694717202450 0.15111137926174142 20
1694717204750 0.13068807188597933 21
1694717206843 0.2989312836960555 22
1694717208746 0.1129371070611331 23
1694717210872 0.14262388422149283 24
1694717212672 0.13337717648327907 25
1694717214838 0.17809599752388627 26
1694717216935 0.0970509809337992 27
1694717219127 0.1111406609173432 28
1694717221127 0.05645430884794074 29
1694717225485 0.0712068249319247 30
1694717227988 0.08846888854414517 31
1694717230134 0.12100401357494195 32
1694717232069 0.10454702919433781 33
1694717234569 0.16774239164900678 34
1694717237124 0.13794051129861143 35
1694717239212 0.06217431471297744 36
1694717241049 0.23805967324072488 37
1694717242953 0.09036012882890603 38
1694717244774 0.1588255676999995 39
1694717247014 0.2100635638845058 40
1694717249856 0.09705800218372984 41
1694717252990 0.039966390425301965 42
1694717256057 0.11722934742644912 43
1694717258767 0.17059269256453416 44
1694717261085 0.21628335867039272 45
1694717263717 0.14966615304402853 46
1694717266612 0.15317233892748777 47
1694717269125 0.17152968499057047 48
1694717271566 0.10443896188436867 49
1694717274014 0.19742461478975012 50
1694717276404 0.040380378937243236 51
1694717278638 0.10850961674051196 52
1694717280844 0.10560468440190966 53
1694717283974 0.07065098477627225 54
1694717285689 0.2569864187452146 55
1694717288005 0.16094782157434306 56
1694717290289 0.29754914471461447 57
1694717293127 0.04254558467159943 58
1694717295903 0.05529965145513925 59
1694717298691 0.13953126822553907 60
1694717300775 0.09945562464740085 61
1694717303104 0.13110033179634337 62
1694717305072 0.13783218439418607 63
1694717307851 0.05457198126813366 64
1694717310685 0.07145817975875328 65
1694717313407 0.18225519831886353 66
1694717315756 0.13965850741837518 67
1694717318522 0.058273680134040697 68
1694717320367 0.14246492460698096 69
1694717322732 0.1205463776891198 70
1694717325091 0.2551048446567988 71
1694717327677 0.10701488882055236 72
1694717329766 0.0992459959252025 73
1694717332204 0.09787920654690833 74
1694717334296 0.25388456064397935 75
1694717336834 0.10591357977697273 76
1694717339781 0.09616583677173955 77
1694717343340 0.23018975270079686 78
1694717346026 0.19124434864038978 79
1694717348421 0.10136701611195313 80
1694717350800 0.05678758352043069 81
1694717353294 0.07297549782516977 82
1694717355832 0.128875595906482 83
1694717358340 0.04593722181965634 84
1694717360529 0.14415761458863482 85
1694717363174 0.1696010698330696 86
1694717365409 0.27396436060340834 87
1694717367826 0.0658875795684835 88
1694717370380 0.06842380331135946 89
1694717372604 0.1859421851731256 90
1694717374963 0.15666438919261963 91
1694717377291 0.06520615492086215 92
1694717379682 0.24004260215208753 93
1694717381861 0.1552020175416863 94
1694717383908 0.17520997397873478 95
1694717386150 0.05241276147628151 96
1694717388359 0.14790655142742107 97
1694717390713 0.10563447148718304 98
1694717392800 0.0878985028854341 99
