1694516484758 169.64084248330965 0
1694516485699 137.2826479650575 1
1694516486645 111.66325764625422 2
1694516487573 91.32434459168812 3
1694516488483 75.13070866320486 4
1694516489543 62.197636302446554 5
1694516490584 51.83474443862371 6
1694516491509 43.50254200183898 7
1694516492334 36.77880820250383 8
1694516493140 31.332552309499395 9
1694516494098 26.90383166611526 10
1694516495084 23.288098765140237 11
1694516496065 20.324051677390027 12
1694516497100 17.884195939249704 13
1694516497993 15.86750623026242 14
1694516498936 14.193715156056117 15
1694516499817 12.798863680108182 16
1694516500847 11.631830512107618 17
1694516501842 10.651621670086453 18
1694516502767 9.82525080476536 19
1694516503747 9.126079031381611 20
1694516504698 8.532512516914714 21
1694516505642 8.026978892162589 22
1694516506571 7.595121219723398 23
1694516507463 7.225161923855449 24
1694516508360 6.907399681676619 25
1694516509326 6.633810485969789 26
1694516510210 6.397730457521492 27
1694516511247 6.193602926202783 28
1694516512113 6.016776136946573 29
1694516513171 5.86334091832495 30
1694516514070 5.72999997008587 31
1694516514987 5.613962230687275 32
1694516515926 5.512857191809344 33
1694516516857 5.4246651232518355 34
1694516517760 5.347660027632913 35
1694516518631 5.280362813441238 36
1694516519521 5.221502698760955 37
1694516520501 5.169985268581424 38
1694516521558 5.124865931002557 39
1694516522477 5.085327771249583 40
1694516523380 5.050663002289066 41
1694516524376 5.020257368709342 42
1694516525384 4.993576985510116 43
1694516526308 4.97015719263848 44
1694516527222 4.9495930850460645 45
1694516528286 4.931531441042587 46
1694516529281 4.915663822157688 47
1694516530314 4.901720658233458 48
1694516531347 4.889466164120368 49
1694516532316 4.878693960759429 50
1694516533364 4.869223294876729 51
1694516534430 4.86089576899384 52
1694516535423 4.853572507759881 53
1694516536364 4.847131698361798 54
1694516537404 4.841466452463262 55
1694516538259 4.836482945152266 56
1694516539178 4.83209879305567 57
1694516540119 4.8282416393547 58
1694516541116 4.82484791810963 59
1694516542073 4.821861774234341 60
1694516542962 4.819234118782403 61
1694516543920 4.8169218020203015 62
1694516544967 4.814886889155855 63
1694516545873 4.813096025630018 64
1694516546767 4.811519880625214 65
1694516547706 4.810132658939804 66
1694516548624 4.808911672664905 67
1694516549545 4.807836965208409 68
1694516550395 4.806890981168529 69
1694516551406 4.80605827638764 70
1694516552242 4.805325263235197 71
1694516553088 4.804679986791999 72
1694516554014 4.804111928150001 73
1694516554949 4.80361183151391 74
1694516555905 4.803171552201844 75
1694516556981 4.802783923001495 76
1694516557869 4.8024426366513975 77
1694516558877 4.802142142491089 78
1694516559815 4.801877555563413 79
1694516560790 4.80164457666226 80
1694516561769 4.801439422002466 81
1694516562651 4.80125876134996 82
1694516563608 4.801099663591233 83
1694516564689 4.80095954884514 84
1694516565694 4.800836146328732 85
1694516566620 4.800727457284153 86
1694516567534 4.800631722357512 87
1694516568463 4.80054739289406 88
1694516569387 4.800473105678823 89
1694516570246 4.800407660708422 90
1694516571242 4.800350001629885 91
1694516572175 4.800299198526063 92
