1694745749087 0.28041273761269 0
1694745750671 0.020454696126729528 1
1694745752208 0.12200962624865304 2
1694745753784 0.1752709580573518 3
1694745755442 0.1287655882049676 4
1694745757050 0.11630117866543666 5
1694745758721 0.00027307184144895815 6
1694745760448 0.11487453138636397 7
1694745762085 0.3030106954356342 8
1694745764135 11.792662726695696 9
1694745765960 0.0020683232848048116 10
1694745768054 0.06335807710947661 11
1694745770492 0.03799472851579432 12
1694745772444 0.0010500923168023973 13
1694745774237 0.020702433468027033 14
1694745775855 0.09484658483486731 15
1694745777355 0.04130265757384743 16
1694745779003 0.7436219559384135 17
1694745780718 0.015480895226886822 18
1694745782113 0.01243898595870463 19
1694745783717 0.023884123007566108 20
1694745785544 1.2666985167908875 21
1694745787218 0.026053735350182006 22
1694745788933 0.09792564460238398 23
1694745790584 0.0022242760772614198 24
1694745792339 0.018762759683067808 25
1694745793871 0.00020020991602256668 26
1694745795312 0.20440004616841673 27
1694745796803 0.05695916950573351 28
1694745798445 0.08997354992060734 29
1694745800040 4.10260416974938e-05 30
1694745801629 0.1604852122195168 31
1694745803377 0.016446527354288466 32
1694745805058 0.11321993369450482 33
1694745806674 0.5838139682795493 34
1694745808156 0.18285768103120076 35
1694745809575 0.004517375079808829 36
1694745810890 0.05572102733906041 37
1694745812541 0.0627191045618923 38
1694745814187 0.008431998115929982 39
1694745815787 0.10993247531379155 40
1694745817333 2.5051598838245828 41
1694745818952 0.02476794246579072 42
1694745820522 0.05355314530241332 43
1694745822111 0.042995503665063196 44
1694745823745 0.10292400940901712 45
1694745825138 0.0005784234103874009 46
1694745826569 0.07819986021756811 47
1694745828309 0.0469433065004135 48
1694745829844 0.16525164825165448 49
1694745831406 0.07422617294408589 50
1694745832908 0.0014732495141056854 51
1694745834461 0.0005755683688170805 52
1694745836054 0.05717940672516536 53
1694745837673 0.07516366538694873 54
1694745839284 1.9612858359212841 55
1694745840934 0.02565299639198899 56
1694745842537 0.024741482260630485 57
1694745844201 0.021031442831942835 58
1694745845751 0.1252393382016599 59
1694745847267 0.038900682100143906 60
1694745848812 0.00788488034800805 61
1694745850514 0.053484964587737625 62
1694745852193 0.1539214168849475 63
1694745854124 0.05693006992590786 64
1694745855968 0.3150101224209571 65
1694745857771 0.0683271935934589 66
1694745859505 0.22303051450493644 67
1694745861203 0.6320405460348744 68
1694745862885 0.010066512541311088 69
1694745864672 0.2347606948858975 70
1694745866337 0.0018883851411356024 71
1694745868085 0.09369539207282503 72
1694745869814 0.03158475695667188 73
1694745871700 0.0005926062591421877 74
1694745873369 0.050719344470654924 75
1694745875084 0.08356320229567035 76
1694745876643 0.01237942746433274 77
1694745878318 1.5755478742926208 78
1694745879968 0.6853563892963115 79
1694745881621 0.2713598854888383 80
1694745883348 36.8076274742037 81
1694745884984 0.06517628686968065 82
1694745886649 0.0026098083122837387 83
1694745888283 0.008209287187018237 84
1694745890017 0.11922969500812636 85
1694745891605 0.03162615999468692 86
1694745893214 0.002676527077177433 87
1694745894844 0.14493285402971784 88
1694745896454 0.15988325873844125 89
1694745898054 0.12872856659356205 90
1694745899762 0.9491617353698663 91
1694745902005 5.417143374584721 92
1694745903888 0.0028547920451385163 93
1694745905788 0.052209640696461904 94
1694745907479 0.05719373921263899 95
1694745908976 0.29741318002376216 96
1694745910467 0.06399258417403432 97
1694745912077 0.8079489502622731 98
1694745913712 0.013994333824414987 99
