1694737570555 24.84444260978972 0
1694737573318 3.7620324513038716 1
1694737575525 2.469047118423101e-07 2
1694737578040 0.4334876107266024 3
1694737580154 0.019490834807245304 4
1694737582581 0.06824981812823624 5
1694737584809 6.916326367342808 6
1694737587020 0.09047943566540367 7
1694737589399 23.388668701243777 8
1694737591432 3325715.4524080157 9
1694737593915 2.2514723355625437 10
1694737596268 0.04748133946802472 11
1694737598541 0.01089070060247695 12
1694737600863 9.972147754008788 13
1694737602985 1.6520553821356792 14
1694737605482 77.39341883073838 15
1694737607583 102.91041552407647 16
1694737610084 78.18638986018378 17
1694737612444 0.30207327269172357 18
1694737614729 3.124403841751755 19
1694737617318 10.945303812571252 20
1694737619372 0.04480013216601092 21
1694737621870 0.06357524247917515 22
1694737624157 0.07190421484635148 23
1694737626717 0.24489501545914244 24
1694737629535 42.831160149912485 25
1694737631902 0.3517756532682928 26
1694737634555 0.027808947894091086 27
1694737637152 0.12272618196661379 28
1694737639596 1.1640027281781764 29
1694737642528 1.8009529793625758 30
1694737645295 0.8018911998772741 31
1694737647754 1.027548141322007 32
1694737650315 0.18273537437503012 33
1694737653096 0.0025423389199691593 34
1694737655822 0.10582496608184955 35
1694737658712 0.00041771254340822287 36
1694737661974 1.4412505628303416 37
1694737664291 36.629636813912335 38
1694737666711 0.32940863770331347 39
1694737669226 0.19458627393382774 40
1694737671518 0.37835317029933746 41
1694737673905 1.396556084794164 42
1694737676399 227.60676079234582 43
1694737678726 0.9774528104316402 44
1694737681218 165.9324270598746 45
1694737683326 0.01848257826387961 46
1694737685933 0.36032648991205923 47
1694737688119 1.7026700385876383 48
1694737690353 1.0831219145721815 49
1694737692648 0.003990956749310894 50
1694737695003 1.281631678996046 51
1694737697413 8.642185920692357 52
1694737699893 0.17390362968156675 53
1694737702305 4.6531650354460155 54
1694737704716 0.06180192115313481 55
1694737706864 0.07498813909443564 56
1694737709202 8.251927364624134 57
1694737711463 15.0940228617711 58
1694737713768 1.0147528535092516 59
1694737716023 0.0011073022354377955 60
1694737718377 0.47233180119568685 61
1694737720839 0.14860698470049089 62
1694737723054 1.4728535135235767 63
1694737725388 0.018680986032924188 64
1694737727456 0.007305825887229133 65
1694737729704 4.822132675783893e-05 66
1694737732170 0.016701771330501578 67
1694737734544 0.2539110083684258 68
1694737737005 13.0104323445627 69
1694737739183 0.3691065187699888 70
1694737741644 1.186719612251548 71
1694737743825 0.26955821824729637 72
1694737746341 5.351087361274373 73
1694737748557 5.712856477099664 74
1694737750814 2.8769473255354527 75
1694737753324 0.2956524259082265 76
1694737755679 29.81324187346986 77
1694737758206 10.530451412332539 78
1694737760695 0.09956143050617274 79
1694737763045 2.900833566842324 80
1694737765678 0.0011785371300095137 81
1694737767776 0.0011908784210456218 82
1694737770085 0.4845923706013994 83
1694737772337 1.2125366485413889 84
1694737774715 0.1013863037613975 85
1694737777125 7.681549657522339 86
1694737780385 4.6638870409275315 87
1694737782790 0.00019563449220840736 88
1694737787073 0.06811554521043925 89
1694737790923 15.968042131296325 90
1694737793726 0.10782973940399947 91
1694737796114 0.0065333792385451105 92
1694737798494 0.09285125252134614 93
1694737800883 3.1221447545291237 94
1694737805662 7.203557224900816e-05 95
1694737808594 0.028552106875417708 96
1694737811067 0.11195684460174261 97
1694737813538 0.13291653097664896 98
1694737815672 10.497110954714422 99
