1694446280290 -239.32384704812617 0
1694446280840 -193.4832011498777 1
1694446281416 -156.76922940296546 2
1694446282018 -127.18952782344934 3
1694446282555 -103.33695547192974 4
1694446283103 -84.08485383077685 5
1694446283663 -68.52979502191181 6
1694446284371 -55.948290891165705 7
1694446284957 -45.759880073120804 8
1694446285581 -37.49806705778894 9
1694446286138 -30.790092272532117 10
1694446286934 -25.335282275987204 11
1694446287793 -20.891632246288047 12
1694446288507 -17.266558060170293 13
1694446289201 -14.303375350089016 14
1694446289904 -11.876429110912053 15
1694446290536 -9.883746945522448 16
1694446291118 -8.245208274008455 17
1694446291767 -6.894209459022294 18
1694446292369 -5.777528698063286 19
1694446292940 -4.851443050850768 20
1694446293525 -4.082518353556126 21
1694446294151 -3.4418199804002407 22
1694446294920 -2.9058380021257935 23
1694446295614 -2.4571226866977325 24
1694446296272 -2.0799331978412554 25
1694446296997 -1.7618987210907844 26
1694446297710 -1.49235631747647 27
1694446298537 -1.264165592901342 28
1694446299464 -1.0699992399075726 29
1694446300406 -0.9037914700909127 30
1694446301205 -0.761919459482141 31
1694446302199 -0.6401355947996645 32
1694446303068 -0.5348517265518071 33
1694446303911 -0.44432693264822976 34
1694446305370 -0.36599507731894176 35
1694446306599 -0.29762194433167966 36
1694446307366 -0.2384921222285603 37
1694446308169 -0.18697207437331875 38
1694446309024 -0.14157928102703443 39
1694446309722 -0.10217155634052477 40
1694446310652 -0.06732397359099851 41
1694446311890 -0.036948507050588164 42
1694446312716 -0.010259709326652322 43
1694446313559 0.013573069398549631 44
1694446314353 0.034338998460164194 45
1694446315053 0.052922927455159696 46
1694446315778 0.06916637735199993 47
1694446316560 0.08350344390216202 48
1694446317254 0.09649522071375605 49
1694446318288 0.10777955326649846 50
1694446319048 0.11801373922662961 51
1694446319637 0.12692635327687296 52
1694446320188 0.1350143262527863 53
1694446320771 0.14207352940022477 54
1694446321399 0.14829968768180424 55
1694446322087 0.15408517299611146 56
1694446322716 0.15903313906455752 57
1694446323222 0.16362766672590012 58
1694446323912 0.16756702494032427 59
1694446324504 0.1712227445495208 60
1694446325210 0.17436335099563516 61
1694446325950 0.17710413111540013 62
1694446326687 0.1797799954171695 63
1694446327406 0.181969767097657 64
1694446328333 0.1841023500860851 65
1694446329226 0.18585355391834357 66
1694446330255 0.18755584992353236 67
1694446331400 0.18895700501811918 68
1694446332738 0.19014509180526795 69
1694446336115 0.19143536429980457 70
1694446341679 0.19238818309658012 71
1694446343197 0.1934174193795446 72
1694446344014 0.1941819284449875 73
1694446345068 0.19500469490849426 74
1694446345874 0.19561794700572654 75
1694446346698 0.19627676369677494 76
1694446347594 0.1967683014572904 77
1694446348340 0.19713992560474936 78
1694446349155 0.1976845592564167 79
1694446349994 0.19798476703966983 80
1694446350755 0.19841916259966375 81
1694446351538 0.1986615318760684 82
1694446352371 0.1990093320753239 83
1694446355334 0.19920454672096954 84
1694446356128 0.19948386626657488 85
1694446356886 0.19964054820943478 86
1694446357704 0.199711753627151 87
1694446358365 0.19998463320650162 88
1694446358919 0.20004427598797003 89
1694446359481 0.20026147855719234 90
1694446360031 0.20031111287318992 91
1694446360562 0.200485253468775 92
1694446361046 0.20052599541339777 93
1694446361539 0.2006664236006016 94
1694446362045 0.20069926360935042 95
