1694706928841 169.23028856046895 0
1694706930831 167.78633658167672 1
1694706932598 165.08733568278564 2
1694706934243 161.3383122940057 3
1694706936026 156.74933925712534 4
1694706937996 151.52646568076656 5
1694706939543 145.86458864714112 6
1694706941159 139.9421458350987 7
1694706942699 133.9174666627672 8
1694706944513 127.92659147603463 9
1694706946260 122.08235219596074 10
1694706947748 116.47450208321305 11
1694706949432 111.17068518572555 12
1694706950979 106.21804590352126 13
1694706952576 101.64529428603342 14
1694706954219 97.46506163496124 15
1694706955834 93.67640232837665 16
1694706957681 90.26732028891419 17
1694706959481 87.21722115432502 18
1694706961794 84.49921312491101 19
1694706963520 82.08219999666667 20
1694706964974 79.9327285534605 21
1694706966775 78.01656895861136 22
1694706968443 76.30002087037381 23
1694706970333 74.75094964422085 24
1694706972299 73.33956621625507 25
1694706973990 72.03897120663997 26
1694706975729 70.82548862112468 27
1694706977347 69.6788174872014 28
1694706978704 68.58203109054013 29
1694706979978 67.52145344079175 30
1694706981388 66.48644145759341 31
1694706982825 65.46909938202502 32
1694706984507 64.46394932304874 33
1694706986275 63.46757885709642 34
1694706987964 62.4782834000791 35
1694706989733 61.49571782448033 36
1694706991607 60.520568630801485 37
1694706993093 59.55425500515169 38
1694706994760 58.59866437925797 39
1694706996615 57.655925707238154 40
1694706998558 56.728221615089325 41
1694707000605 55.81763887531544 42
1694707002391 54.92605530626502 43
1694707003961 54.055060177016884 44
1694707005766 53.20590448809652 45
1694707007606 52.37947706337084 46
1694707009189 51.57630219247183 47
1694707010652 50.79655456740083 48
1694707012321 50.040087422792745 49
1694707013941 49.30647007925457 50
1694707015441 48.595031468318254 51
1694707016916 47.90490665428074 52
1694707018183 47.23508383484926 53
1694707019541 46.58444977555786 54
1694707021130 45.95183209313172 55
1694707022579 45.33603723528759 56
1694707024032 44.735883397755686 57
1694707025511 44.15022796608755 58
1694707027054 43.57798936577124 59
1694707028742 43.018163447762035 60
1694707030443 42.4698347284877 61
1694707032042 41.932182946256056 62
1694707033603 41.40448549371072 63
1694707035143 40.88611634343928 64
1694707036858 40.376542106527694 65
1694707038381 39.875315857534396 66
1694707039841 39.382069329792984 67
1694707041369 38.89650403769227 68
1694707043082 38.418381822790955 69
1694707044975 37.94751525295829 70
1694707046777 37.483758232263845 71
1694707048279 37.026997107510674 72
1694707049843 36.577142487918245 73
1694707052398 36.13412192969554 74
1694707054230 35.69787357868925 75
1694707056209 35.268340813002744 76
1694707057996 34.845467884038804 77
1694707059746 34.4291965189958 78
1694707061564 34.01946342028202 79
1694707063227 33.61619857717706 80
1694707064883 33.219324291735376 81
1694707066634 32.828754813628656 82
1694707068123 32.44439647651168 83
1694707069850 32.066148230686295 84
1694707071636 31.693902472449125 85
1694707073283 31.327546078698425 86
1694707075102 30.966961565360954 87
1694707076757 30.612028299279768 88
1694707078182 30.26262370476541 89
1694707079751 29.918624417541725 90
1694707081702 29.579907349895503 91
1694707083248 29.246350641144137 92
1694707084853 28.917834476833708 93
1694707086582 28.59424176821913 94
1694707088063 28.2754586904775 95
1694707090071 27.96137508374535 96
1694707092623 27.651884725481512 97
1694707094767 27.346885485908615 98
1694707096469 27.04627938047912 99
