1694704107709 169.8392326153976 0
1694704109540 168.31904727071569 1
1694704111846 166.82449332123292 2
1694704113273 165.3550810606487 3
1694704114618 163.9103304720474 4
1694704116076 162.48977103355088 5
1694704117686 161.09294152789218 6
1694704119953 159.7193898558326 7
1694704121471 158.3686728533435 8
1694704122838 157.04035611247676 9
1694704124140 155.73401380584914 10
1694704125590 154.44922851466805 11
1694704127054 153.18559106022605 12
1694704128520 151.94270033879485 13
1694704129966 150.72016315984925 14
1694704131364 149.51759408755416 15
1694704132818 148.3346152854486 16
1694704134177 147.17085636426148 17
1694704135874 146.02595423279683 18
1694704137210 144.89955295182506 19
1694704138804 143.79130359092056 20
1694704140167 142.70086408818568 21
1694704141676 141.62789911280214 22
1694704143067 140.57207993035354 23
1694704144482 139.53308427086256 24
1694704145847 138.51059619948762 25
1694704147168 137.50430598982558 26
1694704148879 136.5139099997679 27
1694704150135 135.539110549858 28
1694704151362 134.5796158041001 29
1694704152610 133.6351396531689 30
1694704153850 132.70540159997282 31
1694704155287 131.79012664752187 32
1694704157051 130.88904518905457 33
1694704159436 130.0018929003779 34
1694704162642 129.1284106343751 35
1694704164267 128.26834431763837 36
1694704165976 127.42144484918273 37
1694704167439 126.58746800119931 38
1694704168841 125.76617432180684 39
1694704170280 124.95732903976082 40
1694704171718 124.16070197108075 41
1694704173435 123.37606742755722 42
1694704174826 122.60320412709974 43
1694704176143 121.84189510588926 44
1694704177602 121.09192763229831 45
1694704178934 120.35309312254289 46
1694704180153 119.62518705803177 47
1694704181303 118.90800890437805 48
1694704182497 118.20136203204012 49
1694704183701 117.50505363855869 50
1694704185016 116.81889467235784 51
1694704186548 116.14269975807807 52
1694704187978 115.47628712341127 53
1694704189268 114.81947852740623 54
1694704190605 114.1720991902156 55
1694704192116 113.53397772425531 56
1694704193908 112.90494606674724 57
1694704195437 112.28483941361786 58
1694704196823 111.67349615472537 59
1694704198204 111.07075781038783 60
1694704199766 110.4764689691871 61
1694704201245 109.89047722702189 62
1694704202776 109.31263312738513 63
1694704204110 108.74279010284086 64
1694704205469 108.18080441767658 65
1694704206875 107.62653511170679 66
1694704208281 107.07984394520533 67
1694704209620 106.54059534494279 68
1694704211253 106.00865635130751 69
1694704212585 105.48389656648769 70
1694704213911 104.96618810369357 71
1694704215327 104.4554055373985 72
1694704216603 103.95142585457836 73
1694704218099 103.45412840692934 74
1694704219443 102.96339486404385 75
1694704221150 102.47910916752612 76
1694704222881 102.00115748602751 77
1694704224393 101.52942817118371 78
1694704225861 101.06381171443529 79
1694704227465 100.60420070471376 80
1694704228871 100.15048978697615 81
1694704230503 99.70257562157005 82
1694704231998 99.26035684441354 83
1694704233630 98.82373402797249 84
1694704235233 98.39260964302002 85
1694704236766 97.96688802116151 86
1694704238500 97.54647531811068 87
1694704240083 97.1312794777007 88
1694704241483 96.72121019661597 89
1694704242794 96.31617888983017 90
1694704244175 95.91609865673581 91
1694704245572 95.52088424795201 92
1694704246868 95.13045203279619 93
1694704248278 94.74471996740675 94
1694704249823 94.36360756350359 95
1694704251436 93.9870358577731 96
1694704252757 93.61492738186591 97
1694704254121 93.24720613299411 98
1694704255810 92.88379754511676 99
