1694668302887 168.8148749839276 0
1694668304493 82.58418941013873 1
1694668305867 67.84131558177741 2
1694668307025 58.00947623357045 3
1694668308138 50.51812982698927 4
1694668309276 44.43786896977639 5
1694668310352 39.34634126655302 6
1694668311502 35.008234024100624 7
1694668312577 31.271282051750706 8
1694668313617 28.02697303184908 9
1694668314834 25.193229702759105 10
1694668316341 22.705634910233538 11
1694668318078 20.51242334827755 12
1694668319590 18.571329744456595 13
1694668321272 16.8474479615261 14
1694668322562 15.31169261637201 15
1694668323839 13.93964925710376 16
1694668325158 12.710691661697934 17
1694668327342 11.607291792708173 18
1694668328747 10.614473478925458 19
1694668330414 9.71937582007036 20
1694668331573 8.910901675472624 21
1694668332841 8.179432853604181 22
1694668333894 7.516598012137052 23
1694668335203 6.9150824775777044 24
1694668336528 6.368471583477802 25
1694668337724 5.87112094226303 26
1694668339702 5.4180484616387545 27
1694668341601 5.004843998082676 28
1694668343439 4.627593382768151 29
1694668345204 4.28281421501513 30
1694668347294 3.9674013367433574 31
1694668348906 3.678580310065833 32
1694668350343 3.4138675433543226 33
1694668351501 3.17103596750928 34
1694668353288 2.948085368223798 35
1694668355185 2.74321664296238 36
1694668357128 2.554809381911598 37
1694668358923 2.381402277113914 38
1694668360379 2.2216759486951183 39
1694668361597 2.0744378457143804 40
1694668362962 1.9386089349814972 41
1694668364526 1.8132119367774688 42
1694668366343 1.6973609038160646 43
1694668368131 1.5902519706024527 44
1694668369348 1.4911551258538862 45
1694668370436 1.3994068818579481 46
1694668371562 1.3144037323612103 47
1694668373324 1.235596305448391 48
1694668374942 1.1624841304041802 49
1694668376747 1.0946109481606872 50
1694668377891 1.0315605039563778 51
1694668378940 0.9729527685374825 52
1694668379999 0.9184405408390608 53
1694668381168 0.8677063907689506 54
1694668382227 0.8204599056298331 55
1694668383280 0.776435207972673 56
1694668384364 0.7353887163779762 57
1694668385453 0.6970971238918138 58
1694668386746 0.661355571669656 59
1694668387898 0.6279759978599748 60
1694668389050 0.5967856439392432 61
1694668390213 0.5676257026308144 62
1694668391707 0.5403500932364693 63
1694668393549 0.5148243517103204 64
1694668395270 0.4909246241350073 65
1694668396784 0.4685367534411448 66
1694668398046 0.4475554502609397 67
1694668399202 0.4278835397417086 68
1694668400322 0.40943127697829734 69
1694668401458 0.3921157244670404 70
1694668402560 0.37586018564823326 71
1694668403610 0.36059368919815565 72
1694668404691 0.3462505192634114 73
1694668405757 0.3327697873066512 74
1694668406866 0.32009504165972785 75
1694668408018 0.3081739112634278 76
1694668409079 0.2969577804167825 77
1694668410175 0.28640149166791007 78
1694668411245 0.27646307425597005 79
1694668412424 0.267103495763546 80
1694668413712 0.25828643486344705 81
1694668415227 0.24997807324620797 82
1694668416449 0.24214690499675381 83
1694668417666 0.2347635618528734 84
1694668419199 0.227800652926151 85
1694668420502 0.2212326175994916 86
1694668421697 0.21503559043581244 87
1694668422888 0.209187277041192 88
1694668424151 0.20366683992392878 89
1694668425371 0.19845479347964173 90
1694668426693 0.19353290731268794 91
1694668427899 0.18888411717660628 92
1694668429214 0.18449244288182257 93
1694668430419 0.18034291257812174 94
1694668431664 0.17642149287302983 95
1694668433066 0.17271502429582358 96
1694668434566 0.16921116166086098 97
1694668435809 0.16589831892378606 98
1694668437190 0.16276561816027188 99
1694668438873 0.1598028423297232 100
1694668440860 0.1570003915160592 101
1694668442723 0.15434924236465103 102
1694668444426 0.15184091045895257 103
1694668446338 0.14946741540258626 104
1694668448234 0.14722124839281528 105
1694668450030 0.14509534208969055 106
1694668451722 0.14308304260182064 107
1694668453450 0.1411780834248919 108
1694668455180 0.13937456118285813 109
1694668457405 0.13766691303428624 110
1694668459062 0.13604989561778227 111
1694668460788 0.13451856542084858 112
1694668462479 0.13306826046602152 113
1694668464214 0.13169458321680383 114
1694668465950 0.13039338461381603 115
1694668467569 0.12916074915879508 116
1694668469195 0.12799298097067413 117
1694668470868 0.126886590743983 118
1694668472340 0.12583828354532212 119
1694668473877 0.1248449473886949 120
1694668475505 0.12390364253508473 121
1694668477069 0.12301159146588872 122
1694668478677 0.12216616948367533 123
1694668480342 0.12136489589727993 124
1694668482025 0.12060542575149566 125
1694668483793 0.11988554206459867 126
1694668485415 0.11920314853968142 127
1694668487004 0.11855626271828029 128
1694668488664 0.11794300954709241 129
1694668490248 0.11736161533070343 130
1694668491816 0.11681040204519817 131
1694668493422 0.11628778198933011 132
1694668495189 0.11579225275157876 133
1694668497023 0.11532239247295682 134
1694668498532 0.11487685538683588 135
1694668500139 0.11445436761836127 136
1694668501888 0.11405372322722786 137
1694668503544 0.11367378047869943 138
1694668505208 0.11331345832878208 139
1694668506714 0.11297173311040715 140
1694668508114 0.11264763540836573 141
1694668509457 0.11234024711154386 142
1694668510852 0.11204869863176894 143
1694668512142 0.11177216627927204 144
1694668513814 0.1115098697854255 145
1694668515380 0.11126106996401597 146
1694668516727 0.1110250665028719 147
1694668517978 0.1108011958781902 148
1694668519187 0.11058882938438647 149
1694668520577 0.11038737127274634 150
1694668521806 0.11019625699257633 151
1694668523060 0.11001495152894106 152
1694668524351 0.10984294783144165 153
1694668525730 0.10967976532882764 154
1694668527153 0.10952494852455319 155
1694668528451 0.10937806566868513 156
1694668529871 0.10923870750184637 157
1694668531276 0.1091064860671385 158
1694668532693 0.1089810335862258 159
1694668534065 0.1088620013959947 160
1694668535385 0.10874905894240865 161
1694668536668 0.1086418928283821 162
1694668537947 0.10854020591267831 163
1694668539162 0.10844371645701346 164
1694668540518 0.1083521573187114 165
1694668541822 0.10826527518640566 166
1694668543220 0.10818282985643121 167
1694668544663 0.10810459354768102 168
1694668546029 0.10803035025283081 169
1694668547272 0.10795989512395399 170
1694668548591 0.1078930338906597 171
1694668549922 0.10782958230899367 172
1694668551367 0.10776936563943867 173
1694668552884 0.10771221815244637 174
1694668554146 0.10765798266001717 175
1694668555519 0.10760651007193063 176
1694668556983 0.1075576589753021 177
1694668558294 0.10751129523622001 178
1694668559757 0.10746729162228018 179
1694668561096 0.10742552744490466 180
1694668562408 0.10738588822039082 181
1694668563769 0.10734826534869214 182
1694668565179 0.10731255580899221 183
1694668566800 0.10727866187117786 184
1694668568137 0.10724649082237071 185
1694668569440 0.1072159547077206 186
1694668570989 0.10718697008470646 187
1694668572363 0.10715945779023145 188
1694668573708 0.1071333427198392 189
1694668575001 0.10710855361841076 190
1694668576359 0.10708502288173995 191
1694668577673 0.1070626863684149 192
1694668579206 0.10704148322146345 193
1694668580425 0.10702135569925214 194
1694668581777 0.10700224901515225 195
1694668583069 0.10698411118551468 196
1694668584644 0.10696689288551853 197
1694668585993 0.10695054731248195 198
1694668587476 0.10693503005624512 199
1694668588933 0.10692029897625685 200
1694668591845 0.10690631408501415 201
1694668594865 0.10689303743752507 202
1694668596812 0.10688043302647897 203
1694668598260 0.10686846668282984 204
1694668600428 0.10685710598150809 205
1694668602675 0.10684632015199688 206
1694668606675 0.1068360799935185 207
1694668608459 0.10682635779459194 208
1694668610020 0.10681712725673483 209
1694668611373 0.10680836342209468 210
1694668612851 0.10680004260480654 211
1694668614405 0.10679214232588176 212
1694668616160 0.10678464125144747 213
1694668617721 0.10677751913416243 214
1694668619253 0.10677075675764379 215
1694668620579 0.10676433588375082 216
1694668621912 0.10675823920257689 217
1694668623462 0.10675245028500949 218
1694668625089 0.10674695353772684 219
1694668627162 0.1067417341605039 220
1694668628563 0.1067367781057097 221
1694668629952 0.10673207203988194 222
1694668631473 0.10672760330727261 223
1694668633013 0.1067233598952629 224
1694668634466 0.10671933040155007 225
1694668636030 0.10671550400301644 226
1694668637752 0.10671187042619291 227
1694668639427 0.10670841991923515 228
1694668640928 0.10670514322533471 229
1694668642244 0.10670203155749124 230
1694668643761 0.10669907657457553 231
1694668645219 0.10669627035861766 232
1694668646813 0.10669360539325615 233
1694668648380 0.10669107454328991 234
1694668649878 0.10668867103527498 235
1694668651261 0.10668638843911342 236
1694668652530 0.10668422065058246 237
1694668654031 0.10668216187475724 238
1694668655553 0.10668020661027876 239
1694668657061 0.1066783496344267 240
1694668658780 0.10667658598895274 241
1694668660208 0.10667491096663853 242
1694668661814 0.1066733200985385 243
1694668663492 0.10667180914187346 244
1694668665097 0.10667037406854254 245
1694668666455 0.10666901105422039 246
1694668667825 0.10666771646800982 247
1694668669565 0.10666648686262306 248
1694668671465 0.10666531896506175 249
1694668673532 0.10666420966777382 250
1694668675401 0.10666315602025844 251
1694668677331 0.10666215522110051 252
1694668679324 0.1066612046104101 253
1694668681264 0.10666030166264583 254
1694668683245 0.10665944397980508 255
1694668685239 0.10665862928495938 256
1694668687261 0.10665785541611965 257
1694668689308 0.10665712032041264 258
1694668691418 0.10665642204855416 259
1694668693945 0.10665575874960294 260
1694668696602 0.10665512866598122 261
1694668698796 0.10665453012874862 262
1694668701058 0.10665396155311548 263
1694668703118 0.1066534214341854 264
1694668705335 0.10665290834291245 265
1694668706799 0.1066524209222647 266
1694668708218 0.10665195788358235 267
1694668709477 0.10665151800312056 268
1694668710955 0.10665110011876763 269
1694668712429 0.10665070312693004 270
1694668713866 0.10665032597957506 271
1694668715326 0.10664996768142417 272
1694668716858 0.10664962728728718 273
1694668718448 0.10664930389953386 274
1694668720326 0.10664899666569122 275
1694668721912 0.10664870477616457 276
1694668723796 0.1066484274620726 277
1694668725849 0.10664816399319327 278
1694668727779 0.10664791367601299 279
