1694719439494 0.2302324878122755 0
1694719442244 0.0009799485068728707 1
1694719445397 0.042784274656467565 2
1694719448062 0.06161831761567852 3
1694719450811 0.2675146553913965 4
1694719453689 0.18358232827606427 5
1694719457256 0.1355039607504819 6
1694719460982 0.006456586222069398 7
1694719463850 0.09575826060594685 8
1694719466435 0.02073734653120343 9
1694719469045 0.08181320358162684 10
1694719471597 0.001171509409723 11
1694719473987 0.6032475636664238 12
1694719476461 0.005482505372552326 13
1694719478962 0.4569249254619053 14
1694719481125 0.07947841749258498 15
1694719483681 0.013163966049997084 16
1694719485956 0.1416816347472149 17
1694719488464 0.01231225976071072 18
1694719491078 0.1558887810092584 19
1694719493300 0.0005658173671641972 20
1694719496234 0.10946350543943434 21
1694719498844 0.2417477919241598 22
1694719500809 0.09323206692750492 23
1694719503557 0.12187700612517526 24
1694719505867 0.13549760806358271 25
1694719508275 0.03719668247343056 26
1694719510859 0.25189511842432283 27
1694719513291 0.01842656911969638 28
1694719516010 0.12310064563815248 29
1694719518500 0.021132877862028165 30
1694719521039 0.29730652546721004 31
1694719524150 0.006284842059605126 32
1694719526884 0.0003140508465956568 33
1694719529345 0.07870797712245496 34
1694719532242 0.08452687712798318 35
1694719535788 0.004475444805507236 36
1694719538367 0.13987860498538257 37
1694719542242 0.48722678587035934 38
1694719546103 0.2526267188336431 39
1694719548238 0.021361239137360998 40
1694719550600 0.1302970355076546 41
1694719552765 0.09351926361575336 42
1694719554527 0.07759733985277792 43
1694719556752 1.2525713320849202e-05 44
1694719559432 0.11044222905514621 45
1694719562021 0.00426309686939165 46
1694719565388 0.23291507403742334 47
1694719568085 0.10158508175046832 48
1694719571518 0.007441599362211558 49
1694719574247 0.11223812808499015 50
1694719577123 0.23407715657063954 51
1694719580224 0.02826331977673767 52
1694719583007 0.012792453797337877 53
1694719585834 0.0016721812694946226 54
1694719588585 1.4294124880929004 55
1694719591722 0.14868818992490604 56
1694719594607 0.3232138557628662 57
1694719597229 0.23686004915615552 58
1694719599933 0.023036248850885743 59
1694719603025 0.0007673263586453441 60
1694719605593 0.32718509838845256 61
1694719608496 0.013973681081346919 62
1694719611726 0.1476047853266303 63
1694719614519 0.05999483038236344 64
1694719617140 0.03249435235382937 65
1694719620145 0.004087192167180857 66
1694719623698 0.1162194333838055 67
1694719627376 0.1614139997494685 68
1694719630055 0.13483853854777367 69
1694719632869 0.06665326441599666 70
1694719635642 0.004204019173126789 71
1694719637791 0.09889182660989318 72
1694719640157 0.20788976221841485 73
1694719642389 0.012223066772398398 74
1694719644579 2.3735957730885828e-05 75
1694719647174 0.006969179913868362 76
1694719649092 0.002652649994142766 77
1694719651257 1.0595984994778381e-06 78
1694719653400 0.027124937605304402 79
1694719655559 0.15560883325417435 80
1694719657472 0.0026893476868965083 81
1694719659524 0.2614135403656009 82
1694719661623 0.0030270658378436627 83
1694719663616 0.15775831619714384 84
1694719665610 0.046281054794598306 85
1694719667692 0.014107424821209696 86
1694719669624 0.15557230524752919 87
1694719671667 0.5011930423857598 88
1694719673608 0.09133190138114959 89
1694719675755 2.5865453866786413e-05 90
1694719677931 0.020949297848151204 91
1694719679946 0.014644481595911198 92
1694719683507 0.18422754656618873 93
1694719686963 0.0016413039605906287 94
1694719689810 0.0011712927705189882 95
1694719692137 0.030428544329642718 96
1694719694353 0.3131311040426761 97
1694719696783 0.1099851887768139 98
1694719699495 0.22043175582418578 99
