1694696158313 169.64084248330963 0
1694696159979 166.25062489538743 1
1694696161438 162.92833773676335 2
1694696162885 159.6726165095133 3
1694696164378 156.48212421011615 4
1694696165935 153.3555507732304 5
1694696167313 150.2916125267803 6
1694696168659 147.28905165812074 7
1694696170034 144.34663569105322 8
1694696171434 141.46315697347254 9
1694696172776 138.63743217542446 10
1694696174060 135.86830179736398 11
1694696175604 133.15462968840356 12
1694696176904 130.49530257434833 13
1694696178251 127.88922959531772 14
1694696179622 125.33534185275755 15
1694696181028 122.83259196565113 16
1694696183100 120.379953635741 17
1694696184902 117.97642122157725 18
1694696186331 115.62100932121258 19
1694696187737 113.3127523633671 20
1694696189206 111.05070420689005 21
1694696190670 108.83393774834916 22
1694696192069 106.66154453758175 23
1694696193723 104.53263440104482 24
1694696195492 102.44633507280555 25
1694696196943 100.40179183301578 26
1694696198381 98.39816715371794 27
1694696199754 96.43464035183321 28
1694696201514 94.51040724918505 29
1694696202964 92.624679839415 30
1694696204341 90.77668596164982 31
1694696205895 88.96566898078288 32
1694696207193 87.19088747423456 33
1694696208638 85.45161492505979 34
1694696210065 83.74713942127347 35
1694696211366 82.07676336126718 36
1694696212791 80.43980316519271 37
1694696214156 78.83558899219136 38
1694696215587 77.26346446334985 39
1694696216955 75.7227863902659 40
1694696218329 74.2129245091099 41
1694696219812 72.73326122007016 42
1694696221322 71.28319133207275 43
1694696222614 69.86212181266812 44
1694696223992 68.46947154297976 45
1694696225662 67.10467107761157 46
1694696226927 65.76716240941356 47
1694696228549 64.45639873900636 48
1694696230115 63.171844248968625 49
1694696231541 61.912973882591764 50
1694696233045 60.67927312710967 51
1694696234382 59.470237801312194 52
1694696235903 58.28537384745341 53
1694696237502 57.12419712736737 54
1694696238795 55.986233222705735 55
1694696240154 54.87101723921377 56
1694696241590 53.77809361496257 57
1694696243056 52.70701593245689 58
1694696244392 51.65734673454053 59
1694696246021 50.62865734402136 60
1694696247306 49.62052768694108 61
1694696248757 48.63254611941548 62
1694696250229 47.664309257972704 63
1694696251683 46.71542181331862 64
1694696253141 45.785496427459606 65
1694696254455 44.874153514114845 66
1694696255966 43.9810211023512 67
1694696257675 43.105734683375374 68
1694696259033 42.24793706041927 69
1694696260466 41.4072782016559 70
1694696262084 40.58341509608437 71
1694696263408 39.77601161232362 72
1694696264781 38.98473836025606 73
1694696266194 38.20927255546339 74
1694696267520 37.449297886397865 75
1694696268977 36.704504384233566 76
1694696270379 35.974588295343565 77
1694696271727 35.25925195634957 78
1694696273247 34.55820367169198 79
1694696274647 33.871157593669366 80
1694696276208 33.19783360489728 81
1694696277646 32.53795720313752 82
1694696279003 31.89125938844956 83
1694696281866 31.257476552617494 84
1694696283931 30.6363503708062 85
1694696286510 30.027627695401563 86
1694696288119 29.43106045199075 87
1694696289757 28.846405537439004 88
1694696291618 28.273424720020657 89
1694696293184 27.711884541562746 90
1694696294715 27.161556221560573 91
1694696296111 26.6222155632252 92
1694696297483 26.093642861423874 93
1694696298967 25.575622812475153 94
1694696300546 25.067944425761034 95
1694696302086 24.57040093711958 96
1694696304061 24.082789723981783 97
1694696307084 23.604912222217703 98
1694696309137 23.13657384465699 99
