1694339043647 -239.2828656353538 0
1694339044095 -193.51201076754768 1
1694339044535 -156.80522485215454 2
1694339044944 -127.06386766986668 3
1694339045371 -102.96259521394148 4
1694339045775 -83.42848963412138 5
1694339046161 -67.5928073000721 6
1694339046549 -54.753379224220815 7
1694339046941 -44.34040884310409 8
1694339047356 -35.89422339173881 9
1694339047840 -29.041646885323694 10
1694339048294 -23.479338755274796 11
1694339048759 -18.964715559020043 12
1694339049215 -15.297862505917575 13
1694339049601 -12.319918345673806 14
1694339049988 -9.899423288836564 15
1694339050398 -7.932284810380175 16
1694339050855 -6.332707620584362 17
1694339051327 -5.0303333571361035 18
1694339051740 -3.9709013023053936 19
1694339052189 -3.1073438632553874 20
1694339052643 -2.4041107395609984 21
1694339053079 -1.8301503050452954 22
1694339053513 -1.3621274778868782 23
1694339053902 -0.9795685988964657 24
1694339054305 -0.6671105987122972 25
1694339054721 -0.41170175188699165 26
1694339055093 -0.20188194166732853 27
1694339055511 -0.030411871735007034 28
1694339055930 0.11078242168409946 29
1694339056336 0.22644179610618387 30
1694339056772 0.3219255737986819 31
1694339057201 0.4003678497281351 32
1694339057604 0.4653066739689825 33
1694339058047 0.5188447380070098 34
1694339058453 0.5632954223708078 35
1694339058896 0.6001003409150586 36
1694339059346 0.6307476951028765 37
1694339059768 0.6562556860569233 38
1694339060226 0.6775556202041495 39
1694339060712 0.6953943021424069 40
1694339061155 0.7103268776242833 41
1694339061547 0.7229256179567942 42
1694339061941 0.7334916645353917 43
1694339062331 0.7424842137022194 44
1694339062979 0.750033246631584 45
1694339063512 0.7565236999175821 46
1694339063998 0.7619707678950228 47
1694339064471 0.7667095259750575 48
1694339064982 0.770678865996677 49
1694339065437 0.7741792709785765 50
1694339065856 0.7770996774464858 51
1694339066237 0.7797155002979574 52
1694339066607 0.7818837986031235 53
1694339066981 0.7838608568513971 54
1694339067413 0.7854842755819463 55
1694339067852 0.7869949281445029 56
1694339068288 0.78821948535376 57
1694339068687 0.7893857717864802 58
1694339069110 0.790315371028087 59
1694339069535 0.7912246023646585 60
1694339069954 0.7919339414884015 61
1694339070360 0.7926492594548209 62
1694339070786 0.7931926059419776 63
1694339071280 0.7937601771090133 64
1694339071723 0.7941773718747231 65
1694339072185 0.7946313225418264 66
1694339072654 0.7949519173978943 67
1694339073102 0.795317744692584 68
1694339073505 0.7955638767287507 69
1694339073902 0.7958608265119084 70
1694339074306 0.7960492327219457 71
1694339074752 0.7962919726533374 72
1694339075170 0.796435415482786 73
1694339075565 0.7966352238990932 74
1694339075964 0.7967435101745921 75
1694339076442 0.7969091297547654 76
1694339076845 0.7969898466231025 77
1694339077310 0.7971281039716267 78
1694339077716 0.797187156111536 79
1694339078099 0.7973034163421339 80
1694339078507 0.797345422269237 81
1694339078880 0.7974439261154574 82
