1694540089055 169.64084248330965 0
1694540090405 166.14321488542052 1
1694540092063 159.76652948682994 2
1694540093863 151.02694876984987 3
1694540095125 140.4592868345252 4
1694540096255 128.5903051964191 5
1694540097389 115.91810072836888 6
1694540098659 102.89631740483757 7
1694540099983 89.92315739850052 8
1694540101284 77.33515281365821 9
1694540102382 65.404512147332 10
1694540103401 54.33961654039763 11
1694540104472 44.287963867282365 12
1694540105717 35.34096957363816 13
1694540107288 27.540134927126836 14
1694540109439 20.883894760360835 15
1694540110853 15.33527457723351 16
1694540113332 10.829426812475184 17
1694540115257 7.280434434447249 18
1694540116980 4.5881124491761645 19
1694540118081 2.643998657321991 20
1694540119277 1.3363355285480956 21
1694540120877 0.5549442941269275 22
1694540122552 0.1947648952591753 23
1694540124542 0.15806636305744923 24
1694540125796 0.3566463222023536 25
1694540126841 0.7130701201700531 26
1694540127928 1.1612902347955483 27
1694540129002 1.6467379267837912 28
1694540129885 2.125982038543931 29
1694540130909 2.5660485424779176 30
1694540131910 2.94329925542915 31
1694540132818 3.2427682236690165 32
1694540133687 3.456879891253276 33
1694540134808 3.583836042186186 34
1694540135913 3.6266319217633125 35
1694540136884 3.5919075071446214 36
1694540137875 3.488890426350211 37
1694540138857 3.3283544559129457 38
1694540139918 3.1220415863480766 39
1694540141086 2.881838260522637 40
1694540142237 2.619251869970716 41
1694540143267 2.3448580202342706 42
1694540144263 2.0681066841026285 43
1694540145277 1.7971257494596655 44
1694540146260 1.538612318580835 45
1694540147270 1.2978322004926217 46
1694540148299 1.0786374732162065 47
1694540149293 0.8835554455074947 48
1694540150300 0.713858556561361 49
1694540151375 0.5697998763341089 50
1694540152475 0.4507699958106506 51
1694540153447 0.3554644098244582 52
1694540154661 0.2820931943863971 53
1694540155688 0.2284209311649612 54
1694540156689 0.19197781368645478 55
1694540157703 0.17018565406655617 56
1694540158668 0.1604655865034927 57
1694540159734 0.16024947071314355 58
1694540160732 0.16720076084590382 59
1694540161804 0.17920560944763755 60
1694540162848 0.19445720706762845 61
1694540163855 0.2113324045435313 62
1694540164914 0.22848370836479223 63
1694540165866 0.24483411034533645 64
1694540166873 0.25949872325226747 65
1694540167970 0.2718983450147304 66
1694540169013 0.28167341547891334 67
1694540169989 0.28868544052151135 68
1694540171036 0.2928855186242177 69
1694540172146 0.2943564393468552 70
1694540173203 0.29324943698353656 71
1694540174315 0.2898319749217961 72
1694540175330 0.28443871664697074 73
1694540176400 0.27739624804740814 74
1694540177543 0.2690466115382045 75
1694540178560 0.25970735349254104 76
1694540179583 0.24970302806752798 77
1694540180607 0.23933858563981286 78
1694540181768 0.22889049145972357 79
1694540182861 0.21858177025166817 80
1694540183904 0.2085893840456482 81
1694540184918 0.19906239173905474 82
1694540185934 0.19012090060318793 83
1694540186943 0.18185617794108494 84
1694540187991 0.1743229982227384 85
1694540189014 0.16753829569730516 86
1694540189923 0.16150431949192232 87
1694540190939 0.15621015731447463 88
1694540191979 0.15163342799398033 89
1694540192886 0.14771578140667063 90
1694540193789 0.1443972253110638 91
1694540194862 0.14162230063144626 92
1694540196015 0.13933996582053348 93
1694540197000 0.1375067358341956 94
1694540197961 0.13605975797983283 95
1694540198955 0.13494604467145851 96
1694540200231 0.13412134214320182 97
