1694446856388 -239.50563140254084 0
1694446857347 -193.91946596117162 1
1694446858005 -157.76079582725384 2
1694446858706 -129.00599862573162 3
1694446859358 -106.07554364231054 4
1694446860103 -87.73529427676851 5
1694446860710 -73.0199028593874 6
1694446861319 -61.17333234237936 7
1694446861874 -51.6026582140553 8
1694446862530 -43.84217029501473 9
1694446863127 -37.52546493362472 10
1694446863718 -32.36373767961713 11
1694446864305 -28.128888948900585 12
1694446865134 -24.640366942738666 13
1694446865875 -21.754913616323183 14
1694446866580 -19.35856664702162 15
1694446867435 -17.36041539438943 16
1694446868247 -15.687721266427559 17
1694446869062 -14.282100060383131 18
1694446870223 -13.096531423648642 19
1694446871488 -12.093012988949985 20
1694446873228 -11.240717391895522 21
1694446874254 -10.514541922331393 22
1694446875284 -9.893965042146869 23
1694446876325 -9.362143008087248 24
1694446877190 -8.905194598297605 25
1694446878031 -8.511633408510829 26
1694446878939 -8.171916096407797 27
1694446879795 -7.878081883057218 28
1694446880591 -7.623464012181845 29
1694446881393 -7.402458065315114 30
1694446882179 -7.210335300492535 31
1694446882917 -7.043091730895378 32
1694446883662 -6.897325648369838 33
1694446884371 -6.77013784956235 34
1694446885151 -6.659050036240933 35
1694446885805 -6.561937811296197 36
1694446886527 -6.476975436250441 37
1694446887206 -6.402590100161796 38
1694446887877 -6.33742390881493 39
1694446888617 -6.280302164432217 40
1694446889264 -6.230206791134039 41
1694446889907 -6.186253986617008 42
1694446890524 -6.147675358933625 43
1694446891203 -6.113801948924839 44
1694446891874 -6.084050651642841 45
1694446892503 -6.057912640148905 46
1694446893191 -6.0349434671809306 47
1694446893847 -6.014754578118444 48
1694446894512 -5.997006015373039 49
1694446895237 -5.98140013211369 50
1694446895907 -5.967676163914507 51
1694446896638 -5.955605531920097 52
1694446897315 -5.944987771588121 53
1694446898013 -5.93564699788365 54
1694446898721 -5.9274288316715715 55
1694446899368 -5.920197723544078 56
1694446900041 -5.913834620876729 57
1694446900753 -5.908234931886546 58
1694446901390 -5.903306747154656 59
1694446902072 -5.898969284704617 60
1694446902682 -5.89515152948085 61
1694446903348 -5.891791042099847 62
1694446904022 -5.888832915171742 63
1694446904682 -5.886228858411161 64
1694446905464 -5.8839363962551445 65
1694446906086 -5.881918163849243 66
1694446906710 -5.880141289106184 67
1694446907359 -5.878576850130022 68
1694446908136 -5.877199398671117 69
1694446908821 -5.875986541464799 70
1694446909482 -5.874918572336374 71
1694446910157 -5.873978148849321 72
1694446910847 -5.873150008051257 73
1694446911622 -5.872420716549512 74
1694446912309 -5.87177845073856 75
1694446912963 -5.871212803517084 76
1694446913544 -5.870714614282605 77
1694446914119 -5.870275819385311 78
1694446914716 -5.869889320567359 79
1694446915504 -5.869548869215354 80
1694446916156 -5.869248964518363 81
1694446916943 -5.8689847638552255 82
1694446917732 -5.868752003938344 83
1694446918557 -5.868546931419378 84
1694446919285 -5.868366241818907 85
1694446919929 -5.868207025779321 86
1694446920727 -5.868066721761271 87
1694446921429 -5.867943074409754 88
1694446922044 -5.867834097909235 89
1694446922632 -5.867738043729107 90
1694446923302 -5.867653372232964 91
1694446923943 -5.867578727688009 92
