1694719760592 0.4657787406535121 0
1694719762891 104.99117474293426 1
1694719765246 0.5051045910263033 2
1694719767712 98.65583218052146 3
1694719770198 0.030825238914557605 4
1694719772500 0.7776287645851613 5
1694719774673 6.51521953169777 6
1694719777227 4.5143424213037085e-06 7
1694719779378 19.347360221550765 8
1694719781497 4.564998431652967 9
1694719783797 94.14562760704352 10
1694719785964 0.3133172243330017 11
1694719788287 0.5016945078743759 12
1694719790307 7.778726934429514e-05 13
1694719792678 0.0006528227570431343 14
1694719795101 0.01244268219872639 15
1694719797553 176.34304435617793 16
1694719799885 0.18615991061469267 17
1694719802950 0.2972056499986658 18
1694719805739 0.20152691184157293 19
1694719808334 7.549369418252355e-06 20
1694719810414 0.758346411464718 21
1694719812784 0.0015193490361273948 22
1694719814918 0.10536312696305819 23
1694719817292 18.68267218932878 24
1694719819406 0.0005496747664749771 25
1694719821694 250.63624369342213 26
1694719824228 3.4038222290042937 27
1694719826441 1.4312878023221047 28
1694719829015 0.031083348579716258 29
1694719831545 1.5868963160809937 30
1694719833854 685.7961756001217 31
1694719836447 135.50764505044637 32
1694719838826 7.047402284334779 33
1694719841171 2.0453054871756464 34
1694719843303 0.13824502816333256 35
1694719845448 0.011855577350508944 36
1694719847657 0.009919370685862315 37
1694719849960 0.18374408145836618 38
1694719852356 0.01463758789787149 39
1694719854455 0.0881097991910693 40
1694719857119 0.007758714042999361 41
1694719859272 0.010096152667078345 42
1694719861530 0.014407989063079088 43
1694719864272 0.19396182781283702 44
1694719866254 9.566330833922901 45
1694719868552 44962.275213758025 46
1694719870633 2485.1488288409796 47
1694719872854 6351.181611872088 48
1694719874795 11001.515060238014 49
1694719876875 0.07640043720140645 50
1694719878807 0.13535060550423977 51
1694719880817 0.0017533555091552202 52
1694719882757 0.08538540327009175 53
1694719884900 1.7893615355436612 54
1694719886827 0.06425504466977243 55
1694719889043 0.3924318299291013 56
1694719891101 321.33764224397675 57
1694719893415 0.35433582479613596 58
1694719895352 1.268368292496852 59
1694719897503 2.9375830502959808 60
1694719900236 0.004041691021567437 61
1694719902464 0.004025155642714447 62
1694719904548 0.003716160767468306 63
1694719906611 2.0286858214830295 64
1694719908804 69.83988322139466 65
1694719910624 1924.7479562219753 66
1694719912683 56.0843824279831 67
1694719914670 2358.375223439334 68
1694719916944 4.003878757880244 69
1694719918876 0.01787232348262208 70
1694719921074 1.3419856167390447 71
1694719923338 38.49352427662878 72
1694719925467 17.8967676052244 73
1694719927512 0.2134195358655189 74
1694719929612 1.4669483943679744 75
1694719931769 0.10008697536269359 76
1694719933839 0.003986833379942312 77
1694719935935 2.8285209788754866 78
1694719938012 0.28323437249437483 79
1694719940245 0.0053519191543684175 80
1694719942210 28.006555572020744 81
1694719944480 0.02437524653224928 82
1694719946661 144.64059648656726 83
1694719948918 0.9288727668782875 84
1694719951062 0.002755364067118563 85
1694719953401 1.3158323432281147 86
1694719955633 0.07813744882765832 87
1694719957640 23.143012586126073 88
1694719960030 0.006203911065530343 89
1694719962312 1.8104168182801608 90
1694719964531 0.04980673962273969 91
1694719966474 3.7895906219346958 92
1694719968881 2.443409633287862 93
1694719970863 0.006873967722058123 94
1694719973053 14.203426621357648 95
1694719975849 6.5049544468204346 96
1694719977990 0.044272498532776414 97
1694719980402 0.09266044887468232 98
1694719982590 0.028959542808201743 99
