1694697413583 169.64084248330963 0
1694697415240 167.56430766752243 1
1694697416660 164.23445230686553 2
1694697417915 159.86464252491228 3
1694697419476 154.67368918789737 4
1694697420991 148.87606897610502 5
1694697422323 142.67424638382292 6
1694697423857 136.25297281838252 7
1694697425652 129.77539031204097 8
1694697426914 123.38073399401269 9
1694697428207 117.18340784635865 10
1694697429510 111.27320059712571 11
1694697431631 105.71641097069677 12
1694697433607 100.55766197380859 13
1694697435783 95.82220055334294 14
1694697437381 91.51850004161962 15
1694697438692 87.6410066918404 16
1694697440498 84.17289688012534 17
1694697442083 81.08873700327857 18
1694697443790 78.35696274406939 19
1694697445178 75.94211743533089 20
1694697446524 73.80681016244841 21
1694697447823 71.91337262095804 22
1694697449024 70.2252093795038 23
1694697450349 68.70784901985851 24
1694697451680 67.32971368617773 25
1694697453231 66.06263202128147 26
1694697454704 64.88212551626852 27
1694697456200 63.767501218626784 28
1694697457525 62.701784830825716 29
1694697459747 61.671527796852615 30
1694697462979 60.666520327722445 31
1694697465053 59.679439755254705 32
1694697468463 58.70546040124598 33
1694697470776 57.74184755334431 34
1694697472334 56.78755436402326 35
1694697473764 55.84283671535289 36
1694697475536 54.908897465415066 37
1694697477237 53.98756812422845 38
1694697478626 53.081032978454765 39
1694697480604 52.191598046894846 40
1694697482625 51.321505029692815 41
1694697484355 50.47278861875385 42
1694697486039 49.64717415319589 43
1694697487488 48.846011606088815 44
1694697488808 48.07024124163456 45
1694697490199 47.320385942909226 46
1694697491872 46.59656513311538 47
1694697493500 45.89852535048098 48
1694697494904 45.22568284178552 49
1694697496800 44.5771739677482 50
1694697498544 43.951909724626766 51
1694697500055 43.348631244365414 52
1694697501598 42.76596370959989 53
1694697503119 42.20246668419025 54
1694697504475 41.65667939441214 55
1694697505808 41.127159985261684 56
1694697507201 40.61251820997371 57
1694697508660 40.11144138246879 58
1694697510145 39.62271372933088 59
1694697511396 39.14522952041742 60
1694697512818 38.67800053811819 61
1694697514405 38.220158569281416 62
1694697515896 37.77095367692179 63
1694697517253 37.32974903786835 64
1694697518513 36.896013124765574 65
1694697519967 36.46930997363164 66
1694697521369 36.04928821857759 67
1694697523116 35.63566949990704 68
1694697524837 35.22823676661113 69
1694697526295 34.826822904460855 70
1694697527906 34.431300030881154 71
1694697529162 34.041569711141236 72
1694697530718 33.657554269876684 73
1694697532318 33.279189299570156 74
1694697533848 32.906417404661866 75
1694697535466 32.539183167125096 76
1694697536891 32.17742927678931 77
1694697538218 31.821093737153166 78
1694697540360 31.470108034294427 79
1694697542169 31.12439614189219 80
1694697543717 30.78387422829932 81
1694697545037 30.44845093091016 82
1694697546523 30.11802806759763 83
1694697547940 29.792501663596372 84
1694697549254 29.47176318379469 85
1694697550642 29.15570087396868 86
1694697552114 28.844201129155692 87
1694697553732 28.537149822358394 88
1694697555116 28.234433541460447 89
1694697556552 27.93594069611676 90
1694697557898 27.641562469078696 91
1694697559250 27.351193597664846 92
1694697560550 27.064732980735716 93
1694697561835 26.782084114508862 94
1694697563114 26.503155366871248 95
1694697564442 26.227860104579197 96
1694697565867 25.956116691003185 97
1694697567352 25.68784837402726 98
1694697568715 25.422983084526326 99
