1694518560343 168.543791265514 0
1694518561169 165.19807082103898 1
1694518562108 158.9929038804172 2
1694518563193 150.43513621016635 3
1694518564170 140.0508230859635 4
1694518565284 128.3590882795387 5
1694518566362 115.85140270749616 6
1694518567349 102.97606812999571 7
1694518568300 90.12770366716784 8
1694518569378 77.64057837097879 9
1694518570770 65.78615760855382 10
1694518572049 54.77317569709666 11
1694518573117 44.75033437388768 12
1694518574329 35.811316050395305 13
1694518575389 28.000366700348668 14
1694518576513 21.319032968364777 15
1694518577995 15.733863168266508 16
1694518579745 11.183159550248094 17
1694518581037 7.583956248212324 18
1694518582063 4.839138212464325 19
1694518583072 2.842756383703548 20
1694518584105 1.4853861312616363 21
1694518585086 0.6582809454777157 22
1694518586109 0.25754032922996345 23
1694518587100 0.18619706668152297 24
1694518588048 0.3564188602304933 25
1694518589003 0.6907956355804067 26
1694518589827 1.122817978754531 27
1694518590617 1.5974634289071734 28
1694518591415 2.070858271532276 29
1694518592202 2.5092512062248504 30
1694518593200 2.8883634020486557 31
1694518594155 3.192336662852208 32
1694518595188 3.4125781768365546 33
1694518596205 3.5465638740033234 34
1694518597129 3.5965147273400704 35
1694518598065 3.568573068847602 36
1694518598986 3.4715878689120636 37
1694518599896 3.3162484557294922 38
1694518600839 3.1140318156817717 39
1694518601772 2.876663870571415 40
1694518602786 2.6155569534891545 41
1694518603693 2.341372878355765 42
1694518604728 2.0636439456398468 43
1694518605861 1.7906955197835253 44
1694518606790 1.529454866058678 45
1694518607872 1.2854277079222347 46
1694518608885 1.0626511516831192 47
1694518609810 0.8638397696391482 48
1694518610756 0.6905033021519514 49
1694518611736 0.5430692930597796 50
1694518612777 0.421081989350352 51
1694518613809 0.32335371041874816 52
1694518614840 0.248128491569887 53
1694518615780 0.19321902112797404 54
1694518616727 0.1561663600599288 55
1694518618004 0.13438570756965018 56
1694518619308 0.1252861974475429 57
1694518620599 0.12632975391414186 58
1694518622244 0.13510387299711887 59
1694518623651 0.1494153156158142 60
1694518624837 0.1673229666873857 61
1694518625848 0.18712840777558526 62
1694518627515 0.20740944143559625 63
1694518630065 0.22699327782877687 64
1694518631696 0.24498480847844495 65
1694518633123 0.26073817069539534 66
1694518634832 0.2738299172848898 67
1694518635964 0.28400975493025143 68
1694518636892 0.29119705240125016 69
1694518637913 0.2954401493411833 70
1694518639107 0.2969015705508508 71
1694518640171 0.2958298839879955 72
1694518641267 0.29251583099220685 73
1694518642776 0.28728185289475916 74
1694518644162 0.2804728512401096 75
1694518645550 0.27244411833609317 76
1694518646835 0.26352668351904196 77
1694518647913 0.25403431570922647 78
1694518648858 0.24422419063945686 79
1694518649731 0.23433527527806142 80
1694518650530 0.22457769708825676 81
1694518651309 0.2151448297969562 82
1694518652162 0.2061679566362817 83
1694518653043 0.19774990269879705 84
1694518654024 0.18996583660540348 85
1694518655013 0.1828174772631087 86
1694518656613 0.17631498915393234 87
1694518657544 0.1704582160077133 88
1694518658453 0.16523776230414056 89
1694518659391 0.16065732565216237 90
1694518660282 0.15666811156169108 91
1694518661244 0.15322244744371227 92
1694518662238 0.15027436165158517 93
1694518663217 0.14777995714474615 94
1694518664246 0.14564318206348958 95
1694518665217 0.14381090833676222 96
1694518666250 0.14224348657522376 97
1694518667160 0.14091233828736735 98
1694518668055 0.1398242226265959 99
