1694703936642 167.50014585146576 0
1694703938069 166.0759947743555 1
1694703940272 164.6751754633297 2
1694703943025 163.29725429156045 3
1694703945133 161.94180596554688 4
1694703946727 160.60841336283994 5
1694703948353 159.29666737294588 6
1694703949733 158.00616674134645 7
1694703951065 156.7365179165743 8
1694703952349 155.48733490028388 9
1694703953732 154.25823910025878 10
1694703955178 153.04885918629765 11
1694703956833 151.8588309489225 12
1694703958332 150.68779716085385 13
1694703959766 149.5354074411983 14
1694703961381 148.40131812229507 15
1694703962714 147.28519211916992 16
1694703964154 146.1866988015443 17
1694703965425 145.10551386835058 18
1694703966648 144.04131922470302 19
1694703967906 142.99380286127754 20
1694703969204 141.96265873605176 21
1694703970592 140.9475866583597 22
1694703972124 139.94829217521553 23
1694703973535 138.96448645986163 24
1694703975023 137.99588620249762 25
1694703976572 137.04221350314717 26
1694703977917 136.10319576662093 27
1694703979375 135.17856559953418 28
1694703981176 134.26806070933898 29
1694703982495 133.37142380533132 30
1694703983818 132.48840250159446 31
1694703985094 131.61874922184026 32
1694703986500 130.7622211061116 33
1694703988121 129.91857991930914 34
1694703989634 129.0875919615065 35
1694703991099 128.2690279800189 36
1694703992718 127.46266308319133 37
1694703994271 126.66827665587103 38
1694703995649 125.88565227653329 39
1694703997133 125.11457763602637 40
1694703998690 124.35484445790442 41
1694704000186 123.60624842031778 42
1694704002252 122.86858907942899 43
1694704004469 122.14166979432554 44
1694704006091 121.42529765339937 45
1694704007829 120.71928340216482 46
1694704009539 120.02344137248626 47
1694704011244 119.33758941318847 48
1694704013297 118.66154882202177 49
1694704014875 117.99514427895612 50
1694704016504 117.33820378077762 51
1694704018107 116.69055857696215 52
1694704019619 116.05204310680072 53
1694704021553 115.42249493775267 54
1694704023144 114.80175470500161 55
1694704024643 114.18966605219178 56
1694704026054 113.58607557332041 57
1694704027414 112.99083275576436 58
1694704029075 112.40378992441829 59
1694704030505 111.82480218692284 60
1694704031996 111.25372737996122 61
1694704033671 110.6904260166033 62
1694704035193 110.13476123467701 63
1694704037020 109.5865987461464 64
1694704038641 109.0458067874767 65
1694704040081 108.51225607096782 66
1694704041940 107.98581973703583 67
1694704043351 107.46637330742544 68
1694704044840 106.95379463933386 69
1694704046277 106.4479638804294 70
1694704048048 105.94876342474613 71
1694704049902 105.45607786943825 72
1694704051479 104.96979397237709 73
1694704053247 104.48980061057395 74
1694704054990 104.0159887394132 75
1694704056759 103.54825135267895 76
1694704058125 103.08648344336058 77
1694704059556 102.63058196522124 78
1694704061022 102.18044579511486 79
1694704062555 101.73597569603645 80
1694704064188 101.29707428089188 81
1694704065767 100.86364597697282 82
1694704067408 100.43559699112292 83
1694704069325 100.01283527558176 84
1694704070999 99.59527049449346 85
1694704072724 99.1828139910668 86
1694704074255 98.77537875537402 87
1694704075743 98.3728793927759 88
1694704077806 97.97523209296092 89
1694704079376 97.58235459958628 90
1694704080948 97.1941661805092 91
1694704082334 96.81058759859683 92
1694704083816 96.43154108310353 93
1694704085443 96.05695030160416 94
1694704087055 95.68674033247312 95
1694704089957 95.32083763789748 96
1694704092577 94.95917003741498 97
1694704095100 94.60166668196514 98
1694704097712 94.24825802844518 99
