1694679417761 169.01027075332084 0
1694679418949 136.91225775867926 1
1694679420228 111.46283751774676 2
1694679421370 91.23296184599418 3
1694679422504 75.10754130889393 4
1694679423646 62.21560883295644 5
1694679425309 51.87612460374441 6
1694679426809 43.55590578367508 7
1694679427963 36.83695682561296 8
1694679429058 31.391089693677927 9
1694679430141 26.960198472848912 10
1694679431347 23.3409208842041 11
1694679432515 20.372704300328515 12
1694679433621 17.928514693404672 13
1694679434729 15.90759803856288 14
1694679436037 14.229836257519098 15
1694679437185 12.831342510108822 16
1694679438279 11.66102025113684 17
1694679439369 10.677872176185886 18
1694679440495 9.848893016632166 19
1694679441722 9.147417235162836 20
1694679442825 8.551821438107714 21
1694679443918 8.044503633885025 22
1694679445206 7.611078779389729 23
1694679446386 7.2397434926700805 24
1694679447558 6.9207732418605215 25
1694679448665 6.646123421987701 26
1694679449833 6.409112025909128 27
1694679451140 6.204166508550195 28
1694679452357 6.026621248876909 29
1694679453801 5.872554975155468 30
1694679455309 5.738659824767008 31
1694679456523 5.622135506534891 32
1694679457693 5.520603434701967 33
1694679458770 5.432036797428103 34
1694679459970 5.354703377294739 35
1694679461217 5.28711860983997 36
1694679462358 5.228006889782469 37
1694679463475 5.176269545308821 38
1694679464578 5.130958223448042 39
1694679465633 5.091252683457757 40
1694679466729 5.056442195325525 41
1694679467900 5.025909898638751 42
1694679469058 4.999119602304936 43
1694679470181 4.975604605007023 44
1694679471294 4.954958195391822 45
1694679472361 4.9368255541341135 46
1694679473452 4.920896830572454 47
1694679474524 4.9069012072167695 48
1694679475604 4.894601798152745 49
1694679476734 4.883791253837611 50
1694679478031 4.874287966271886 51
1694679479177 4.865932786046818 52
1694679480347 4.85858617709906 53
1694679481530 4.852125746778803 54
1694679483324 4.846444098551111 55
1694679484783 4.841446962695572 56
1694679485919 4.837051567060737 57
1694679487121 4.833185215516804 58
1694679488310 4.829784046433706 59
1694679489396 4.826791947452293 60
1694679490751 4.824159606144638 61
1694679491959 4.821843678979692 62
1694679493595 4.819806063408706 63
1694679494970 4.818013259930079 64
1694679496273 4.816435812742942 65
1694679497730 4.815047819099363 66
1694679499105 4.813826498755607 67
1694679500486 4.81275181603495 68
1694679501981 4.8118061479753225 69
1694679503612 4.81097399286624 70
1694679505285 4.810241714200402 71
1694679506804 4.809597315690968 72
1694679508254 4.809030243549932 73
1694679510099 4.808531212696818 74
1694679511724 4.80809205397994 75
1694679513538 4.807705579853109 76
1694679514776 4.8073654662655905 77
1694679516147 4.807066148798193 78
1694679517370 4.806802731319555 79
1694679518587 4.806570905647282 80
1694679519730 4.806366880883488 81
1694679520879 4.806187321256116 82
1694679522010 4.806029291439394 83
1694679523112 4.805890208451343 84
1694679524174 4.805767799335535 85
1694679525246 4.80566006393021 86
1694679526343 4.805565242112203 87
1694679527392 4.8054817849769815 88
1694679528476 4.805408329481246 89
1694679529563 4.805343676131587 90
1694679530628 4.8052867693529056 91
1694679531693 4.805236680214485 92
