1694691452267 5.688704649526456 0
1694691453701 4.644056915346481 1
1694691455035 5.203081611265368 2
1694691456315 5.141078577148105 3
1694691457964 4.738045618114661 4
1694691459301 4.650514256997952 5
1694691460565 4.9575152784962535 6
1694691461848 5.101051009655366 7
1694691463215 4.825412256484672 8
1694691464645 4.6661219978369335 9
1694691466348 4.841486350271878 10
1694691467893 4.970110132664873 11
1694691469030 4.279445858199189 12
1694691470204 5.053248448966485 13
1694691471288 5.1039926917292835 14
1694691472498 4.631061373604487 15
1694691473607 4.439890021904104 16
1694691474959 4.500652941987068 17
1694691476396 4.536786763597978 18
1694691478256 4.617503186179025 19
1694691480200 4.945172614123648 20
1694691482083 4.954959598812104 21
1694691483461 4.198618136244213 22
1694691484660 4.469980265724184 23
1694691485898 5.153474109045995 24
1694691487105 4.343411581542858 25
1694691488292 4.820721745420452 26
1694691489482 5.0267003592409 27
1694691490706 4.683335519092325 28
1694691491966 4.666431580058828 29
1694691493140 4.763325137771089 30
1694691494356 4.685354078166362 31
1694691495799 4.541966572970469 32
1694691497137 4.451541468174109 33
1694691498266 5.054671594124336 34
1694691499390 4.954914289973153 35
1694691500645 4.882800297534831 36
1694691501789 4.583326544006399 37
1694691502882 4.924871229934567 38
1694691504070 4.4219485710791995 39
1694691505226 4.814496148133299 40
1694691506311 4.444973172507971 41
1694691507502 4.967155431554986 42
1694691508581 4.8951353354847384 43
1694691509705 4.674888202955855 44
1694691510815 4.605911781723445 45
1694691511903 4.624898803466358 46
1694691513017 4.5007263085130615 47
1694691514252 5.036450727136798 48
1694691515468 4.808880145734348 49
1694691516695 5.018402777530434 50
1694691517896 5.074209894228175 51
1694691519103 4.741152260230691 52
1694691520397 4.886478400116146 53
1694691521732 4.691965847071534 54
1694691522790 4.95381093119016 55
1694691523961 4.698977336500646 56
1694691525270 5.006091851038665 57
1694691526580 4.742554228727579 58
1694691528373 4.670875010777398 59
1694691530439 4.964744766300586 60
1694691531707 5.354182250506023 61
1694691533016 4.77142557437719 62
1694691534308 4.764339503228371 63
1694691535371 4.56552394116443 64
1694691536820 5.477716287730131 65
1694691538496 4.670895474661608 66
1694691540529 4.9083271123060195 67
1694691542191 4.966990355940612 68
1694691543518 4.671954232050709 69
1694691545668 4.759292405813646 70
1694691547387 4.971253126931615 71
1694691549073 5.169242484889068 72
1694691550639 4.912405675773955 73
1694691552598 5.34656630165396 74
1694691554591 4.465610248348381 75
1694691556689 4.730430297196884 76
1694691559088 5.058271166791137 77
1694691561436 4.566313022005885 78
1694691562727 4.791307911726356 79
1694691564073 4.763154284899717 80
1694691565470 4.982022287048089 81
1694691566916 4.7158119465723365 82
1694691568171 4.371580894049929 83
1694691569385 4.928971538241355 84
1694691570493 4.920985534161065 85
1694691571580 5.487416691344794 86
1694691572834 5.148845861411289 87
1694691573972 4.61242063896686 88
1694691575183 4.608402338124767 89
1694691576335 4.824787580372674 90
1694691577410 4.92696088835214 91
1694691578621 4.41235256837036 92
1694691579634 4.522618226029297 93
1694691580790 5.1874390506745645 94
1694691581960 5.068003210877769 95
1694691583070 4.335469813248258 96
1694691584396 4.63423413425344 97
1694691585649 4.8055145271357045 98
1694691587055 5.068714271140343 99
1694691588507 4.673877324269002 100
1694691589721 4.970421787095305 101
1694691590957 4.664083751029516 102
1694691592018 5.148130318223899 103
1694691593236 5.243368562543873 104
1694691594362 4.773257540399752 105
1694691595504 5.106460194540039 106
1694691596877 4.754549071156672 107
1694691598004 5.123661202236075 108
1694691599585 4.812521807177858 109
1694691600982 4.7137331824021365 110
1694691602248 4.943358540282728 111
1694691603429 4.573032307973 112
1694691604504 4.571594036935046 113
1694691605692 5.429920771941804 114
1694691606751 4.864267792608297 115
1694691607987 5.060203544694184 116
1694691609260 4.629676887826476 117
1694691610327 5.052090631303987 118
1694691611454 5.066180108256801 119
1694691612540 4.862595637269843 120
1694691613558 4.645895069429758 121
1694691614811 4.777485128115211 122
1694691615820 4.69414008724665 123
1694691616838 4.628124518137932 124
1694691618041 4.372102401502029 125
1694691619131 4.9967112849867945 126
1694691620198 4.567315628498961 127
1694691621140 4.914923489870944 128
1694691622268 4.807155465916784 129
1694691623407 5.046253638220873 130
1694691624470 4.898546699494845 131
1694691625454 4.803252416177673 132
1694691626528 5.189795637985067 133
1694691627542 5.043015645605813 134
1694691628662 5.147459295788166 135
1694691629690 4.622549699758207 136
1694691630799 4.791277188858892 137
1694691631815 4.651257260908882 138
1694691632855 5.145016076226662 139
1694691633909 4.75975345311557 140
1694691634922 5.104333299146611 141
1694691636032 5.181408531182775 142
1694691637056 4.578097398374845 143
1694691638222 4.593898818021961 144
1694691639306 5.0318756747005375 145
1694691640367 4.555565019506265 146
1694691641513 4.945188054284341 147
1694691642664 4.500607637387937 148
1694691643805 4.550579515236447 149
1694691645090 5.202310485946582 150
1694691646121 4.556171716966128 151
1694691647171 4.854159113516312 152
1694691648545 4.624864503827804 153
1694691649962 5.022947918938276 154
1694691651541 4.910544064882225 155
1694691653130 4.890413256925239 156
1694691654487 4.532494678972635 157
1694691656349 5.026273263391227 158
1694691657667 4.920149155706352 159
1694691659175 4.625377318477591 160
1694691660518 4.649787169676059 161
1694691661845 5.131700612815122 162
1694691663109 5.169457947428642 163
1694691664242 4.846690764121271 164
1694691665372 4.580048217555304 165
1694691666450 5.060921146586201 166
1694691667555 4.931932354461021 167
1694691668658 4.942578655331134 168
1694691669862 4.663451833078161 169
1694691671143 4.856374346179016 170
1694691672371 4.729170502106831 171
1694691673509 4.622619107757487 172
1694691674570 4.65903357894957 173
1694691675572 4.799438032110411 174
1694691676617 4.354562366872828 175
1694691677853 4.605859314769183 176
1694691678913 4.79733339039447 177
1694691679919 4.8653572463201336 178
1694691680946 4.9599353271382665 179
1694691682031 4.865642169363384 180
1694691683191 4.674928830035903 181
1694691684394 4.5062282033310295 182
1694691685650 4.925936472905725 183
1694691686782 4.9576637648488 184
1694691687801 5.0655478067812085 185
1694691688841 4.928986306274619 186
1694691689832 4.766493942009562 187
1694691690869 4.734623848600636 188
1694691691909 5.276251573339727 189
1694691693172 4.860827455722659 190
1694691694337 4.982775846836709 191
1694691695368 4.842041512189068 192
1694691696489 4.385740616726761 193
1694691697500 4.361796777447478 194
1694691698604 4.504775092686299 195
1694691699690 4.781567508521639 196
1694691700950 4.5094361242245204 197
1694691702354 4.729716352777786 198
1694691703689 4.914086876939301 199
1694691705001 5.036077790785568 200
1694691706287 4.786549022748818 201
1694691707337 4.948246162443199 202
1694691708387 5.132723005272018 203
1694691709431 4.871364084107948 204
1694691710526 4.728932692478827 205
1694691711590 4.731102137534089 206
1694691712646 5.0414331434345225 207
1694691713662 4.556523823193218 208
1694691714988 4.690375205227811 209
1694691716406 4.689758545876518 210
1694691717669 5.153393894474433 211
1694691718917 5.038962140809282 212
1694691720118 4.4349402685020065 213
1694691721242 4.807236749000449 214
1694691722416 4.881510423259259 215
1694691723491 4.822499654961832 216
1694691724570 4.879970587537204 217
1694691725850 5.113955574617118 218
1694691726902 4.6200045339998015 219
1694691727910 4.6895811246909975 220
1694691728948 4.873924329383484 221
1694691730028 4.908313610936128 222
1694691731155 4.608111624152009 223
1694691732266 5.113190206743286 224
1694691733414 4.828772449651763 225
1694691734450 5.334254457543662 226
1694691735491 4.876181465419019 227
1694691736538 4.746714949946566 228
1694691737610 4.623651857949368 229
1694691738651 4.570731737438017 230
1694691739848 4.745393706828923 231
1694691740910 4.7993683674727725 232
1694691741992 4.736316908176214 233
1694691743039 4.598952072445686 234
1694691744157 4.663586464914912 235
1694691745317 4.852918537740794 236
1694691746429 4.844169074392356 237
1694691747484 4.753486188029561 238
1694691748539 5.0419619468000345 239
1694691749810 5.3841754411905685 240
1694691751258 5.170722036247181 241
1694691752560 4.489643897291827 242
1694691753803 4.779619719626512 243
1694691754814 4.997117178141934 244
1694691755890 5.044544362392032 245
1694691756990 4.907251645333126 246
1694691758073 4.835222801637949 247
1694691759185 4.678191543195465 248
1694691760240 4.348872075601373 249
1694691761340 5.003830411146681 250
1694691762379 4.800310334431842 251
1694691763434 4.670548388700101 252
1694691764479 4.567968307900922 253
1694691765525 5.341006850079477 254
1694691766602 4.282274617070822 255
1694691767662 4.766094670720461 256
1694691768736 4.920638394506247 257
1694691770023 5.054413786971745 258
1694691771576 5.126935710906311 259
1694691773008 5.007688465068599 260
1694691774497 4.943566909936368 261
1694691776671 4.1682718687587315 262
1694691780208 5.154929266194309 263
1694691781440 4.790024964073823 264
1694691782772 4.6686190976839335 265
1694691783990 4.427986305220014 266
1694691785331 4.407577815671024 267
1694691786605 5.153820663759345 268
1694691787939 4.67995798803876 269
1694691789356 4.3578041924974995 270
1694691790534 5.132178710571861 271
1694691791875 4.7191618019878225 272
1694691793091 4.602864579173692 273
1694691794461 4.865706145247334 274
1694691795640 4.978599232426452 275
1694691796938 4.98769242942659 276
1694691798262 4.952202203953062 277
1694691799679 5.028472730690245 278
1694691801389 5.05390995417785 279
1694691802568 5.0398731808216155 280
1694691803821 4.678375327838413 281
1694691805060 4.3624965937405 282
1694691806642 4.989052975450885 283
1694691808056 4.90158454888917 284
1694691809570 4.679141677055817 285
1694691810816 4.752499110830526 286
1694691812180 4.507452409422471 287
1694691813362 4.73045943118997 288
1694691814542 4.868349342052648 289
1694691816260 4.958365417472035 290
1694691818371 4.764051810879065 291
1694691820062 4.819950008232211 292
1694691821388 4.829783135951874 293
1694691822679 4.8410016710165 294
1694691824058 4.684625109309864 295
1694691825549 4.587674172948901 296
1694691827254 4.96007688560482 297
1694691828687 4.969635742694933 298
1694691829974 5.047656238544573 299
