1694696346902 168.54379126551402 0
1694696348295 165.19807082103898 1
1694696349780 161.92542401685105 2
1694696351402 158.72418888353482 3
1694696353118 155.59274212046222 4
1694696355103 152.52949818497441 5
1694696357155 149.53290840316012 6
1694696358815 146.6014601017156 7
1694696360669 143.73367576038515 8
1694696362296 140.92811218449233 9
1694696363824 138.18335969708357 10
1694696365676 135.49804135021796 11
1694696367661 132.8708121549473 12
1694696369298 130.30035832954204 13
1694696370985 127.785396565529 14
1694696372482 125.324673311117 15
1694696373930 122.91696407159719 16
1694696375398 120.56107272631387 17
1694696376868 118.25583086181199 18
1694696378691 116.00009712077677 19
1694696380098 113.7927565663894 20
1694696381538 111.63272006173277 21
1694696382857 109.51892366388898 22
1694696384256 107.45032803237955 23
1694696385755 105.42591785160725 24
1694696387060 103.44470126696687 25
1694696388374 101.50570933429945 26
1694696389689 99.60799548237361 27
1694696390997 97.75063498808358 28
1694696392271 95.93272446406228 29
1694696393530 94.15338135841395 30
1694696394888 92.41174346627866 31
1694696396307 90.7069684529473 32
1694696398036 89.0382333882527 33
1694696400240 87.40473429196912 34
1694696401931 85.80568568995827 35
1694696404764 84.2403201808067 36
1694696406436 82.70788801270568 37
1694696407962 81.20765667032946 38
1694696409418 79.73891047147546 39
1694696411199 78.30095017323367 40
1694696412951 76.89309258745956 41
1694696414448 75.51467020532928 42
1694696416211 74.16503083076147 43
1694696417815 72.84353722249548 44
1694696419513 71.54956674462008 45
1694696421319 70.28251102535235 46
1694696422874 69.04177562387076 47
1694696424483 67.82677970501139 48
1694696426003 66.63695572164058 49
1694696427647 65.47174910452173 50
1694696429284 64.33061795949878 51
1694696430917 63.21303277182229 52
1694696432537 62.11847611744906 53
1694696434059 61.046442381149525 54
1694696436561 59.99643748126167 55
1694696438555 58.96797860093372 56
1694696440439 57.96059392570151 57
1694696441988 56.973822387250834 58
1694696443589 56.00721341321729 59
1694696445277 55.060326682881346 60
1694696446959 54.13273188861808 61
1694696448512 53.22400850296566 62
1694696450004 52.333745551179184 63
1694696451663 51.461541389139775 64
1694696453145 50.60700348649217 65
1694696454735 49.769748214886796 66
1694696456451 48.949400641205315 67
1694696457907 48.145594325651665 68
1694696459717 47.35797112459324 69
1694696461266 46.586180998039694 70
1694696462845 45.82988182164946 71
1694696464444 45.088739203156855 72
1694696465869 44.36242630311495 73
1694696467604 43.65062365985205 74
1694696469411 42.95301901854196 75
1694696471532 42.2693071642907 76
1694696473678 41.59918975914457 77
1694696477127 40.94237518292666 78
1694696478909 40.298578377811246 79
1694696481522 39.667520696547555 80
1694696483670 39.04892975424667 81
1694696485625 38.44253928364701 82
1694696488056 37.84808899377636 83
1694696490138 37.26532443192983 84
1694696492171 36.69399684888553 85
1694696494357 36.13386306728124 86
1694696496731 35.584685353077326 87
1694696498908 35.04623129003297 88
1694696500590 34.51827365712446 89
1694696502338 34.00059030883591 90
1694696504020 33.492964058254586 91
1694696505321 32.99518256290449 92
1694696506880 32.50703821325356 93
1694696508281 32.02832802383117 94
1694696509826 31.55885352689441 95
1694696511362 31.098420668582772 96
1694696514141 30.646839707502632 97
1694696516226 30.203925115683937 98
1694696519286 29.769495481853262 99
