1694685039253 169.0102707533208 0
1694685041338 165.68266899039492 1
1694685042777 159.45028803013787 2
1694685043988 150.82736169083833 3
1694685045103 140.34844788609072 4
1694685046340 128.54155956824962 5
1694685047545 115.9069229050278 6
1694685048840 102.9010715917952 7
1694685050002 89.92584190538338 8
1694685051133 77.32173245793162 9
1694685052265 65.36503116378616 10
1694685053534 54.268084596374734 11
1694685054690 44.18208626426387 12
1694685056338 35.20178489477636 13
1694685057591 27.371556257256184 14
1694685059134 20.69233739498595 15
1694685060315 15.128985831161138 16
1694685061512 10.61769437930068 17
1694685063051 7.0731612223289995 18
1694685065915 4.395282135594566 19
1694685067217 2.475194924075228 20
1694685068445 1.200563697830977 21
1694685069726 0.4600414191629541 22
1694685071152 0.14689258136078379 23
1694685072441 0.1617936844880891 24
1694685073664 0.4148574541341613 25
1694685076136 0.8269478668909802 26
1694685078609 1.3303675662541 27
1694685081818 1.8690078819425406 28
1694685084739 2.3980552001683253 29
1694685088258 2.883346709679706 30
1694685090808 3.3004644079621253 31
1694685094330 3.633649503112774 32
1694685097130 3.87461074377736 33
1694685098343 4.021290433079338 34
1694685099881 4.076641528481136 35
1694685101757 4.047458802261056 36
1694685103013 3.9432969477919046 37
1694685104277 3.7754990849929273 38
1694685106430 3.55635057821871 39
1694685107941 3.298365587030335 40
1694685109779 3.0137074109322284 41
1694685111366 2.713738489938187 42
1694685112719 2.408691861263866 43
1694685114074 2.1074528870772493 44
1694685115292 1.8174380684033464 45
1694685116432 1.5445566350888673 46
1694685117570 1.2932402281426991 47
1694685119162 1.0665262405614577 48
1694685120654 0.8661811283887114 49
1694685123209 0.6928511230992163 50
1694685125841 0.5462291563086875 51
1694685128610 0.4252283467396611 52
1694685130857 0.32815400902079667 53
1694685133358 0.25286775003442596 54
1694685135994 0.1969387611486173 55
1694685138288 0.15777884756350077 56
1694685141209 0.1327590258822996 57
1694685144234 0.11930664633423098 58
1694685146623 0.11498294560006196 59
1694685148175 0.11754170747929604 60
1694685149724 0.12497030645852598 61
1694685151098 0.13551484402090627 62
1694685152558 0.14769137389351805 63
1694685153757 0.1602853678184067 64
1694685154969 0.1723416169482687 65
1694685156306 0.1831467153065878 66
1694685157450 0.19220615035426977 67
1694685158535 0.1992178500651901 68
1694685159673 0.20404382306004332 69
1694685160771 0.2066812934774624 70
1694685162042 0.2072344885097094 71
1694685163306 0.20588799486782955 72
1694685164886 0.20288236966902032 73
1694685166047 0.1984924780678625 74
1694685167204 0.19300883914715747 75
1694685168352 0.18672209615039578 76
1694685169469 0.1799105885471659 77
1694685170673 0.1728308918459549 78
1694685171951 0.1657111056178984 79
1694685173084 0.15874660915867153 80
1694685174189 0.15209796528060268 81
1694685175307 0.14589063318043224 82
1694685176392 0.14021614823661468 83
1694685177532 0.13513443695320998 84
1694685180389 0.13067695614409347 85
1694685182458 0.1268503740601295 86
1694685184509 0.12364054495669687 87
1694685186656 0.12101656531991917 88
1694685188909 0.11893473767565639 89
1694685190931 0.11734230498540682 90
1694685193195 0.11618085380680304 91
1694685195394 0.11538931669769231 92
1694685198141 0.11490653309821325 93
1694685201077 0.11467335272321899 94
1694685203145 0.11463428615410408 95
1694685205280 0.11473872384235165 96
1694685207641 0.1149417572895598 97
1694685210009 0.11520464503222475 98
1694685212746 0.11549497160197716 99
1694685214864 0.11578655027679151 100
1694685217279 0.11605912063847605 101
1694685219833 0.1162978901654763 102
1694685222466 0.11649296576447343 103
1694685224845 0.11663871669943712 104
1694685227223 0.11673310519512449 105
1694685229307 0.1167770154110042 106
1694685230717 0.11677360578957842 107
1694685231922 0.11672770421772828 108
1694685233708 0.11664526018856648 109
1694685235726 0.11653286335428675 110
1694685236967 0.11639733361369409 111
1694685238250 0.1162453842383506 112
1694685239506 0.11608335653160909 113
1694685240632 0.11591702212992293 114
1694685241717 0.1157514472677399 115
1694685242966 0.11559091209067661 116
1694685244296 0.11543887735889828 117
1694685245666 0.11529799056828076 118
1694685246726 0.11517012356176104 119
1694685247952 0.11505643403758148 120
1694685249383 0.11495744391744803 121
1694685250511 0.11487312825289749 122
1694685252237 0.11480300916527897 123
1694685253633 0.1147462501835777 124
1694685255214 0.11470174722224806 125
1694685257067 0.11466821329344411 126
1694685259537 0.1146442548472623 127
1694685260917 0.11462843835976097 128
1694685262017 0.11461934642807933 129
1694685263340 0.11461562317726351 130
