1694680545796 169.4292472947627 0
1694680546989 137.1551129415506 1
1694680548231 111.27227234944142 2
1694680549433 90.30092365341397 3
1694680550622 73.30653480984851 4
1694680551837 59.53256554985152 5
1694680553019 48.366443774324566 6
1694680554169 39.31305318471835 7
1694680555387 31.97061647326071 8
1694680556648 26.015007280100484 9
1694680557881 21.18309021251554 10
1694680559129 17.26097251509341 11
1694680560468 14.077602748221551 12
1694680561854 11.49201616848399 13
1694680563109 9.392195874507527 14
1694680564400 7.685446396236414 15
1694680565903 6.298369582214964 16
1694680567303 5.17046910316765 17
1694680568784 4.2521335798724635 18
1694680570592 3.5051024707865874 19
1694680572046 2.8961872803207207 20
1694680573564 2.400320633711381 21
1694680575126 1.995607279973759 22
1694680576532 1.6655930897711335 23
1694680577767 1.3958415919192733 24
1694680578936 1.1755199154549594 25
1694680580090 0.995424973788558 26
1694680581305 0.8474759620309017 27
1694680582469 0.7265682776423605 28
1694680583740 0.6270087739172009 29
1694680585011 0.5454545578098597 30
1694680586202 0.4781266418532919 31
1694680587380 0.42281510005162004 32
1694680588616 0.37702516791375895 33
1694680590254 0.33927418692892447 34
1694680591585 0.3079309366577023 35
1694680593713 0.28197890038075524 36
1694680595168 0.2603687113317448 37
1694680596672 0.2423824113268813 38
1694680598000 0.2273633137293473 39
1694680599307 0.2147848285945963 40
1694680600635 0.20425550925517244 41
1694680601999 0.19537183340190173 42
1694680603251 0.1879214589694195 43
1694680604493 0.18158059553511657 44
1694680605680 0.1762575902361593 45
1694680608168 0.1716810149903933 46
1694680610631 0.16784015590566048 47
1694680612728 0.1644987432231986 48
1694680614879 0.16169986578205564 49
1694680617036 0.15923164575420698 50
1694680619177 0.15717239667565003 51
1694680621765 0.15532791685554553 52
1694680624251 0.15379899739313022 53
1694680625908 0.1524049259100174 54
1694680628418 0.151260214185218 55
1694680629670 0.15019501660685103 56
1694680630925 0.1493315517664214 57
1694680632267 0.14850917505677386 58
1694680633553 0.1478536921975414 59
1694680634803 0.14721257123968706 60
1694680636081 0.1467123991050877 61
1694680637415 0.14620801114422996 62
1694680639711 0.14582488442358021 63
1694680641399 0.1454246762965346 64
1694680644019 0.1451305021990907 65
1694680646801 0.14481041062854563 66
1694680648753 0.14458435145863147 67
1694680650410 0.1443263978046525 68
1694680652165 0.14415284416605828 69
1694680654431 0.14394345770767847 70
1694680656135 0.1438106079421828 71
1694680657610 0.14363944615852695 72
1694680658960 0.1435383011577836 73
1694680660210 0.14339741142147816 74
1694680661475 0.14332105615535623 75
1694680662674 0.14320427379248638 76
1694680663886 0.14314735838068549 77
1694680665111 0.1430498697876828 78
1694680666274 0.14300823069873014 79
1694680667450 0.1429262528044329 80
1694680668729 0.14289663341150535 81
1694680670109 0.14282717597234657 82
