1694700696345 168.543791265514 0
1694700697820 167.1097426331599 1
1694700699501 165.69917594164193 2
1694700700963 164.31165488045573 3
1694700702648 162.94675152317555 4
1694700704204 161.6040461641973 5
1694700705723 160.28312715867963 6
1694700707368 158.98359076562048 7
1694700708911 157.7050409940073 8
1694700710434 156.44708945198082 9
1694700712188 155.2093551989527 10
1694700713818 153.99146460061962 11
1694700715589 152.79305118681646 12
1694700717200 151.61375551215303 13
1694700718965 150.4532250193796 14
1694700720648 149.31111390542762 15
1694700722255 148.1870829900733 16
1694700723831 147.08079958717187 17
1694700725429 145.9919373784133 18
1694700727125 144.92017628954832 19
1694700728584 143.86520236903772 20
1694700730237 142.82670766907637 21
1694700732231 141.80439012894587 22
1694700733971 140.7979534606497 23
1694700735734 139.8071070367864 24
1694700737603 138.8315657806166 25
1694700739458 137.87105005828096 26
1694700741075 136.92528557312676 27
1694700742624 135.99400326210161 28
1694700744177 135.07693919417395 29
1694700745686 134.17383447074025 30
1694700747463 133.28443512798023 31
1694700748952 132.4084920411216 32
1694700750505 131.5457608305769 33
1694700752070 130.69600176991585 34
1694700753490 129.85897969563692 35
1694700755043 129.03446391870298 36
1694700756585 128.2222281378065 37
1694700758056 127.42205035432998 38
1694700759694 126.63371278896884 39
1694700761168 125.85700179998356 40
1694700762687 125.09170780304996 41
1694700764331 124.33762519267508 42
1694700765860 123.59455226514902 43
1694700767432 122.8622911430021 44
1694700768871 122.14064770093778 45
1694700770367 121.42943149321245 46
1694700771968 120.72845568243389 47
1694700773486 120.03753696975026 48
1694700775157 119.35649552640254 49
1694700776862 118.68515492661369 50
1694700778359 118.02334208178803 51
1694700779986 117.37088717599565 52
1694700781678 116.72762360271614 53
1694700783410 116.09338790281707 54
1694700784861 115.46801970374351 55
1694700786616 114.85136165989377 56
1694700788338 114.24325939415935 57
1694700789816 113.64356144060511 58
1694700791738 113.05211918826843 59
1694700793524 112.4687868260543 60
1694700796043 111.89342128870565 61
1694700798761 111.32588220382767 62
1694700800270 110.76603183994511 63
1694700801817 110.21373505557274 64
1694700803266 109.6688592492789 65
1694700804728 109.13127431072263 66
1694700806165 108.60085257264552 67
1694700807792 108.0774687637993 68
1694700809195 107.56099996279096 69
1694700810651 107.05132555282736 70
1694700812128 106.54832717734205 71
1694700813530 106.0518886964862 72
1694700815218 105.56189614446767 73
1694700816798 105.07823768772087 74
1694700818338 104.60080358389177 75
1694700819784 104.12948614162103 76
1694700821152 103.66417968111126 77
1694700822591 103.20478049546128 78
1694700824020 102.75118681275366 79
1694700825371 102.30329875888013 80
1694700826873 101.86101832109068 81
1694700828254 101.42424931225186 82
1694700829741 100.99289733580093 83
1694700831212 100.5668697513817 84
1694700832636 100.14607564114893 85
1694700834252 99.73042577672834 86
1694700835699 99.31983258681902 87
1694700837109 98.9142101254262 88
1694700838535 98.51347404071132 89
1694700840150 98.11754154444826 90
1694700841710 97.72633138207277 91
1694700843130 97.33976380331447 92
1694700844535 96.95776053339932 93
1694700846005 96.58024474481189 94
1694700847497 96.20714102960625 95
1694700848945 95.83837537225442 96
1694700850342 95.4738751230227 97
1694700851914 95.11356897186467 98
1694700853570 94.7573869228213 99
