1694690765126 0.1809168795515114 0
1694690766835 0.09622820964996517 1
1694690768289 0.07079606515358793 2
1694690769593 0.18073323420716103 3
1694690770868 0.09459886352551866 4
1694690772074 0.09288458518914576 5
1694690773366 0.08575020312237125 6
1694690774586 0.09320805381087742 7
1694690775864 0.13847385382911478 8
1694690777095 0.07545314691687625 9
1694690778382 0.10117264112210336 10
1694690779551 0.08105231289922013 11
1694690780879 0.08442844987196707 12
1694690782385 0.09233066330284417 13
1694690790655 0.16537693652808166 14
1694690795044 0.09109638837028698 15
1694690797971 0.13025167630411852 16
1694690800126 0.083732754912175 17
1694690802123 0.1016536265954987 18
1694690805529 0.14041889555832945 19
1694690807624 0.09540892935134535 20
1694690809875 0.09269232466301627 21
1694690811540 0.15931195236144494 22
1694690813316 0.10023259383181844 23
1694690815246 0.08701766077182466 24
1694690817551 0.21455232897588394 25
1694690819450 0.11416669903268058 26
1694690821230 0.11454297789424399 27
1694690822932 0.10725368360825721 28
1694690824729 0.12034811460275474 29
1694690826303 0.1175005729564639 30
1694690828084 0.06411397311155823 31
1694690829755 0.1067391647349449 32
1694690831361 0.23114295026935142 33
1694690832850 0.1041726946247335 34
1694690834708 0.09146270481453599 35
1694690836374 0.06805940300905758 36
1694690837980 0.15810849210361588 37
1694690839468 0.06530623595941729 38
1694690840810 0.1019225899816829 39
1694690842348 0.06255886612552931 40
1694690843773 0.10338191586751125 41
1694690845745 0.09070987896728598 42
1694690847300 0.14517420014437696 43
1694690848669 0.10386708376611777 44
1694690849932 0.09275354823811242 45
1694690851180 0.07615182083681477 46
1694690852596 0.12490452379908608 47
1694690854000 0.15101258911111784 48
