1694771664696 105.76628617960975 0
1694771666560 66.89041598907379 1
1694771668468 37.98966581368278 2
1694771670253 23.521575140558504 3
1694771672179 14.149739940167194 4
1694771674098 8.414080464907954 5
1694771675741 5.536823666359453 6
1694771677831 3.5952469153791498 7
1694771679774 1.3167244640437201 8
1694771681505 1.5174979408213645 9
1694771683170 1.0469811161066063 10
1694771685058 0.4688582292231473 11
1694771686661 0.1597685120502514 12
1694771688360 0.19178420526479417 13
1694771690197 0.08156600738064598 14
1694771691851 0.1875524829083261 15
1694771693652 0.13827365035787126 16
1694771695289 0.07878655088829503 17
1694771697015 0.24069442720872103 18
1694771698608 0.032520991405800226 19
1694771700281 0.06317567218299275 20
1694771701994 0.10652454685386006 21
1694771703615 0.18649068347111517 22
1694771705424 0.06952759641293861 23
1694771707460 0.07176541429663622 24
1694771709413 0.05984717264584164 25
1694771711022 0.034562602075515994 26
1694771712702 0.05096677250596423 27
1694771714327 0.08593820215548584 28
1694771715960 0.10718990760099842 29
1694771718323 0.11917929306559052 30
1694771720075 0.21450145182476663 31
1694771722323 0.07370409675295575 32
1694771724550 0.07308161453519645 33
1694771726311 0.08578184864166705 34
1694771728104 0.09179698396982264 35
1694771729795 0.12850209430849313 36
1694771731467 0.02219066516694641 37
1694771733306 0.045169846868934285 38
1694771735716 0.08356198056405567 39
1694771737721 0.17359409221324956 40
1694771739714 0.08370741946115796 41
1694771741662 0.12601435008288375 42
1694771743456 0.11317930034226902 43
1694771745199 0.16904487368878934 44
1694771746957 0.14393667085950962 45
1694771748746 0.0566594918693993 46
1694771750521 0.07029094290175193 47
1694771752290 0.023927806973794243 48
1694771753918 0.17915358231442163 49
1694771755495 0.01738902962453564 50
1694771757145 0.2772141448414827 51
1694771758826 0.013132032354193371 52
1694771760486 0.07929056226127147 53
1694771762128 0.06862785615192728 54
1694771763794 0.047164332303568215 55
1694771765413 0.06312233162452797 56
1694771767144 0.07953327212644912 57
1694771768799 0.08256985592596068 58
1694771770376 0.14277359505345244 59
1694771772032 0.042649109655935914 60
1694771773701 0.2219840077251841 61
1694771775404 0.15655725127780043 62
1694771777074 0.06938371266574586 63
1694771778746 0.011875743137511649 64
1694771780458 0.12482122275578636 65
1694771782147 0.16903436826196203 66
1694771783853 0.1246574247486157 67
1694771785563 0.05915741680957337 68
1694771787312 0.15766872138363447 69
1694771789000 0.07184763299657566 70
1694771790698 0.05152351576724654 71
