1694687886052 169.42924729476263 0
1694687887144 166.0483328402614 1
1694687888241 159.7674099735909 2
1694687889376 151.1049385405393 3
1694687890451 140.59967769645345 4
1694687891616 128.78324418072668 5
1694687892734 116.15833010073678 6
1694687894017 103.18241251740095 7
1694687895265 90.2565901591515 8
1694687896452 77.71894479576531 9
1694687897550 65.84179749273503 10
1694687898779 54.832240775757846 11
1694687899932 44.83528300953625 12
1694687901088 35.938925557516356 13
1694687902250 28.180739439854342 14
1694687903382 21.555197164745586 15
1694687904526 16.02146013856792 16
1694687905633 11.511009296589544 17
1694687906798 7.935105508971155 18
1694687907938 5.191641299075965 19
1694687909088 3.1712593259330095 20
1694687910237 1.7626283602150603 21
1694687911376 0.8568226478001424 22
1694687912433 0.35079730740536036 23
1694687913548 0.1499904820034092 24
1694687914677 0.17011248950894545 25
1694687915821 0.3381409678226087 26
1694687916904 0.5928820841777677 27
1694687917996 0.884841741663379 28
1694687919212 1.1755572429662315 29
1694687920496 1.4368063837676486 30
1694687921627 1.6495153918540206 31
1694687922837 1.8025245546216166 32
1694687923970 1.8912499836117385 33
1694687925337 1.9165039647624493 34
1694687926872 1.883078763312054 35
1694687928383 1.7987305700518361 36
1694687929613 1.6730278620526982 37
1694687930880 1.5164886535093292 38
1694687932203 1.3398085895615 39
1694687933412 1.1532917832269236 40
1694687934652 0.9663656759261512 41
1694687936504 0.7872304961307557 42
1694687939202 0.622672570393068 43
1694687941217 0.47796879120181346 44
1694687942562 0.35687034851727534 45
1694687943815 0.2616680891238992 46
1694687945000 0.19329698380833693 47
1694687946130 0.1515103997398585 48
1694687947402 0.13507250592460188 49
1694687948593 0.14193038382799836 50
1694687949743 0.16940674574189976 51
1694687950912 0.2144200380931324 52
1694687952050 0.27366221170082433 53
1694687953163 0.3437268522061288 54
1694687954257 0.42126185580156195 55
1694687955418 0.5030820234151243 56
1694687956528 0.586240049607841 57
1694687957631 0.6681269284506683 58
1694687958735 0.7465000785207976 59
1694687959885 0.8195053744865066 60
1694687961063 0.8856877815867976 61
1694687962203 0.9439590880932176 62
1694687963332 0.9935948601606157 63
1694687964467 1.0342040519670237 64
1694687965645 1.0656921590153112 65
1694687966748 1.088220347862382 66
1694687967892 1.1021531301972676 67
1694687969032 1.1080330998015306 68
1694687970144 1.1065341191317453 69
1694687971315 1.0984219443618477 70
1694687972431 1.0845184754550548 71
1694687973596 1.0656660774440188 72
1694687974700 1.0427004851836874 73
1694687975806 1.016436105748193 74
1694687976938 0.9876480692126346 75
1694687978092 0.9570611608572342 76
1694687979192 0.9253323357681899 77
1694687980414 0.8930503845590197 78
1694687981547 0.8607326543066337 79
1694687982665 0.8288128709353958 80
1694687983826 0.7976615256900464 81
1694687984972 0.767584686256371 82
1694687986165 0.7388280273298689 83
1694687987315 0.7115871373664702 84
1694687988417 0.6859961644778255 85
1694687989531 0.6621464732116896 86
1694687990670 0.6400922785865683 87
1694687991797 0.6198560862195757 88
1694687992934 0.6014204945224242 89
1694687994101 0.5847563791501652 90
1694687995254 0.5698196680755371 91
1694687996382 0.5565544796576424 92
1694687997499 0.5449017387592131 93
1694687998782 0.5347826758957032 94
1694687999981 0.526115285242503 95
1694688001140 0.5188157305309401 96
1694688002249 0.5127894351876823 97
1694688003422 0.5079500781842725 98
1694688004548 0.5042206041478725 99
1694688005676 0.5015075379372114 100
1694688006844 0.49973524919184453 101
1694688007976 0.4988214046362896 102
1694688009116 0.49867840636525496 103
1694688010338 0.49922952593958897 104
1694688011467 0.5004065775914093 105
1694688012588 0.5021358046004117 106
1694688013700 0.5043404753794836 107
1694688014851 0.5069594275890252 108
1694688016056 0.509921353516762 109
1694688017223 0.5131656012272621 110
1694688018362 0.5166384404772928 111
1694688019478 0.5202831806824791 112
1694688020624 0.5240481088682738 113
1694688021791 0.5278793368632099 114
1694688022939 0.5317317118153871 115
1694688024059 0.5355695475099895 116
1694688025176 0.5393500722579443 117
1694688026334 0.5430445598620149 118
1694688027469 0.5466232405553512 119
1694688028555 0.5500549969762093 120
1694688029661 0.5533180845939747 121
1694688030819 0.556399306315278 122
1694688032007 0.5592836138206287 123
1694688033153 0.5619546620995659 124
1694688034351 0.5644050091616628 125
1694688035519 0.5666344359173119 126
1694688036724 0.5686404516787225 127
1694688038062 0.5704246143795226 128
1694688039521 0.5719839638384011 129
1694688040802 0.573323091313452 130
1694688041990 0.5744502405477233 131
1694688043193 0.5753795577051505 132
1694688044409 0.5761199036047115 133
1694688045569 0.5766828410565176 134
1694688047048 0.5770746448210151 135
1694688048427 0.577307851433164 136
1694688049719 0.5773970564365738 137
1694688050995 0.5773600589633163 138
1694688052152 0.5772088793922976 139
1694688053311 0.5769571712074917 140
1694688054526 0.5766195302007681 141
1694688055784 0.5762023559506111 142
1694688056959 0.5757167297146091 143
1694688058118 0.5751752037129305 144
1694688059508 0.5745910788044919 145
1694688060712 0.5739793322501305 146
1694688061906 0.5733475057998032 147
1694688063042 0.5727043291463838 148
1694688064206 0.5720591331148738 149
1694688065295 0.5714143507569107 150
1694688066507 0.5707757467003854 151
1694688067704 0.570150142079315 152
1694688068855 0.5695474364366485 153
1694688070063 0.5689710317396658 154
1694688071253 0.5684251702132582 155
1694688072402 0.5679074629725601 156
1694688073579 0.5674199908688957 157
1694688074772 0.5669703679950593 158
1694688076013 0.56655978594412 159
1694688077486 0.5661825552274494 160
1694688078891 0.565839262360664 161
1694688080122 0.5655360239810141 162
1694688081309 0.5652718724871161 163
1694688082538 0.5650397636589843 164
1694688083863 0.5648392327044099 165
1694688085014 0.5646745333934127 166
1694688086198 0.5645434326738805 167
1694688087422 0.5644449431673574 168
1694688088557 0.5643705350940934 169
1694688089739 0.5643178938009126 170
1694688091020 0.5642864048196535 171
