1694719995607 0.017097103294957942 0
1694719997842 0.6361657212650236 1
1694719999962 0.26225326634163193 2
1694720001982 0.838808466630173 3
1694720004082 0.03693353482012494 4
1694720006391 0.4384175169584988 5
1694720008835 0.320817923944644 6
1694720010710 0.06564339233674726 7
1694720013095 0.0007391009871353499 8
1694720015479 0.0013907151473847793 9
1694720017738 0.057281594879883414 10
1694720020124 0.10404573722562038 11
1694720022460 0.0016517031184799793 12
1694720024917 0.011393544783139472 13
1694720027227 0.20374932235422602 14
1694720029465 0.09217147755121463 15
1694720031615 0.062365354189014226 16
1694720033761 0.053428285620045556 17
1694720036675 0.009562036291034732 18
1694720038748 4.419120750264799e-05 19
1694720041023 0.0007760532275992715 20
1694720043568 0.00021877145778074415 21
1694720045762 3.4592093893815514e-09 22
1694720048343 0.05511091005233922 23
1694720050501 0.16044467711844435 24
1694720052894 3.0839770437268657 25
1694720055256 1.5986530474715792e-05 26
1694720058068 13.616185603591536 27
1694720061232 0.20338925229515395 28
1694720063495 0.38010849807040137 29
1694720065714 0.014745683231044667 30
1694720068114 0.012558222346671446 31
1694720070237 0.25695181940935197 32
1694720072607 1.3548830507786223 33
1694720075166 0.07229494532605027 34
1694720077609 0.35019513697183374 35
1694720079911 0.013434426522314911 36
1694720082290 0.017918025184545154 37
1694720084733 0.1614239310312604 38
1694720086790 0.00037594883793154265 39
1694720089017 0.02532202386428965 40
1694720091149 0.4783233022399646 41
1694720093420 2.3187971558419674e-05 42
1694720096164 0.20100726374380595 43
1694720098265 0.10576809996763659 44
1694720100648 0.11470105648512008 45
1694720102992 0.6257224953214422 46
1694720105267 0.07919354242722149 47
1694720107446 6.481199302890609 48
1694720109659 2.976233079079061 49
1694720112043 0.24902186569291174 50
1694720114104 0.0066609588906447765 51
1694720116478 1.4575590799297002 52
1694720118738 0.09486026188624232 53
1694720121079 0.003382188971614303 54
1694720123413 0.07135029052393033 55
1694720125607 0.016955127577012258 56
1694720128004 0.06124529098058285 57
1694720130367 0.8652936747003004 58
1694720132740 0.005955896460198576 59
1694720134980 0.05650125377113825 60
1694720137619 0.6311790434905576 61
1694720139888 0.2967817673262133 62
1694720142177 0.1068552064056201 63
1694720144803 0.0009238989191927129 64
1694720146944 0.05840335284778249 65
1694720149287 0.05401257207264909 66
1694720151445 0.007890021136604398 67
1694720153723 0.10583325538122818 68
1694720156336 0.38487793272644355 69
1694720158500 0.0016623260182861202 70
1694720160968 0.003368843705030117 71
1694720163205 0.1511040067538634 72
1694720165317 6.152230418375679 73
1694720167232 2.8792944457477994 74
1694720169224 5.20787615024193 75
1694720171105 0.00036043079703104784 76
1694720173147 0.038472027838400265 77
1694720175053 0.0044849968859030885 78
1694720177076 0.7461681313267062 79
1694720178986 0.1299757622111936 80
1694720180996 0.027543564786917166 81
1694720182924 0.028522056262449125 82
1694720185001 0.9661774392978963 83
1694720187800 0.04414533251894536 84
1694720189659 0.033330481301474646 85
1694720191747 0.00018701657015141528 86
1694720193779 0.009539597848426649 87
1694720195969 0.05474979341449942 88
1694720198071 0.017129149041945953 89
1694720200435 0.012583924562276088 90
1694720202467 1.2839669936563678 91
1694720204749 0.07320711935032526 92
1694720206817 0.030990237318369314 93
1694720209052 0.0009164809014299629 94
1694720212005 0.003197860451378931 95
1694720214714 0.15100054340883007 96
1694720217186 1.573100121868562 97
1694720219231 0.10529908712701397 98
1694720221522 0.2223435046003845 99
