1694446201955 -239.32384704812617 0
1694446202672 -193.48320114987771 1
1694446204119 -156.74065671040867 2
1694446206008 -126.98108598161997 3
1694446208016 -102.8740394858525 4
1694446209443 -83.34081659385843 5
1694446210919 -67.5103355651623 6
1694446212102 -54.67778098017312 7
1694446213290 -44.273403987736884 8
1694446214977 -35.83581596192353 9
1694446216374 -28.989749232350686 10
1694446217587 -23.43556629816167 11
1694446218709 -18.926041957809424 12
1694446219611 -15.26553258029601 13
1694446220451 -12.292560244093387 14
1694446221303 -9.875392352973854 15
1694446222093 -7.911831974696186 16
1694446222981 -6.313830603535801 17
1694446223781 -5.014717665156255 18
1694446224856 -3.957409597551072 19
1694446225753 -3.094952077104433 20
1694446226842 -2.3932187072392908 21
1694446228087 -1.8199840496196154 22
1694446229174 -1.3530301669260196 23
1694446230794 -0.9718631884256399 24
1694446231819 -0.6592030169746201 25
1694446232626 -0.40436860919283824 26
1694446233536 -0.19488476842996816 27
1694446234714 -0.023838469578673527 28
1694446235812 0.11634260641308802 29
1694446236813 0.23249827404032386 30
1694446237690 0.3272346575094257 31
1694446239629 0.4059844147179079 32
1694446240332 0.47038098062520184 33
1694446240962 0.5240887261332872 34
1694446241808 0.568154994230116 35
1694446242477 0.6044846072183099 36
1694446243032 0.6354420767733057 37
1694446243618 0.6605636100553747 38
1694446244259 0.6820730061509999 39
1694446244965 0.6996015914650118 40
1694446245653 0.714675916748708 41
1694446246326 0.7270278763761797 42
1694446246973 0.7376896922961206 43
1694446247941 0.7464868652156588 44
1694446248843 0.7541002445840597 45
1694446249584 0.7604365254405554 46
1694446250216 0.7659263901628547 47
1694446250745 0.770543746351956 48
1694446251253 0.7745410929408673 49
1694446251734 0.7779460371713793 50
1694446252208 0.7808843183610239 51
1694446252790 0.7834251597956229 52
1694446253367 0.7856044240238164 53
1694446253987 0.7875226451151834 54
1694446254612 0.7891523544682411 55
1694446255258 0.7906168887724162 56
1694446255957 0.7918446080689184 57
1694446256481 0.7929747953605385 58
1694446257017 0.7939054963600438 59
1694446257603 0.7947865223584778 60
1694446258150 0.7954956369634215 61
1694446258697 0.7961889709446918 62
1694446259167 0.7967312673531227 63
1694446259798 0.7972817596019326 64
1694446260373 0.7976974167887856 65
1694446260997 0.7981381571320662 66
1694446261537 0.7984569519706836 67
1694446262054 0.7988126208442091 68
1694446262558 0.7990568373945366 69
1694446263083 0.7993460366503455 70
1694446263683 0.7995325052970058 71
1694446264263 0.7997693943540749 72
1694446264824 0.7999109345245645 73
1694446265564 0.8001063903167014 74
1694446266172 0.8002128413923093 75
1694446266783 0.8003752893512186 76
