1694720506232 0.2190304685472512 0
1694720508301 0.009224547001873489 1
1694720510657 0.07376123696763603 2
1694720512876 0.058379367191961636 3
1694720515901 0.32826087423446454 4
1694720518174 0.010893453039759058 5
1694720520230 0.001992687510383165 6
1694720522992 0.01518567044131642 7
1694720525261 0.05701772009741511 8
1694720527527 0.013547773122098499 9
1694720529544 0.0024343116767597374 10
1694720531720 0.11437627815433825 11
1694720534055 0.014639537059726274 12
1694720536112 0.01339824196538031 13
1694720538234 0.12468095695257349 14
1694720540652 0.0042347442828726415 15
1694720542714 0.028135004041655483 16
1694720544600 0.0012357808043377333 17
1694720546736 0.023224062084550624 18
1694720549021 0.23901949722147847 19
1694720551107 0.018971049612754875 20
1694720553174 0.004448068857532974 21
1694720555209 0.2665434655429958 22
1694720557071 0.2627008585613784 23
1694720559286 0.03749102698778303 24
1694720561227 0.9058023425498265 25
1694720563381 0.09151908990340774 26
1694720566107 0.024509095667329017 27
1694720568459 0.22981153289370157 28
1694720570648 0.3230868728876949 29
1694720572700 0.014802515279265056 30
1694720575658 0.00430782623036302 31
1694720577935 0.004048548707577503 32
1694720579947 0.002473700920850423 33
1694720581944 0.024455103855070714 34
1694720584289 0.4659241588405549 35
1694720586501 0.2857349528187116 36
1694720588491 0.021054214096783083 37
1694720590595 0.34561267129351675 38
1694720592512 0.05034104115219718 39
1694720594709 0.0006285268432279568 40
1694720596917 8.480751128750439e-06 41
1694720599189 0.0703018867945007 42
1694720601063 0.07239212632057344 43
1694720603177 0.08466376263981161 44
1694720605147 0.013509701124043613 45
1694720607670 0.07320370086275006 46
1694720610081 0.002052109099333859 47
1694720612098 0.0031278100548070465 48
1694720614461 0.2801350581722687 49
1694720617097 0.020468293076943853 50
1694720619459 0.14584006763475635 51
1694720621826 0.20115504626585332 52
1694720624428 0.022690515582193784 53
1694720626997 0.08306327831248199 54
1694720629500 0.00010626178235048694 55
1694720631728 0.42156940870452303 56
1694720635349 0.04365168038194333 57
1694720638173 0.15326424718685305 58
1694720640302 0.4316721036489105 59
1694720643492 0.00850883679560062 60
1694720645723 0.3534118260196425 61
1694720648100 0.0036186851125188575 62
1694720650577 0.030484279168474557 63
1694720652806 0.005624385418846848 64
1694720655340 0.07466967100685094 65
1694720657442 0.018131385316719515 66
1694720660009 0.001285921163408812 67
1694720662510 0.09208050167126557 68
1694720664611 0.10193723558719611 69
1694720667199 3.0323514482203714e-05 70
1694720669784 0.2605866641553062 71
1694720671885 0.0034934421073596024 72
1694720674101 4.1994032055445576e-05 73
1694720676794 0.12017942611448228 74
1694720679080 4.933312605735385e-05 75
1694720681308 0.08492633174825977 76
1694720683578 0.003724716113148382 77
1694720686205 0.18005453892729917 78
1694720688489 0.06960594863564246 79
1694720691076 0.05478106353716352 80
1694720693592 0.03570669181595211 81
1694720696615 0.1619379581741872 82
1694720699086 0.05204071923515178 83
1694720701183 0.1519608620749603 84
1694720704118 0.008002813034396964 85
1694720706287 0.002541322383494275 86
1694720708389 0.0005004844617801556 87
1694720710919 0.07517903658240228 88
1694720713372 0.0002315980224319237 89
1694720715633 0.0010906852530758212 90
1694720717987 0.06917273851107208 91
1694720720498 0.07733303094490014 92
1694720723031 0.0005416652343033195 93
1694720725261 0.15511156953530322 94
1694720727552 0.0003596647967572911 95
1694720730252 0.0035403298320356453 96
1694720732346 0.003931168672754566 97
1694720734632 0.12212344697762788 98
1694720737185 0.872570705369068 99
