1694451836116 -239.3238470481262 0
1694451837050 -193.48320114987771 1
1694451837909 -156.74065671040867 2
1694451838935 -126.98108598161997 3
1694451839871 -102.8740394858525 4
1694451840840 -83.34081659385843 5
1694451842070 -67.5103355651623 6
1694451843555 -54.67778098017312 7
1694451845092 -44.273403987736884 8
1694451846924 -35.83581596192353 9
1694451848288 -28.989749232350682 10
1694451849766 -23.435566298161667 11
1694451850834 -18.926041957809446 12
1694451852039 -15.265532580296028 13
1694451853199 -12.292560244093401 14
1694451854305 -9.875392352973867 15
1694451855277 -7.911831974696197 16
1694451856251 -6.3138306035358145 17
1694451857234 -5.014717665156266 18
1694451858175 -3.957409597551081 19
1694451859079 -3.094952077104442 20
1694451860030 -2.393218707239298 21
1694451860945 -1.8199840496196216 22
1694451861973 -1.35303016692602 23
1694451862821 -0.9718631884256397 24
1694451863716 -0.6592030169746199 25
1694451864643 -0.40436860919283824 26
1694451865565 -0.19488476842996816 27
1694451866484 -0.023838469578673527 28
1694451867453 0.11634260641308791 29
1694451868406 0.23249827404032386 30
1694451869422 0.3272346575094257 31
1694451870280 0.405984414717908 32
1694451871162 0.47038098062520173 33
1694451872158 0.5240887261332872 34
1694451873031 0.5681549942301158 35
1694451873933 0.6044846072183099 36
1694451874793 0.6354420767733056 37
1694451875623 0.6605636100553747 38
1694451876560 0.6820730061509997 39
1694451877421 0.6996015914650118 40
1694451878280 0.714675916748708 41
1694451879176 0.7270278763761795 42
1694451880123 0.7376896922961207 43
1694451880983 0.7464868652156589 44
1694451881963 0.7541002445840597 45
1694451882898 0.7604365254405555 46
1694451883862 0.7659263901628547 47
1694451884791 0.770543746351956 48
1694451885816 0.7745410929408673 49
1694451886809 0.7779460371713793 50
1694451887689 0.780884318361024 51
1694451888588 0.7834251597956229 52
1694451889526 0.7856044240238164 53
1694451890448 0.7875226451151833 54
1694451891356 0.7891523544682411 55
1694451892337 0.7906168887724162 56
1694451893242 0.7918446080689184 57
1694451894330 0.7929747953605384 58
1694451895174 0.7939054963600438 59
1694451896316 0.7947865223584778 60
1694451897267 0.7954956369634215 61
1694451898203 0.7961889709446919 62
1694451899154 0.7967312673531227 63
1694451900152 0.7972817596019326 64
1694451901293 0.7976974167887856 65
1694451902473 0.7981381571320662 66
1694451903417 0.7984569519706834 67
1694451904319 0.798812620844209 68
1694451905188 0.7990568373945366 69
1694451906059 0.7993460366503456 70
1694451906903 0.7995325052970058 71
1694451907771 0.7997693943540749 72
1694451908894 0.7999109345245645 73
1694451910046 0.8001063903167014 74
1694451911155 0.8002128413923093 75
1694451912408 0.8003752893512186 76
