1694696013107 168.54379126551402 0
1694696014411 165.19807082103898 1
1694696015692 161.9188325649684 2
1694696017214 158.7047549522554 3
1694696018466 155.55454271965803 4
1694696019738 152.46692636277487 5
1694696021412 149.44066162349404 6
1694696022972 146.47452898764809 7
1694696024747 143.56733319267136 8
1694696025942 140.71790274506054 9
1694696027245 137.92508944744296 10
1694696028444 135.1877679350612 11
1694696029661 132.50483522148636 12
1694696030936 129.87521025337617 13
1694696032236 127.29783347409766 14
1694696033464 124.77166639603755 15
1694696034953 122.2956911814276 16
1694696036243 119.8689102315151 17
1694696037554 117.49034578391225 18
1694696038777 115.15903951796105 19
1694696040339 112.874052167955 20
1694696041604 110.63446314406 21
1694696042977 108.43937016078158 22
1694696044195 106.2878888728283 23
1694696045409 104.1791525182233 24
1694696046602 102.1123115685204 25
1694696047934 100.0865333859827 26
1694696049146 98.10100188758494 27
1694696050499 96.15491721570415 28
1694696052011 94.24749541536484 29
1694696053326 92.37796811790858 30
1694696054761 90.54558223095955 31
1694696056009 88.74959963456112 32
1694696057308 86.98929688336024 33
1694696058760 85.2639649147193 34
1694696060046 83.57290876263723 35
1694696061394 81.91544727736446 36
1694696062669 80.29091285059802 37
1694696064012 78.69865114614565 38
1694696065303 77.13802083595031 39
1694696066664 75.60839334136799 40
1694696068012 74.10915257959437 41
1694696069297 72.63969471513768 42
1694696070578 71.19942791623744 43
1694696072082 69.7877721161304 44
1694696073313 68.40415877906717 45
1694696074660 67.04803067098516 46
1694696075912 65.71884163474468 47
1694696077447 64.41605636983793 48
1694696079150 63.139150216481156 49
1694696080475 61.887608944003084 50
1694696081857 60.660928543444186 51
1694696083148 59.458615024282516 52
1694696084830 58.28018421520429 53
1694696086134 57.12516156883857 54
1694696087746 55.993081970377155 55
1694696089166 54.88348955000218 56
1694696090757 53.79593749904585 57
1694696092362 52.729987889807774 58
1694696093609 51.68521149895731 59
1694696094997 50.66118763444922 60
1694696096321 49.65750396588306 61
1694696097572 48.67375635823752 62
1694696098838 47.70954870891254 63
1694696100529 46.76449278801341 64
1694696101720 45.83820808181231 65
1694696102980 44.93032163932403 66
1694696104134 44.04046792193376 67
1694696105463 43.16828865601651 68
1694696106658 42.31343268848816 69
1694696108007 41.4755558452302 70
1694696109221 40.65432079233067 71
1694696110580 39.84939690008546 72
1694696111913 39.060460109704756 73
1694696113230 38.28719280267116 74
1694696114647 37.529283672696316 75
1694696115930 36.78642760022459 76
1694696117152 36.05832552943301 77
1694696118372 35.34468434767776 78
1694696119875 34.64521676733858 79
1694696121256 33.95964121001336 80
1694696122965 33.28768169301609 81
1694696124331 32.62906771813238 82
1694696125904 31.98353416258759 83
1694696127351 31.35082117218354 84
1694696129018 30.730674056560694 85
1694696130552 30.122843186543438 86
1694696132490 29.527083893526992 87
1694696134177 28.943156370865484 88
1694696135949 28.370825577221126 89
1694696137289 27.809861141835675 90
1694696138926 27.260037271685814 91
1694696140610 26.72113266048496 92
1694696141982 26.19293039949483 93
1694696143287 25.67521789011068 94
1694696144671 25.167786758185027 95
1694696145978 24.67043277005506 96
1694696147357 24.182955750240087 97
1694696148705 23.705159500775654 98
1694696150027 23.23685172215172 99
