1694627449841 168.54379126551402 0
1694627451374 154.73661687003528 1
1694627452947 132.63756957026226 2
1694627454500 109.18651520682054 3
1694627456018 90.13921497887719 4
1694627457440 78.39380922745214 5
1694627459085 73.65700664827186 6
1694627460600 73.29724792942112 7
1694627462043 73.83787011582756 8
1694627463538 72.42337586477079 9
1694627464940 67.73653185179116 10
1694627466509 60.14909833533939 11
1694627468178 51.212188506046566 12
1694627469569 42.8122609957579 13
1694627471135 36.37550947825941 14
1694627472823 32.408250934499556 15
1694627474285 30.478589630766333 16
1694627475835 29.559299715597163 17
1694627477300 28.532462566073143 18
1694627478878 26.634256437118022 19
1694627480370 23.68288009240738 20
1694627481774 20.043380434615123 21
1694627483403 16.390304071081136 22
1694627484820 13.393574140613294 23
1694627486246 11.458915948554074 24
1694627487764 10.610241617534653 25
1694627488974 10.533134700565801 26
1694627490378 10.735651422845486 27
1694627491837 10.7472764242579 28
1694627493087 10.276980092326388 29
1694627494422 9.280356333335103 30
1694627495974 7.927822050832026 31
1694627497210 6.5030962743050615 32
1694627498716 5.280954662774556 33
1694627500117 4.431622061206018 34
1694627501577 3.9807152251303606 35
1694627503091 3.8282348470639556 36
1694627504814 3.808260723381173 37
1694627506261 3.759964919444211 38
1694627507785 3.5822584982271146 39
1694627509170 3.255760519385232 40
1694627510498 2.83082723859059 41
1694627511971 2.392924923967891 42
1694627513286 2.0225964363960713 43
1694627514888 1.7657714705212435 44
1694627516403 1.6232123417369602 45
1694627517773 1.5590853085178724 46
1694627519288 1.5215887649614401 47
1694627520958 1.4655063303930616 48
1694627522354 1.3678339396020882 49
1694627523828 1.2319399900136638 50
1694627525123 1.080879671880299 51
1694627526643 0.9444262780074489 52
1694627528034 0.8458777847072574 53
1694627529418 0.7936568484575973 54
1694627530812 0.7800100914689362 55
1694627532418 0.7860457915541617 56
1694627533832 0.790128406715131 57
1694627535272 0.7759372463566461 58
1694627536830 0.7372783080901227 59
1694627538245 0.6784496997313073 60
1694627539811 0.6108019941915045 61
1694627541240 0.5474063059200139 62
1694627542815 0.4980844679135626 63
1694627544329 0.46651442037007795 64
1694627545713 0.45006069340729726 65
1694627547251 0.4418786809754546 66
1694627548471 0.4341094444623408 67
1694627549768 0.42081524516255336 68
1694627551125 0.3996583272936311 69
1694627552445 0.37197024299453607 70
1694627553637 0.3415065876732207 71
1694627555052 0.3125970926077531 72
1694627556346 0.2884779924741726 73
1694627557824 0.2703701954055621 74
1694627559309 0.2574828598754036 75
1694627560704 0.2477487872349223 76
1694627562140 0.23886967952213106 77
1694627563765 0.2292209023936905 78
1694627565412 0.21830813864734253 79
1694627566799 0.20669626197488422 80
1694627568318 0.19554332923677434 81
1694627569750 0.18599432509969407 82
1694627571363 0.17869274950602734 83
1694627572802 0.17357476258286453 84
1694627574152 0.1699734812187722 85
1694627575864 0.16693929718511802 86
1694627577262 0.16361801027529366 87
1694627578819 0.15953513435849534 88
1694627580310 0.15469641035980466 89
1694627581873 0.1494983849364695 90
1694627583446 0.14451389627612699 91
1694627584802 0.14025168029412866 92
1694627586225 0.1369811606662623 93
1694627587841 0.13467359558164843 94
1694627589224 0.13305952632129983 95
1694627590742 0.13176066508990097 96
1694627592198 0.13043542568291697 97
1694627593673 0.128883844856606 98
1694627595194 0.1270825075495253 99
