1694620707835 169.64084248330963 0
1694620709063 166.1927940160645 1
1694620710292 159.84573710322303 2
1694620711490 151.12085011292075 3
1694620712701 140.55907324876054 4
1694620714025 128.69367161522712 5
1694620715222 116.02845738334575 6
1694620716482 103.02153320962262 7
1694620717701 90.07413570442907 8
1694620719026 77.52403567862638 9
1694620720274 65.64287455446751 10
1694620721522 54.6368012242965 11
1694620722715 44.64968635011543 12
1694620724090 35.76830674153579 13
1694620725306 28.028924221595172 14
1694620726664 21.424707673262514 15
1694620727992 15.913530964648942 16
1694620729262 11.425658597682354 17
1694620730520 7.871478735390451 18
1694620731896 5.148105218452264 19
1694620733272 3.145592160226097 20
1694620734566 1.7522099514880627 21
1694620735783 0.8588153765620811 22
1694620737028 0.36231028962449685 23
1694620738404 0.16822149930632468 24
1694620739568 0.19246403904684645 25
1694620740802 0.3623713281842728 26
1694620741990 0.6170895646812196 27
1694620743299 0.9074409119845473 28
1694620744602 1.1953616268629288 29
1694620745907 1.4530182403389993 30
1694620747153 1.661698260245643 31
1694620748514 1.8105625742960136 32
1694620749803 1.8953356822948875 33
1694620751062 1.9169978621823305 34
1694620752251 1.8805310523842198 35
1694620753598 1.793758170255716 36
1694620754929 1.6663042233682814 37
1694620756250 1.5086972341566443 38
1694620757478 1.3316179115852758 39
1694620758716 1.1452992950611733 40
1694620759857 0.9590713140619213 41
1694620761100 0.781018644084521 42
1694620762356 0.6178382185116086 43
1694620763597 0.47470941684903284 44
1694620764790 0.3552884743067412 45
1694620766165 0.2617748161379965 46
1694620767426 0.19502051673733561 47
1694620768704 0.15469965166116068 48
1694620769909 0.13950378036503475 49
1694620771176 0.14733781733912657 50
1694620772353 0.1755167396574181 51
1694620773626 0.22096970525790952 52
1694620774855 0.2803781096995965 53
1694620776078 0.35035157215897605 54
1694620777274 0.4275621184392552 55
1694620778566 0.508854681927858 56
1694620779767 0.5913335688500423 57
1694620781057 0.6724255827700716 58
1694620782282 0.7498952324621375 59
1694620783666 0.821919997963645 60
1694620784922 0.8870715652121718 61
1694620786213 0.9443042007409078 62
1694620787412 0.9929448546538873 63
1694620788795 1.0326214786231265 64
1694620790028 1.0632539832857115 65
1694620791282 1.0850136005542688 66
1694620792556 1.098271358562472 67
1694620793771 1.1035786634520552 68
1694620795281 1.101615679631213 69
1694620796460 1.0931392607888726 70
1694620797736 1.0789595604086966 71
1694620799025 1.0599154250196121 72
1694620800287 1.0368375378067767 73
1694620801629 1.0105306205132398 74
1694620803617 0.9817657012794647 75
1694620804966 0.9512562324088242 76
1694620806416 0.9196412980649389 77
1694620807677 0.8874984271355305 78
1694620808932 0.8553462665907624 79
1694620810141 0.8236214999610617 80
1694620811416 0.7926919640434447 81
1694620812636 0.7628422801379192 82
1694620813828 0.7343105359676683 83
1694620815083 0.7072971900838347 84
1694620816329 0.6819353880008021 85
1694620817695 0.6583151475697245 86
1694620818955 0.6364678570834793 87
1694620820189 0.6164136086907883 88
1694620821479 0.5981483861558463 89
1694620822934 0.5816633222306561 90
1694620824273 0.566910318135652 91
1694620825532 0.5538292167906355 92
1694620826792 0.5423507624217931 93
1694620828061 0.5323990668126883 94
1694620829269 0.5238724075593763 95
1694620830546 0.5166866261448698 96
1694620831726 0.5107584456197032 97
1694620832981 0.5060209805866653 98
1694620834165 0.502385708658515 99
