1694671003771 169.12044505583495 0
1694671005131 136.9831030244171 1
1694671006386 111.50669251498405 2
1694671007757 91.25849991382336 3
1694671009031 75.12082924591122 4
1694671010312 62.22086520622108 5
1694671011599 51.876261759653396 6
1694671012899 43.55291642033323 7
1694671014155 36.83218903133975 8
1694671015581 31.385442090846674 9
1694671016880 26.954258239868267 10
1694671018216 23.335061024583858 11
1694671019572 20.36715190690902 12
1694671020815 17.923398625122523 13
1694671022108 15.902982029260492 14
1694671023330 14.225741752355319 15
1694671024568 12.827764287571233 16
1694671025894 11.657937001771359 17
1694671027478 10.675253574790553 18
1694671028840 9.846704371881206 19
1694671030146 9.14562247822971 20
1694671031321 8.550384982916555 21
1694671032490 8.0433914795433 22
1694671033681 7.610259111010207 23
1694671034783 7.239186956439335 24
1694671035873 6.920453014003181 25
1694671036942 6.646015152162755 26
1694671038011 6.409193708523223 27
1694671039040 6.204418316898235 28
1694671040202 6.027025354376042 29
1694671041298 5.873095365420864 30
1694671042417 5.739322128614461 31
1694671043489 5.622906830291594 32
1694671044594 5.521472211837221 33
1694671045667 5.432992652044472 34
1694671046759 5.355737001146636 35
1694671047867 5.288221652063627 36
1694671048952 5.229171858288404 37
1694671050031 5.177489718710368 38
1694671051142 5.132227572414329 39
1694671052311 5.09256580044582 40
1694671053385 5.05779423173742 41
1694671054510 5.027296508549524 42
1694671055596 5.000536892006393 43
1694671056732 4.977049087705083 44
1694671057845 4.956426750479087 45
1694671059090 4.938315390533696 46
1694671060144 4.922405453713541 47
1694671061273 4.908426389258215 48
1694671062386 4.896141551118636 49
1694671063496 4.88534380536946 50
1694671064654 4.875851737736868 51
1694671065769 4.86750637277114 52
1694671066916 4.860168330520914 53
1694671067917 4.853715358337406 54
1694671068991 4.848040185147111 55
1694671070100 4.843048653574692 56
1694671071164 4.838658091986974 57
1694671072243 4.8347958941143085 58
1694671073303 4.8313982785876375 59
1694671074444 4.828409204669243 60
1694671075675 4.825779423782162 61
1694671076769 4.8234656492627614 62
1694671077865 4.821429829158189 63
1694671078933 4.819638508935231 64
1694671080111 4.818062272715875 65
1694671081250 4.816675253155144 66
1694671082375 4.815454701366718 67
1694671083508 4.814380609413485 68
1694671084599 4.813435378840571 69
1694671085759 4.812603529559273 70
1694671086925 4.811871444110736 71
1694671088080 4.811227142963758 72
1694671089248 4.810660087045088 73
1694671090369 4.810161004174114 74
1694671091469 4.809721736486749 75
1694671092558 4.809335106293658 76
1694671093664 4.8089947981326 77
1694671094858 4.8086952550498046 78
1694671095986 4.808431587385963 79
1694671097134 4.808199492553218 80
1694671098196 4.807995184473989 81
1694671099378 4.807815331514343 82
1694671100514 4.807657001886388 83
1694671101582 4.807517615618662 84
1694671102704 4.807394902302677 85
1694671103764 4.807286863919514 86
1694671104879 4.807191742134767 87
1694671105980 4.807107989523748 88
1694671107075 4.807034244254114 89
1694671108137 4.806969307809882 90
1694671109263 4.8069121253911 91
1694671110303 4.80686176866744 92
