1694709135700 55.922000664181866 0
1694709137126 16.557543149878697 1
1694709138766 5.214382458843067 2
1694709140315 1.854080272879054 3
1694709142514 0.816546983795699 4
1694709144494 0.29154142515195675 5
1694709146894 0.22416090921302617 6
1694709148696 0.16391836145849903 7
1694709150252 0.29597321893384276 8
1694709151792 0.07734656885438992 9
1694709154179 0.026187825578822387 10
1694709156147 0.08044353037370573 11
1694709158187 0.042840007520035986 12
1694709160372 0.03293985509400091 13
1694709162664 0.13509206937875556 14
1694709164597 0.08116413778577086 15
1694709166237 0.17969241782741951 16
1694709167835 0.1594046600792386 17
1694709169371 0.07396184665449544 18
1694709171138 0.051809944226203684 19
1694709172819 0.1743876683886475 20
1694709174697 0.20648768942637036 21
1694709176755 0.15201644900954742 22
1694709178610 0.19464577562189989 23
1694709180230 0.2027930568755415 24
1694709182132 0.2636203948618409 25
1694709183640 0.09695391553616951 26
1694709185408 0.08366021155831854 27
1694709187481 0.08362693122964832 28
1694709190198 0.013138008954484963 29
1694709192049 0.11607020417928937 30
1694709193571 0.04679278304124097 31
1694709195160 0.15769327301461317 32
1694709196531 0.08885117659815933 33
1694709198108 0.1572697287622905 34
1694709199483 0.08835055513327705 35
1694709200966 0.07225854711131649 36
1694709202681 0.15041725513295245 37
1694709204278 0.07197105510250751 38
1694709205976 0.04794968210478574 39
1694709207610 0.2337699739199419 40
1694709209306 0.005263381665657676 41
1694709210950 0.09755188610705377 42
1694709212360 0.10639713044521502 43
1694709213756 0.08186761920998949 44
1694709215224 0.11917525179804261 45
1694709217135 0.026827594697315996 46
1694709218807 0.02272412799057448 47
1694709220320 0.13182437643084835 48
1694709221834 0.07114928981577924 49
1694709223471 0.04933364047854599 50
1694709224965 0.054838809586366805 51
1694709226350 0.05552898971277303 52
1694709227900 0.08820075202903094 53
1694709229177 0.3248497474873891 54
1694709230763 0.08012477471419945 55
1694709232347 0.05873231511448984 56
1694709234208 0.07385038144983583 57
1694709235994 0.11785165675217057 58
1694709237547 0.21179488262914511 59
1694709239173 0.10285770233743559 60
1694709240943 0.14076718449956355 61
1694709242662 0.09533653612357927 62
1694709244168 0.10554645166864429 63
1694709245591 0.19505003614181005 64
1694709247211 0.20185946658365028 65
1694709248723 0.02471345723084443 66
1694709250314 0.24872820834774054 67
1694709251851 0.15788796175783032 68
1694709253375 0.0484375275292126 69
1694709254969 0.05613145832084962 70
1694709256489 0.10449901473950338 71
1694709258023 0.0879322465314548 72
