1694445678319 -239.50563140254084 0
1694445679302 -193.91946596117162 1
1694445679986 -157.76079582725384 2
1694445680670 -129.00599862573162 3
1694445681348 -106.07554364231052 4
1694445682126 -87.73529427676851 5
1694445682848 -73.01990285938739 6
1694445683525 -61.17333234237936 7
1694445684357 -51.602658214055296 8
1694445685355 -43.84217029501474 9
1694445686322 -37.52546493362471 10
1694445687618 -32.363737679617124 11
1694445689119 -28.12888894890059 12
1694445690092 -24.64036694273867 13
1694445691111 -21.75491361632319 14
1694445691938 -19.35856664702162 15
1694445692752 -17.36041539438943 16
1694445693460 -15.687721266427559 17
1694445694347 -14.282100060383131 18
1694445695248 -13.096531423648639 19
1694445695993 -12.093012988949983 20
1694445696700 -11.240717391895522 21
1694445697443 -10.514541922331393 22
1694445698320 -9.893965042146867 23
1694445699071 -9.362143008087248 24
1694445699715 -8.905194598297605 25
1694445700422 -8.511633408510829 26
1694445701097 -8.171916096407797 27
1694445701705 -7.87808188305722 28
1694445702384 -7.623464012181845 29
1694445703192 -7.402458065315118 30
1694445703834 -7.210335300492535 31
1694445704502 -7.043091730895378 32
1694445705113 -6.897325648369839 33
1694445705778 -6.77013784956235 34
1694445706408 -6.659050036240933 35
1694445707111 -6.561937811296197 36
1694445707710 -6.476975436250439 37
1694445708327 -6.402590100161796 38
1694445708933 -6.337423908814929 39
1694445709525 -6.280302164432219 40
1694445710140 -6.230206791134051 41
1694445710846 -6.186253986617021 42
1694445711519 -6.147675358933634 43
1694445712151 -6.113801948924838 44
1694445712763 -6.084050651642841 45
1694445713335 -6.057912640148906 46
1694445713939 -6.0349434671809306 47
1694445714593 -6.014754578118444 48
1694445715233 -5.997006015373039 49
1694445715886 -5.98140013211369 50
1694445716823 -5.967676163914507 51
1694445717384 -5.955605531920097 52
1694445717917 -5.944987771588121 53
1694445718508 -5.93564699788365 54
1694445719057 -5.92742883167157 55
1694445719593 -5.920197723544078 56
1694445720037 -5.913834620876728 57
1694445720647 -5.908234931886546 58
1694445721301 -5.903306747154655 59
1694445721939 -5.898969284704617 60
1694445722575 -5.89515152948085 61
1694445723225 -5.891791042099847 62
1694445723859 -5.888832915171741 63
1694445724507 -5.886228858411161 64
1694445725088 -5.8839363962551445 65
1694445725713 -5.881918163849243 66
1694445726344 -5.880141289106184 67
1694445727027 -5.878576850130023 68
1694445727639 -5.8771993986711175 69
1694445728251 -5.8759865414648 70
1694445728870 -5.874918572336374 71
1694445729585 -5.873978148849321 72
1694445730301 -5.873150008051258 73
1694445731007 -5.87242071654951 74
1694445731673 -5.871778450738559 75
1694445732364 -5.871212803517084 76
1694445733028 -5.870714614282604 77
1694445733704 -5.87027581938531 78
1694445734495 -5.86988932056736 79
1694445735238 -5.869548869215356 80
1694445735861 -5.869248964518364 81
1694445736480 -5.8689847638552255 82
1694445737088 -5.868752003938343 83
1694445737764 -5.868546931419378 84
1694445738435 -5.868366241818906 85
1694445739165 -5.868207025779321 86
1694445739888 -5.868066721761271 87
1694445740566 -5.867943074409754 88
1694445741231 -5.867834097909234 89
1694445741862 -5.867738043729107 90
1694445742517 -5.867653372232964 91
1694445743227 -5.867578727688009 92
