1694710732380 56.92039386425269 0
1694710734003 24.22280563239142 1
1694710735900 11.466646018241663 2
1694710737442 8.43325426823204 3
1694710738888 5.583409727300095 4
1694710740630 5.953058013129435 5
1694710743162 5.04092078632446 6
1694710745229 5.948592596428955 7
1694710748544 4.935700787840786 8
1694710750516 5.183636302294195 9
1694710752108 3.858953184206184 10
1694710753830 4.797455736223117 11
1694710759331 4.839709911430894 12
1694710761749 4.069904960423102 13
1694710764263 4.655102348518202 14
1694710766765 4.705615685393616 15
1694710768694 5.487632952552795 16
1694710770913 4.688993820552535 17
1694710772652 4.956762425157119 18
1694710774504 6.093412995810189 19
1694710776445 4.292580538401198 20
1694710778732 4.919976300540788 21
1694710780772 5.318709819444367 22
1694710783434 4.494450330986911 23
1694710785352 4.5409468110321605 24
1694710787267 5.241700320576641 25
1694710789229 5.076270918562337 26
1694710791011 6.089954773182473 27
1694710793268 4.111293745935225 28
1694710795221 5.609083903541223 29
1694710796794 4.326440315856503 30
1694710799058 5.336688842673613 31
1694710801104 4.667804988566172 32
1694710803567 5.101951450337705 33
1694710806545 5.123062771314501 34
1694710808131 4.604236900915803 35
1694710809638 5.191012758394392 36
1694710811378 4.244959146445565 37
1694710812998 4.153153909005917 38
1694710814510 4.991356810123313 39
1694710816076 5.020511678605884 40
1694710817516 4.93939557731576 41
1694710819047 4.426453279077311 42
1694710820621 4.026923332688076 43
1694710822199 4.691740400519635 44
1694710823736 4.395958795346718 45
1694710825165 4.302275648295857 46
1694710826623 4.830090517583805 47
1694710828192 4.245438366142472 48
1694710829692 4.3108578255776 49
1694710831280 5.0928386274027515 50
1694710832737 5.072584629300028 51
1694710834151 4.619632952252464 52
1694710835713 4.452348290494712 53
1694710837128 4.848339369251181 54
1694710838599 4.586935203427699 55
1694710840058 4.646578983302153 56
1694710841585 5.050175189470595 57
1694710843188 5.206111210532002 58
1694710844634 5.238024941462434 59
1694710846130 5.023951374008443 60
1694710847874 4.632915184672626 61
1694710849230 4.603211710590392 62
1694710850697 4.579682384477649 63
1694710852179 5.768933022265368 64
1694710853726 4.3252945318590115 65
1694710855440 5.86850148970232 66
1694710857053 3.755544081038595 67
1694710858609 4.563127808570265 68
1694710859972 5.4322745845083285 69
1694710861416 4.300654629103272 70
1694710863199 3.841253555617236 71
1694710865090 5.595427721572262 72
1694710866733 5.2157374627790745 73
1694710868650 3.9336051950737345 74
1694710870231 4.501689604396025 75
1694710872011 5.870224083509139 76
1694710874034 4.38936581407383 77
1694710875729 4.891172926549979 78
1694710877401 5.094195309464492 79
1694710878955 5.560639070363304 80
1694710880389 5.269720685376041 81
1694710881848 5.727305045608739 82
1694710883374 4.58795375740685 83
1694710884769 5.581070194014144 84
1694710886216 4.651222405819014 85
1694710887688 3.518727758014703 86
1694710889098 3.9364830695060786 87
1694710890821 4.864773193766951 88
1694710892325 4.701375519395296 89
1694710893777 5.430836313773744 90
1694710895292 5.185123622293598 91
1694710896720 4.903865657174023 92
1694710898180 3.8935192552743794 93
1694710899672 5.056391616030471 94
1694710901446 4.305001957499771 95
1694710903220 4.816972951118438 96
1694710904747 5.025121614152872 97
1694710906303 4.956565669656681 98
1694710907805 4.298810619531787 99
