1694625046545 168.54379126551402 0
1694625047961 165.19807082103898 1
1694625049453 158.98123743511965 2
1694625051136 150.40530551409026 3
1694625052622 140.00221953291933 4
1694625054307 128.29686326530492 5
1694625055810 115.78566814220147 6
1694625057643 102.92063974118894 7
1694625059196 90.09831279815005 8
1694625060674 77.65325781940595 9
1694625062150 65.85539963865641 10
1694625063782 54.910420130975375 11
1694625065323 44.9628484723627 12
1694625066958 36.101054373986415 13
1694625068410 28.36360329504832 14
1694625070154 21.74645227652159 15
1694625071695 16.210446374648207 16
1694625073214 11.689163770446742 17
1694625074933 8.095938694157761 18
1694625076558 5.330685340803404 19
1694625078115 3.2859254943736937 20
1694625079639 1.8519963958404004 21
1694625081085 0.9213842894015801 22
1694625082701 0.39217475876388 23
1694625084259 0.17064824015694827 24
1694625085914 0.17307809235798263 25
1694625087692 0.326809743557705 26
1694625089202 0.5707133786186894 27
1694625090795 0.8551101972180133 28
1694625092197 1.1412743802802714 29
1694625093769 1.4006105083895766 30
1694625095369 1.6136002372685374 31
1694625096784 1.7685313225500239 32
1694625098378 1.8604612750660074 33
1694625099941 1.8896893629449767 34
1694625101585 1.8606147358845186 35
1694625103339 1.7805893619621165 36
1694625105282 1.658884855168808 37
1694625106928 1.5057922548950646 38
1694625108495 1.3318235620776266 39
1694625109975 1.1471999131119932 40
1694625111521 0.9613511549562599 41
1694625113067 0.7825007692691044 42
1694625114646 0.6175016927621402 43
1694625116109 0.471726562191757 44
1694625117640 0.34903038546715787 45
1694625119271 0.2518464645449321 46
1694625120808 0.18127614006260337 47
1694625122401 0.13721096919224235 48
1694625123873 0.11852692472789507 49
1694625125375 0.12329088633166149 50
1694625126935 0.14894039616566204 51
1694625128339 0.19246875445918465 52
1694625129832 0.2506098544472354 53
1694625131647 0.3199965281461815 54
1694625133134 0.3972943544439239 55
1694625134783 0.4793179915007861 56
1694625136239 0.5631217229263761 57
1694625137898 0.6460582078020459 58
1694625139374 0.725838598103129 59
1694625140844 0.8005559393329432 60
1694625142470 0.8686925730212525 61
1694625143894 0.9291126044641809 62
1694625145578 0.9810346088565354 63
1694625147193 1.024012366786571 64
1694625148630 1.0578995444580168 65
1694625150263 1.082808287884976 66
1694625151679 1.0990701796711668 67
1694625153213 1.1071944664339388 68
1694625154888 1.1078264384331984 69
1694625156256 1.1016982400986106 70
1694625157749 1.0896059249998624 71
1694625159222 1.0723780481172582 72
1694625160703 1.050848235896982 73
1694625162270 1.0258401859126065 74
1694625163788 0.9981300339946575 75
1694625165606 0.9684442517611427 76
1694625167172 0.9374491305110554 77
1694625168742 0.9057438932281862 78
1694625170295 0.8738359973849146 79
1694625171711 0.8421774868722018 80
1694625173347 0.8111536100063805 81
1694625174884 0.7810852243777161 82
1694625176230 0.7522486694919827 83
1694625177571 0.7248411284657722 84
1694625179273 0.6990100274550791 85
1694625181051 0.6748586587468064 86
1694625182578 0.652451845146283 87
1694625184216 0.6318214601550987 88
1694625185829 0.6129443447242551 89
1694625187241 0.5957998792019416 90
1694625188740 0.5803525806062377 91
1694625190318 0.5665550751696536 92
1694625191929 0.5543700518758293 93
1694625193569 0.5437238104399967 94
1694625195128 0.5345385397166491 95
1694625196600 0.5267338698144319 96
1694625198145 0.5202280496245963 97
1694625199777 0.5149388183246029 98
1694625201269 0.5107840358077452 99
