1694338795530 -239.6555714826451 0
1694338795944 -193.99644543767607 1
1694338796373 -157.3295451863493 2
1694338796825 -127.59302479347045 3
1694338797267 -103.47167663098966 4
1694338797674 -83.90692967929945 5
1694338798047 -68.03388328444163 6
1694338798481 -55.151958269373665 7
1694338798946 -44.69892601156558 8
1694338799368 -36.21381076484863 9
1694338799803 -29.322998361197936 10
1694338800249 -23.728284107515364 11
1694338800776 -19.183622435522484 12
1694338801198 -15.489359234745109 13
1694338801620 -12.487801157142862 14
1694338801981 -10.047284091612989 15
1694338802381 -8.060721038939135 16
1694338802800 -6.445254299252338 17
1694338803203 -5.128992631657669 18
1694338803673 -4.0575956339580594 19
1694338804131 -3.1844750978247545 20
1694338804602 -2.471261545075231 21
1694338805065 -1.8901244620761797 22
1694338805495 -1.4146486288266402 23
1694338805931 -1.0266667287673878 24
1694338806347 -0.7086191682948648 25
1694338806740 -0.448646176602004 26
1694338807164 -0.23569222860188122 27
1694338807664 -0.06000078139844023 28
1694338808138 0.08361605880019107 29
1694338808592 0.20248583098355 30
1694338809044 0.2998708989333738 31
1694338809465 0.380774134135202 32
1694338809839 0.44722677655851206 33
1694338810230 0.5026654332814402 34
1694338810718 0.5483371899213452 35
1694338811308 0.5866198555631108 36
1694338811821 0.6182633339644281 37
1694338812281 0.644463491547987 38
1694338812749 0.6671225006073123 39
1694338813203 0.6854940496008908 40
1694338813644 0.701514031258347 41
1694338814083 0.7145259820753475 42
1694338814507 0.7259725198628162 43
1694338814929 0.735286136508432 44
1694338815328 0.7435556349993295 45
1694338815762 0.7502948003867698 46
1694338816204 0.7563369081833791 47
1694338816644 0.7612667420342316 48
1694338817044 0.765731673328881 49
1694338817434 0.769376796322785 50
1694338817808 0.7722867542060197 51
1694338818252 0.7755037283427989 52
1694338818762 0.7776710645069129 53
1694338819200 0.7801072704708993 54
1694338819624 0.7817384588903974 55
1694338820076 0.7836026341778907 56
1694338820629 0.7848415761633623 57
1694338821099 0.7862818279166371 58
1694338821488 0.7872301405830343 59
1694338821896 0.7883527831262245 60
1694338822283 0.7890831932531746 61
1694338822700 0.7899654260451958 62
1694338823169 0.7905306876169299 63
1694338823622 0.7912292052694117 64
1694338824042 0.7916680914195806 65
1694338824448 0.7922249864956645 66
1694338824857 0.7925663559560966 67
1694338825302 0.792623921570923 68
1694338825648 0.7933412672808251 69
1694338826048 0.7933769096563594 70
1694338826448 0.7939367916983125 71
1694338826784 0.7939580335839417 72
1694338827177 0.794399744533179 73
1694338827643 0.7944108239007138 74
1694338828058 0.7947628050884814 75
1694338828487 0.7947662521997698 76
