1694714194365 58.058475018364426 0
1694714196167 17.30430297147511 1
1694714198306 5.626366602787725 2
1694714200311 2.187486207994948 3
1694714202311 0.69633221715301 4
1694714204407 0.10266569930712796 5
1694714206571 0.1618097220858123 6
1694714208334 0.20800264391644271 7
1694714210414 0.10236391576337123 8
1694714212285 0.1253685390312599 9
1694714214524 0.2844184329902148 10
1694714216677 0.19585256754898647 11
1694714218686 0.07673706047678092 12
1694714220456 0.1269314495865154 13
1694714222941 0.20294593318114748 14
