1694539696442 168.54379126551402 0
1694539697713 165.19807082103898 1
1694539698751 158.97283858782845 2
1694539699761 150.3906707711614 3
1694539701811 139.99561320171782 4
1694539703216 128.32409189097316 5
1694539704837 115.88181085411796 6
1694539706320 103.12651531263903 7
1694539707576 90.45625996883105 8
1694539708668 78.20264489736026 9
1694539709791 66.62836214485006 10
1694539710923 55.92832884684175 11
1694539711985 46.233660720647954 12
1694539712933 37.617755571342286 13
1694539713902 30.10380208540017 14
1694539715108 23.67309695042473 15
1694539716121 18.273635962102613 16
1694539717208 13.82853569932899 17
1694539718412 10.24393587375869 18
1694539719528 7.416123862762231 19
1694539720494 5.237708481962645 20
1694539721594 3.6027469879395766 21
1694539722675 2.4107957815363767 22
1694539723722 1.569910290835356 23
1694539724830 0.9986627480230612 24
1694539725993 0.6272783260502656 25
1694539727040 0.3980111255901094 26
1694539728035 0.26489289995225446 27
1694539729060 0.1929905028778191 28
1694539730066 0.15730429322899578 29
1694539731193 0.1414306176886369 30
1694539732170 0.13609846418817087 31
1694539733238 0.13767478341640726 32
1694539734331 0.1467160212809908 33
1694539735376 0.16662613059345793 34
1694539736391 0.20246459053017118 35
1694539737405 0.2599324247167768 36
1694539738581 0.34455035776823567 37
1694539739597 0.4610314006982949 38
1694539740639 0.6128404709379961 39
1694539741723 0.8019261656450026 40
1694539742912 1.0286044434735704 41
1694539744039 1.2915705727544875 42
1694539745051 1.5880140556933264 43
1694539746119 1.9138110825471295 44
1694539747176 2.2637701309016585 45
1694539748252 2.6319083239108907 46
1694539749227 3.0117388284812643 47
1694539750294 3.3965526611082186 48
1694539751400 3.7796815545207085 49
1694539752487 4.15473183425942 50
1694539753566 4.515782407669917 51
1694539754656 4.857542860796274 52
1694539755715 5.1754702076352945 53
1694539756841 5.465844988898824 54
1694539757935 5.7258091494286685 55
1694539758965 5.953369434008859 56
1694539759963 6.147370949069068 57
1694539760952 6.307446075988229 58
1694539762068 6.4339441341808605 59
1694539763135 6.527847129183854 60
1694539764097 6.590676635870092 61
1694539765195 6.624396413038778 62
1694539766254 6.631314773926655 63
1694539767307 6.613990094372453 64
1694539768304 6.575142167629263 65
1694539769327 6.517571446987814 66
1694539770348 6.444087582559124 67
1694539771340 6.357448078167096 68
1694539772281 6.260307383310923 69
1694539773145 6.155176302697321 70
1694539774171 6.044391255866845 71
1694539775329 5.9300926515345855 72
1694539776312 5.814211451496133 73
1694539777365 5.698462880700413 74
1694539778345 5.584346184869927 75
1694539779428 5.473149335224299 76
1694539780437 5.365957621308283 77
1694539781616 5.263665147564018 78
1694539782709 5.166988347533661 79
1694539783738 5.076480742667891 80
1694539784783 4.992548292939606 81
1694539785822 4.915464807306305 82
1694539786997 4.845386998268942 83
1694539788077 4.782368872327131 84
1694539789087 4.72637524419896 85
1694539790103 4.67729424550759 86
1694539791243 4.634948767430355 87
1694539792283 4.59910683154984 88
1694539793259 4.5694909244699025 89
1694539794453 4.54578636077603 90
1694539795590 4.527648757078276 91
1694539796672 4.514710708828423 92
1694539797731 4.506587763088474 93
1694539798860 4.502883776170329 94
1694539800522 4.503195736700732 95
1694539802440 4.507118123676463 96
1694539804671 4.5142468567573895 97
1694539805895 4.524182883481189 98
1694539806908 4.53653543613331 99
