1694716442047 64.55434422456676 0
1694716445334 23.339367274791353 1
1694716448339 12.203816546961772 2
1694716451324 7.306941555050616 3
1694716454325 6.149095195421166 4
1694716457111 4.8700314800284215 5
1694716460507 4.651048933092799 6
1694716466333 4.610921794583289 7
1694716470953 4.770382348577191 8
1694716474024 4.8622096431028865 9
1694716476870 5.0778475113528225 10
1694716479982 4.912661500480968 11
1694716482725 4.579982636217842 12
1694716485443 5.947923782246771 13
1694716488964 4.828279631883295 14
1694716491952 4.14457694178109 15
1694716494870 4.6514713415365545 16
1694716497383 4.783798054610553 17
1694716501375 3.9752942682686885 18
1694716506242 5.079816893904512 19
1694716509159 4.547232936660146 20
1694716512937 4.34234438721754 21
1694716516387 4.576324914866511 22
1694716519647 5.090255496434409 23
1694716523295 4.95228148996795 24
1694716526294 5.737595708768915 25
1694716528982 5.973442802214018 26
1694716532522 5.289093948177544 27
1694716536265 5.111557685789888 28
1694716539521 5.030058682763714 29
1694716542817 4.968507891422885 30
1694716546470 4.9455773061278165 31
1694716549679 5.271097351823395 32
1694716552673 5.123282341530244 33
1694716555993 5.235892852807208 34
1694716559169 4.264241255104919 35
1694716562793 4.035427653099107 36
1694716565655 4.958530935132467 37
1694716570244 5.188378087187623 38
1694716572764 4.944364917817642 39
1694716575603 5.0111191102150645 40
1694716578145 4.372058421583599 41
1694716580764 4.472368464380244 42
1694716584751 4.906208817742053 43
1694716588240 5.5838914510644 44
1694716591268 4.67310585984158 45
1694716596344 5.055225004502992 46
1694716600154 4.71698024827535 47
1694716603204 4.692477918370417 48
1694716605872 5.308869311643037 49
1694716610553 4.667924068129051 50
1694716616265 4.768261244655322 51
1694716624874 3.8347214387209263 52
1694716634724 4.782697023917995 53
1694716639181 5.237956276793468 54
1694716642596 4.447475209194918 55
1694716646385 5.038887532999885 56
1694716649412 5.258791837706765 57
1694716652961 4.754933189174894 58
1694716656152 5.298150945603882 59
1694716659059 4.625916903322257 60
1694716662527 4.834951520294001 61
1694716665680 5.004711187754226 62
1694716668994 5.124868559788047 63
1694716671886 4.3390999942381905 64
1694716674445 5.066992614133545 65
1694716677926 5.199667700979563 66
1694716680468 4.481415387739121 67
1694716683858 4.561133277720357 68
1694716690687 4.236210626439467 69
1694716695583 5.385461354123247 70
1694716701731 4.711409452638163 71
1694716704598 5.083985262908791 72
1694716707607 4.684712878723423 73
1694716711032 5.007867779589293 74
1694716713862 5.121224277864799 75
1694716716529 5.066650488846148 76
1694716719018 4.735600775724223 77
1694716721394 4.476819453981109 78
1694716724054 3.9736679963999917 79
1694716726764 4.571748489688497 80
1694716729251 5.455833573675844 81
1694716731727 4.505346990924831 82
1694716734832 5.418450878762036 83
1694716738206 4.680621413153199 84
1694716741298 5.083973776383446 85
1694716744795 4.631185908858693 86
1694716747873 5.1367995614871536 87
1694716750561 5.3011090303037145 88
1694716753121 5.032983861628815 89
1694716756041 4.960898000684478 90
1694716758772 5.513352853388034 91
1694716761506 5.672580727844374 92
1694716764198 4.651693831386817 93
1694716768119 5.579428640305856 94
1694716772045 5.645000109654376 95
1694716774707 3.8818751758567744 96
1694716777937 4.351599562251723 97
1694716780960 5.426089934341691 98
1694716784457 4.895960218164356 99
