1694709547319 59.91632620418544 0
1694709549044 25.000186809132522 1
1694709550691 12.901371536749824 2
1694709552253 8.255449768041036 3
1694709553823 6.371664036923745 4
1694709555485 5.243547160661462 5
1694709557261 5.507553589609477 6
1694709559023 4.909220148596534 7
1694709560681 5.151123608984671 8
1694709562279 5.410346681234097 9
1694709563820 4.832240142600428 10
1694709565353 4.1069459422587125 11
1694709567027 4.6760331399912 12
1694709568491 4.630597615109575 13
1694709570047 4.236670676797064 14
1694709571929 4.335475003181766 15
1694709573508 4.811178954462757 16
1694709575201 4.888666296131782 17
1694709576775 4.330998210958397 18
1694709578649 4.905433490219364 19
1694709580284 5.275321855016821 20
1694709582005 4.150597250394348 21
1694709583549 5.042165337189102 22
1694709585216 5.520515178855529 23
1694709587649 4.792796527894594 24
1694709589956 4.310865591711176 25
1694709591881 5.283146262432596 26
1694709593762 4.605994794656707 27
1694709595807 5.051242784495878 28
1694709597413 5.087575107827887 29
1694709599137 5.4664252714437405 30
1694709600864 4.926909600028386 31
1694709603153 5.294056571318077 32
1694709604820 4.148328215664795 33
1694709606818 4.949463489943919 34
1694709608574 5.559155464978125 35
1694709610524 4.770568340487251 36
1694709612346 5.3042230418738 37
1694709614271 4.98544525484551 38
1694709616151 4.452621068074186 39
1694709617967 5.076876778039535 40
1694709619812 4.701890957620096 41
1694709621607 4.725576989909959 42
1694709623561 3.9617335380649905 43
1694709625342 5.197573517835883 44
1694709627130 5.9813389404230355 45
1694709628862 4.686174410554901 46
1694709630948 3.9583051312875717 47
1694709632778 5.181802129329198 48
1694709634850 3.500595400813869 49
1694709636581 4.3562580591551505 50
1694709638697 4.213614022306644 51
1694709640866 5.037933839125689 52
1694709643614 4.253395565899539 53
1694709645606 4.7558888603355856 54
1694709647356 5.4864130600793235 55
1694709648904 4.415428143270061 56
1694709650405 4.577635276773764 57
1694709652084 4.946108531851868 58
1694709653643 5.499900096189156 59
1694709655069 4.986647233585857 60
1694709656603 4.473734742259796 61
1694709658071 5.3651726148279995 62
1694709659607 4.683395123023411 63
1694709661133 5.0480656737300205 64
1694709662841 4.547306279710936 65
1694709664352 5.159044969338522 66
1694709665878 4.271555034938195 67
1694709667454 4.7810435376577995 68
1694709669263 4.641096396926586 69
1694709670902 4.541448557563571 70
1694709672544 5.602655151280514 71
1694709674356 4.187279409725511 72
1694709676913 5.104985459989463 73
1694709679114 5.771412965597471 74
1694709680855 4.849498167716558 75
1694709683087 4.839051577528041 76
1694709684921 4.864628802434784 77
1694709686871 5.502073486235908 78
1694709688716 5.1878467972818365 79
1694709690712 4.220901974351984 80
1694709692501 4.241033816531095 81
1694709694669 5.275038166012736 82
1694709696327 4.3842174952809545 83
1694709698180 4.083941258755222 84
1694709700220 3.988532032820158 85
1694709702443 4.4123107787435885 86
1694709704210 4.141890103227935 87
1694709706105 5.1175980066046645 88
1694709708006 3.657760589511901 89
1694709709953 4.505398558021864 90
1694709711987 3.9092906216528482 91
1694709715385 5.612825133931911 92
1694709717674 4.7217066292326715 93
1694709719196 4.062750605175885 94
1694709720771 4.2482066440008515 95
1694709722713 4.9585244835550055 96
1694709724288 4.4453859953675 97
1694709726444 4.693071573127557 98
1694709728480 5.066345634041744 99
