1694714668120 53.744733613196416 0
1694714669885 17.428063607746303 1
1694714671540 5.93548812525626 2
1694714673287 1.8108382384040285 3
1694714675008 0.6135007485231894 4
1694714676673 0.4979500955021957 5
1694714678342 0.40178463069145454 6
1694714679966 0.29330984511824115 7
1694714681681 0.16018821394749366 8
1694714684151 0.07171028036565115 9
1694714686692 0.15123934748258314 10
1694714688784 0.198387758035369 11
1694714691191 0.08826840681580343 12
1694714693113 0.14203006771064708 13
1694714695338 0.22189283071126858 14
1694714697171 0.16517329946728243 15
1694714699806 0.171181608042653 16
1694714702027 0.13629639579131045 17
1694714703818 0.1528084275925501 18
1694714705541 0.08682560141651269 19
1694714707284 0.1442186327308336 20
1694714709097 0.11838441488431685 21
1694714710891 0.06808863026809292 22
1694714712663 0.20212574970877523 23
1694714715549 0.08283107506166121 24
1694714719457 0.08656670494951207 25
1694714722159 0.12441036259393269 26
1694714724426 0.2553208444433154 27
1694714726493 0.10673572397551237 28
1694714728648 0.11600205496452001 29
1694714731873 0.13910975887214258 30
1694714733862 0.2826606195972163 31
1694714736180 0.3836632945277374 32
1694714738751 0.08015554850199118 33
1694714740439 0.13125036713354662 34
1694714742201 0.2179074592474831 35
1694714743791 0.0753404347789462 36
1694714745539 0.11568085725084466 37
1694714747075 0.1371163241467116 38
1694714748661 0.27689028574047425 39
1694714751049 0.15755039695816922 40
1694714753196 0.09100477704497675 41
1694714755057 0.04193026969621386 42
1694714757329 0.06589995641915869 43
1694714760321 0.04796712686183798 44
1694714762885 0.1704934518040742 45
1694714764306 0.09936463711431504 46
1694714765661 0.13188177934255807 47
1694714767242 0.1135390257987897 48
1694714768743 0.18361531049631866 49
1694714770385 0.05908963362930437 50
1694714772684 0.04811447072885166 51
1694714774455 0.0791969922738153 52
1694714776272 0.07243913612062595 53
1694714778110 0.09871580384675123 54
1694714779769 0.11610021135179657 55
1694714781448 0.05933499839076585 56
1694714782987 0.12836039078427067 57
1694714785313 0.17491142017902858 58
1694714787196 0.2122020009650548 59
1694714788789 0.07090121618728462 60
1694714790479 0.08724292581885079 61
1694714792417 0.09417129038336344 62
1694714794773 0.18144121157127213 63
1694714797402 0.22479250708765564 64
1694714799616 0.04068549156856411 65
1694714802549 0.052746260987342176 66
1694714805062 0.06415968951072855 67
1694714806878 0.19430004362495057 68
1694714808791 0.09107197737358945 69
1694714810626 0.1437469514823025 70
1694714812431 0.12006960558309093 71
1694714814187 0.20961306804902158 72
1694714816489 0.16406517244237842 73
1694714818148 0.0256900492183725 74
1694714819698 0.0983091513741676 75
1694714821773 0.2208921059825912 76
1694714824263 0.1308963778721121 77
1694714826391 0.10885168977588518 78
1694714828224 0.134817570247742 79
1694714829817 0.09558121630580481 80
1694714831935 0.13262452516119358 81
1694714833666 0.10992868376142428 82
1694714835566 0.13104529893603736 83
1694714837525 0.08442519245533228 84
1694714839516 0.14400056181045687 85
1694714841601 0.07039145520284572 86
1694714843397 0.10158955315729734 87
1694714845080 0.15941342169223777 88
1694714846888 0.4708663404436002 89
1694714848792 0.1594530797765782 90
1694714850510 0.04710105296143687 91
1694714852245 0.11185795752011497 92
1694714853982 0.10810858161426203 93
1694714855822 0.07073823156289889 94
1694714857708 0.1712718052786561 95
1694714859530 0.30837688192979745 96
1694714861225 0.16352498751449865 97
1694714863029 0.16447619798569987 98
1694714864778 0.2274774036794569 99
