1694451618710 -239.32384704812617 0
1694451619676 -193.4832011498777 1
1694451620563 -157.1891675297129 2
1694451621457 -128.37578887338142 3
1694451622332 -105.43486953426212 4
1694451623132 -87.11306885000164 5
1694451624215 -72.43234690355968 6
1694451625217 -60.62842684115553 7
1694451626136 -51.10316423617455 8
1694451627011 -43.387656879247054 9
1694451627838 -37.11365371503709 10
1694451628825 -31.991379928013842 11
1694451629713 -27.792325098219475 12
1694451630508 -24.335872579775884 13
1694451631387 -21.478903573542176 14
1694451632327 -19.107706259147502 15
1694451633392 -17.131672257821755 16
1694451634665 -15.478379946483159 17
1694451635887 -14.089754681619295 18
1694451636919 -12.919065933937596 19
1694451638195 -11.928575390107769 20
1694451639455 -11.087691873217276 21
1694451640601 -10.371521263981071 22
1694451641799 -9.75972462527924 23
1694451643146 -9.235617105340761 24
1694451644359 -8.785455202292162 25
1694451645494 -8.397871604730524 26
1694451646513 -8.06342584380766 27
1694451647489 -7.77424599244153 28
1694451648670 -7.523742082928102 29
1694451649904 -7.306376138076427 30
1694451650961 -7.1174769957427415 31
1694451652105 -6.953090663260446 32
1694451653214 -6.809858930009148 33
1694451654418 -6.6849205196321915 34
1694451655462 -6.575830276088576 35
1694451656828 -6.480492825664417 36
1694451658032 -6.397107899071334 37
1694451660988 -6.324125079429914 38
1694451664431 -6.260206198666968 39
1694451666129 -6.204193964125201 40
1694451667513 -6.155085680343563 41
1694451668975 -6.112011154617051 42
1694451670282 -6.074214052001348 43
1694451671319 -6.0410361059502025 44
1694451672458 -6.011903702601008 45
1694451673460 -5.986316445974666 46
1694451675001 -5.963837382807507 47
1694451676166 -5.944084623122743 48
1694451677329 -5.926724138903405 49
1694451678304 -5.911463560642955 50
1694451679225 -5.898046821927678 51
1694451680230 -5.886249526964554 52
1694451681281 -5.875874936229681 53
1694451682431 -5.866750482059374 54
1694451683436 -5.858724739738836 55
1694451684268 -5.851664791018712 56
1694451685167 -5.845453926450517 57
1694451685989 -5.83998964083095 58
1694451686895 -5.835181882666791 59
1694451687802 -5.830951524143198 60
1694451688745 -5.827229022782779 61
1694451689697 -5.823953249969302 62
1694451690517 -5.821070464899193 63
1694451691354 -5.818533415414135 64
1694451692252 -5.816300549640094 65
1694451693087 -5.814335324478124 66
1694451693905 -5.812605598814884 67
1694451694751 -5.811083100891534 68
1694451695666 -5.809742960625886 69
1694451696528 -5.808563298856533 70
1694451697434 -5.807524866494649 71
1694451698406 -5.806610727452607 72
1694451699460 -5.805805979986163 73
1694451700402 -5.805097511755743 74
1694451701445 -5.8044737844946495 75
1694451702522 -5.803924644680836 76
1694451703380 -5.803441157052508 77
1694451704245 -5.803015458196232 78
1694451705127 -5.802640627775639 79
1694451706033 -5.802310575265958 80
1694451706916 -5.802019940320034 81
1694451707916 -5.801764005119612 82
1694451708834 -5.801538617265638 83
1694451709948 -5.801340121936822 84
1694451710842 -5.801165302199755 85
1694451711794 -5.801011326488829 86
1694451712800 -5.8008757023930615 87
1694451713830 -5.8007562359911065 88
1694451714745 -5.800650996067212 89
1694451715619 -5.800558282621401 90
1694451716773 -5.800476599157865 91
1694451717729 -5.800404628297702 92
