1694750162123 101.1167846588672 0
1694750163717 60.219667875191874 1
1694750165484 39.97235346858473 2
1694750166996 22.149154113399604 3
1694750168213 11.574247963568412 4
1694750169432 9.25399727894201 5
1694750170877 4.348713317867419 6
1694750172348 3.2190845027856914 7
1694750173768 1.9146982431680355 8
1694750175249 1.0091816421590942 9
1694750176727 0.5480217966458939 10
1694750178146 0.5674163406561339 11
1694750179712 0.4592345118039438 12
1694750181236 0.44368664819586884 13
1694750182665 0.28003780042883797 14
1694750184337 0.08151131875682101 15
1694750185888 0.08328940537585816 16
1694750187311 0.024621739604179932 17
1694750188946 0.020023907345035587 18
1694750190621 0.07003883900165911 19
1694750192286 0.04064528875454421 20
1694750195116 0.019782889120835347 21
1694750197046 0.2522020992400891 22
1694750198454 0.02300917537572069 23
1694750200268 0.02315563112209629 24
1694750201872 0.09689270928915233 25
1694750203717 0.18878137878288526 26
1694750205726 0.007154524967140674 27
1694750206987 0.14813591814598737 28
1694750208189 0.08741198834497053 29
1694750209435 0.3272318609748801 30
1694750210952 0.026424723316674045 31
1694750212383 0.16799627568079295 32
1694750213935 0.09958575328795483 33
1694750215606 0.06013469087069543 34
1694750217060 0.08852549409813679 35
1694750218519 0.5072154420466688 36
1694750219937 0.2671546132313487 37
1694750221108 0.251967424559132 38
1694750222263 0.06172093243116914 39
1694750223421 0.24868870556861455 40
1694750224734 0.17583636423215807 41
1694750226164 0.07969452869132124 42
1694750227552 0.0743602495369325 43
1694750228850 0.19774802473612163 44
1694750230280 0.053559974892810155 45
1694750231703 0.026746341365924697 46
1694750232996 0.10056139338509311 47
1694750234382 0.06657359871317364 48
1694750235651 0.20212421618290669 49
1694750236853 0.2218801685214236 50
1694750238029 0.04971855116625417 51
1694750239516 0.22236824916514705 52
1694750241021 0.06372669583724734 53
1694750242278 0.06498115619011528 54
1694750243693 0.17297920475247477 55
1694750245165 0.27614479990252777 56
1694750246488 0.26662723814598177 57
1694750247894 0.00723545178535648 58
1694750249263 0.16016844063756325 59
1694750250543 0.04018392296871722 60
1694750251624 0.05197153672135889 61
1694750252747 0.022481071535058277 62
1694750254042 0.17957130744447852 63
1694750255603 0.19787707728536802 64
1694750256986 0.06457454465759861 65
1694750258440 0.2520555553120453 66
1694750259887 0.03774758379155373 67
1694750261392 0.03182904220416047 68
1694750262915 0.25331449847287585 69
1694750264347 0.09196364817458393 70
1694750265737 0.09517235463028935 71
1694750267101 0.11363065409304218 72
1694750268500 0.08900480050869385 73
1694750269848 0.026734184325090286 74
1694750271147 0.18048541435006435 75
1694750272501 0.024673945964722582 76
1694750273947 0.05797472339925206 77
1694750275422 0.08716651344852713 78
1694750276914 0.10523214291071262 79
1694750278342 0.15168126349691638 80
1694750279712 0.061218940631728655 81
1694750281067 0.21192077473151813 82
1694750282439 0.04836516311900654 83
1694750283807 0.0070161142974422734 84
1694750285103 0.10406183544877408 85
1694750286351 0.26306333192243886 86
1694750287784 0.0716832580498197 87
1694750289246 0.022372032353827755 88
1694750290658 0.10563392058918096 89
1694750292108 0.023971883337135604 90
1694750293477 0.11989311335165093 91
1694750294918 0.2935645272285825 92
1694750296317 0.07253229440321658 93
1694750297875 0.09494866555523589 94
1694750299513 0.11189010799900714 95
1694750301418 0.4550241523466058 96
1694750302966 0.057772655410414896 97
1694750304487 0.010590745369151706 98
1694750306024 0.02236140243465507 99
