1694666038948 168.54379126551402 0
1694666040075 136.59749084859934 1
1694666041530 110.71230061988493 2
1694666042976 89.73788375847674 3
1694666044466 72.74231105815184 4
1694666045979 58.97057332253844 5
1694666047485 47.81097918058151 6
1694666048828 38.767938473961465 7
1694666050016 31.43991690403773 8
1694666051403 25.501578741854843 9
1694666052510 20.689321486933004 10
1694666053534 16.789557809507482 11
1694666054597 13.629222721931079 12
1694666055667 11.068083195591432 13
1694666056743 8.992507817895211 14
1694666057831 7.310419168808289 15
1694666058927 5.947204300742153 16
1694666060148 4.842401386483803 17
1694666061339 3.9470151652994 18
1694666062677 3.221341811664402 19
1694666063948 2.633206524460657 20
1694666064969 2.1565354990324592 21
1694666066095 1.7701988196217842 22
1694666067250 1.4570728588598167 23
1694666068533 1.2032805313848436 24
1694666069728 0.9975756552936684 25
1694666071030 0.8308440802855271 26
1694666072278 0.6956994303066498 27
1694666073550 0.5861555122946714 28
1694666074790 0.4973608483807322 29
1694666076085 0.4253835481953689 30
1694666077358 0.36703697350405845 31
1694666078626 0.31973845870745804 32
1694666079848 0.28139481832841823 33
1694666081091 0.25030956172187063 34
1694666082317 0.22510769874216888 35
1694666083615 0.20467480080589354 36
1694666084866 0.18810761438665227 37
1694666086094 0.17467403657656436 38
1694666087327 0.16378067771632146 39
1694666088609 0.15494657267969444 40
1694666089846 0.1477818751455675 41
1694666091135 0.14197059021115313 42
1694666092458 0.13725657980603137 43
1694666093682 0.13343222050844453 44
1694666095036 0.1303292109847983 45
1694666096386 0.12781112159040772 46
1694666097747 0.12576735591378496 47
1694666099460 0.12410825664552813 48
1694666100851 0.12276113888335173 49
1694666102154 0.12166707509747003 50
1694666103524 0.12077828929910446 51
1694666104868 0.12005604495709918 52
1694666106285 0.11946893309111303 53
1694666107596 0.1189914847050388 54
1694666108791 0.11860304609766702 55
1694666109940 0.11828686723647845 56
1694666111149 0.11802936282130574 57
1694666112381 0.11781951331603094 58
1694666113690 0.11764837942766973 59
1694666115078 0.11750870853805853 60
1694666116567 0.11739461566667506 61
1694666117851 0.11730132484444838 62
1694666119191 0.11722495945407355 63
1694666120698 0.11716237226092362 64
1694666122031 0.11711100761626318 65
1694666123193 0.11706878973899328 66
1694666124466 0.11703403213673816 67
1694666125590 0.11700536416286793 68
1694666126833 0.11698167146451376 69
1694666128278 0.11696204769137115 70
1694666129592 0.1169457553333445 71
1694666131024 0.1169321939589344 72
1694666132820 0.11692087445359503 73
1694666134552 0.11691139812260497 74
1694666136046 0.11690343973803217 75
1694666137808 0.11689673378368559 76
1694666139517 0.11689106329321876 77
1694666141052 0.11688625079107717 78
1694666142698 0.11688215093879856 79
1694666144278 0.11687864456442147 80
1694666145888 0.11687563381374591 81
1694666147732 0.11687303821162902 82
1694666149058 0.11687079146157403 83
1694666150364 0.11686883884435954 84
1694666151809 0.11686713510278866 85
1694666153269 0.11686564272099029 86
1694666154592 0.11686433052400814 87
1694666156286 0.11686317253745028 88
1694666157613 0.11686214705834186 89
1694666158945 0.11686123589755246 90
1694666160366 0.11686042376164342 91
1694666161688 0.11685969774804769 92
1694666163355 0.11685904693241041 93
1694666164702 0.11685846203090487 94
1694666166234 0.11685793512357476 95
1694666169634 0.11685745942737498 96
1694666171841 0.1168570291097106 97
1694666173564 0.11685663913499984 98
1694666175367 0.1168562851381891 99
