1694443759023 -239.4166541223062 0
1694443759742 -194.02081279493243 1
1694443760334 -157.41634397103914 2
1694443761214 -127.87944370949864 3
1694443761883 -104.02667913695304 4
1694443762590 -84.74750906350361 5
1694443763248 -69.15021620447125 6
1694443764032 -56.517682579714375 7
1694443764634 -46.27625712534949 8
1694443765206 -37.96259172935768 9
1694443765772 -31.204792839814978 10
1694443766311 -25.703721070590543 11
1694443766892 -21.217714680047177 12
1694443767484 -17.55488500115721 13
1694443768056 -14.558094080263876 14
1694443768653 -12.101460903546503 15
1694443769191 -10.083445086993324 16
1694443769747 -8.421236634701845 17
1694443770378 -7.050378179119972 18
1694443771038 -5.916401506568951 19
1694443771685 -4.97595763868704 20
1694443772397 -4.193922348741828 21
1694443773046 -3.541045891184316 22
1694443773592 -2.995764509007625 23
1694443774126 -2.5384308314974913 24
1694443774643 -2.1537065424069244 25
1694443775196 -1.828409645700181 26
1694443775786 -1.5536950489966683 27
1694443776376 -1.3204779485386977 28
1694443776941 -1.1218831255605597 29
1694443777633 -0.9516406403570756 30
1694443778364 -0.8063608731724665 31
1694443779051 -0.6815541747618323 32
1694443779720 -0.5734910976462371 33
1694443780412 -0.4806151924368336 34
1694443781117 -0.400183856043673 35
1694443781734 -0.32986138227477846 36
1694443782611 -0.26908422191560244 37
1694443783291 -0.21608392017618483 38
1694443783986 -0.16930190085258734 39
1694443784660 -0.12872554061665786 40
1694443785325 -0.09313922229652638 41
1694443785969 -0.0614255104462722 42
1694443786609 -0.033887685389898614 43
1694443787157 -0.009629632402143207 44
1694443787737 0.012210978512413484 45
1694443788336 0.031141915616423654 46
1694443788920 0.04822488936681846 47
1694443789481 0.06307155227607153 48
1694443790077 0.07620440051437061 49
1694443790598 0.08821787904542222 50
1694443791215 0.09857143422986514 51
1694443791720 0.10774240375652078 52
1694443792509 0.11627772829538252 53
1694443793260 0.1235345098719991 54
1694443793844 0.13029346444996925 55
1694443794347 0.13605049094854926 56
1694443795041 0.14114206758438885 57
1694443795883 0.14602263505122104 58
1694443796568 0.1500685022139917 59
1694443797233 0.15394802375048267 60
1694443797866 0.15716849100510177 61
1694443798494 0.1599998294643329 62
1694443799123 0.16285257729217506 63
1694443799727 0.16510609620257388 64
1694443800348 0.16737734651781844 65
1694443800958 0.16917320810778658 66
1694443801531 0.1707321162930563 67
1694443802109 0.1724437172477986 68
1694443802856 0.17368357757223007 69
1694443803487 0.17504615314622884 70
1694443804132 0.17603331459443006 71
1694443804746 0.17686893412586158 72
1694443805448 0.17793297257687635 73
1694443806041 0.17859501425136426 74
1694443806619 0.17944073775890068 75
1694443807196 0.1799658486980984 76
1694443807936 0.1803879143575965 77
1694443808701 0.1810827391881339 78
1694443809396 0.18141381302073178 79
1694443810017 0.18196445925176952 80
1694443810657 0.18222451779624438 81
1694443811268 0.18240926169542704 82
1694443811884 0.18289305315670779 83
1694443812492 0.18303396663247606 84
1694443813068 0.1834158389446463 85
1694443813592 0.18352344684716937 86
1694443814144 0.18357166684927306 87
1694443814705 0.18393471227672908 88
1694443815386 0.18396612826245784 89
1694443816008 0.18425140856243594 90
1694443816644 0.1842711544520892 91
1694443817210 0.18424068761939394 92
1694443817892 0.18453464508055872 93
1694443818468 0.18450289536711917 94
1694443819106 0.18473291040893192 95
1694443819794 0.18470192621020143 96
1694443820425 0.18462602794274785 97
1694443820996 0.18488048680759717 98
1694443821548 0.1848122319589962 99
