1694448666793 -239.21626315829968 0
1694448667670 -193.85589188619429 1
1694448668525 -157.28531636900033 2
1694448669363 -127.77460797837983 3
1694448670191 -103.94284052019441 4
1694448671038 -84.68038319899165 5
1694448671878 -69.09640404076163 6
1694448672701 -56.47450109413473 7
1694448673495 -46.24154230373533 8
1694448674319 -37.93464078976151 9
1694448675165 -31.182251078147466 10
1694448676037 -25.685509898568295 11
1694448676895 -21.20298015372634 12
1694448677711 -17.542934084135375 13
1694448678531 -14.548380376865653 14
1694448679430 -12.093547861387824 15
1694448680327 -10.076983575552442 16
1694448681157 -8.415948272851976 17
1694448681951 -7.046036914600165 18
1694448682755 -5.912827882280517 19
1694448683547 -4.973007454083837 20
1694448684359 -4.19147957714335 21
1694448685156 -3.5390163857592976 22
1694448685929 -2.9940731378496075 23
1694448686857 -2.5370167312897163 24
1694448687779 -2.1525204130415125 25
1694448688714 -1.827410282384002 26
1694448689667 -1.552850998409295 27
1694448690567 -1.319762761209705 28
1694448691827 -1.121275188988517 29
1694448692866 -0.9511208957456501 30
1694448693814 -0.8059161367751984 31
1694448694626 -0.6811725071047989 32
1694448695600 -0.573161288222775 33
1694448696608 -0.4803304549630836 34
1694448697479 -0.39993741415831763 35
1694448698541 -0.32964630357786096 36
1694448699709 -0.2688971168727776 37
1694448700671 -0.21592082380380573 38
1694448701595 -0.16915828783459186 39
1694448702518 -0.12859983812836684 40
1694448703433 -0.09302903315064093 41
1694448704452 -0.0613277179773879 42
1694448705447 -0.033801691235424425 43
1694448706570 -0.009553938149004848 44
1694448707758 0.012278626388430802 45
1694448708974 0.031201595889109535 46
1694448711388 0.048278461020969665 47
1694448713818 0.06311889524250547 48
1694448715028 0.07624625044931954 49
1694448716871 0.08825566894447812 50
1694448717728 0.09860487402193052 51
1694448718452 0.10777199165962148 52
1694448719121 0.1163045991425321 53
1694448719818 0.12355829648584105 54
1694448720488 0.1303151509335987 55
1694448721166 0.13606969058902052 56
1694448721819 0.141159055050049 57
1694448722448 0.14603821433595954 58
1694448723118 0.15008228231897558 59
1694448723951 0.15396071356677465 60
1694448724675 0.1571797091414645 61
1694448725323 0.16000973541850494 62
1694448726122 0.16286176131272279 63
1694448727237 0.1651141988190905 64
1694448728437 0.16738489356738906 65
1694448729396 0.1691798593604985 66
1694448730341 0.170737968136774 67
1694448731672 0.17244921280288206 68
1694448733281 0.1736884061137156 69
1694448737006 0.17505071211064838 70
1694448738770 0.17603731425885905 71
1694448741421 0.17687243468042047 72
1694448743039 0.1779363116366277 73
1694448744593 0.17859793164304072 74
1694448745638 0.17944353769695653 75
1694448746702 0.1799682906473854 76
1694448747624 0.1803900370192404 77
1694448748501 0.18108480244322778 78
1694448749359 0.18141560302351423 79
1694448750202 0.18196621094852306 80
1694448751033 0.18222603451726405 81
1694448751830 0.18241056902108987 82
1694448752617 0.18289435261227993 83
1694448753386 0.1830350844846267 84
1694448754136 0.18341695782343415 85
1694448754892 0.18352440751956833 86
1694448755660 0.18357248667811277 87
1694448756519 0.18393554838282133 88
1694448757285 0.18396684058096924 89
1694448758090 0.1842521397367035 90
1694448758848 0.1842717764044114 91
1694448759717 0.18424121243638902 92
1694448760484 0.18453519575453026 93
1694448761235 0.18450335956681274 94
1694448762008 0.18473339994181137 95
1694448762767 0.18470233852321427 96
1694448763480 0.18462637164856022 97
1694448764231 0.18488085847006586 98
1694448764987 0.1848125418169846 99
