1694624200810 169.64084248330963 0
1694624202412 166.14180377833344 1
1694624203877 159.7353907874083 2
1694624205861 150.94338027364674 3
1694624207535 140.306925737909 4
1694624208869 128.3594497520936 5
1694624210159 115.60525758076076 6
1694624211363 102.50357659419952 7
1694624212723 89.45757697644613 8
1694624214393 76.8078252294036 9
1694624215861 64.82955847523313 10
1694624217310 53.7331393590119 11
1694624218821 43.667052871616484 12
1694624220454 34.722831978288575 13
1694624221767 26.94134302651219 14
1694624223051 20.31991932419149 15
1694624224521 14.819897301364115 16
1694624225820 10.374180134344249 17
1694624227132 6.89452507581657 18
1694624228473 4.27832009064797 19
1694624229772 2.41468046641297 20
1694624231214 1.1897551687726318 21
1694624232655 0.4911847130122452 22
1694624233862 0.21169658101016742 23
1694624235212 0.25186050516777947 24
1694624236641 0.5220543941995334 25
1694624238110 0.9437126949538736 26
1694624239442 1.4499431837921248 27
1694624240811 1.9856063204121999 28
1694624242125 2.5069542248336076 29
1694624243446 2.980924941846296 30
1694624244850 3.3841828209244613 31
1694624246140 3.7019884111757855 32
1694624247515 3.92697203568147 33
1694624248915 4.057874872059537 34
1694624250241 4.098310538077691 35
1694624251522 4.055589375897908 36
1694624252854 3.9396372597572835 37
1694624254092 3.762031136831798 38
1694624255608 3.5351648767396724 39
1694624257016 3.271551497010472 40
1694624258301 2.9832615236920534 41
1694624259627 2.681492151252071 42
1694624261083 2.3762579477388672 43
1694624262473 2.076191034951432 44
1694624263903 1.7884368560817192 45
1694624265441 1.5186307031237887 46
1694624266706 1.2709399810572097 47
1694624268053 1.0481575998851187 48
1694624269432 0.8518327761150342 49
1694624270799 0.6824267665291188 50
1694624272121 0.5394825341244843 51
1694624273561 0.42179895702212084 52
1694624274911 0.32760184855068397 53
1694624276441 0.2547056882837919 54
1694624277786 0.20066151217062056 55
1694624279081 0.16288783194492132 56
1694624280525 0.13878271979469636 57
1694624281815 0.12581628566798952 58
1694624283201 0.12160368361934394 59
1694624285055 0.12395951083387892 60
1694624287489 0.13093501582230213 61
1694624289296 0.14083992342117138 62
1694624290552 0.15225093005647183 63
1694624291836 0.164009042016223 64
1694624293176 0.17520794221038302 65
1694624294455 0.18517549725545504 66
1694624295785 0.19345037627659142 67
1694624297057 0.1997555638983859 68
1694624298358 0.203970329120318 69
1694624299565 0.2061019737585515 70
1694624300835 0.20625844131968046 71
1694624302021 0.2046226297611207 72
1694624303348 0.2014290276076818 73
1694624304585 0.1969430882868012 74
1694624305835 0.19144357637498244 75
1694624307045 0.18520796409378243 76
1694624308347 0.17850082778937432 77
1694624309641 0.17156509200981843 78
1694624310845 0.1646158919369328 79
1694624312048 0.15783677138907132 80
1694624313324 0.15137790093155556 81
1694624314534 0.14535598604019778 82
1694624315843 0.139855535836832 83
1694624317115 0.13493117572053145 84
1694624318420 0.1306107094235128 85
1694624320171 0.12689866498634986 86
1694624322294 0.12378009248613533 87
1694624324120 0.12122441697154081 88
1694624326799 0.11918918618500063 89
1694624328509 0.11762358783183005 90
1694624330464 0.11647164425141747 91
1694624332504 0.11567502251636712 92
1694624334713 0.11517542466269197 93
1694624336267 0.11491654560955071 94
1694624337808 0.11484560523872153 95
1694624339604 0.11491447612148431 96
1694624341077 0.11508043968974169 97
1694624342433 0.11530661153817501 98
1694624343852 0.11556208137663011 99
