1694709267198 52.52139675653084 0
1694709268855 17.34930886178595 1
1694709270630 5.495998231540587 2
1694709272393 1.8924360930322366 3
1694709273887 0.7683691259767602 4
1694709275496 0.4952731542218728 5
1694709277188 0.1886468658270757 6
1694709279167 0.17408134828668811 7
1694709281753 0.07571619714485142 8
1694709283573 0.31458323074774686 9
1694709285315 0.06713175456045786 10
1694709287652 0.03288132949961216 11
1694709289433 0.07892023454817419 12
1694709291385 0.07934460249906139 13
1694709292977 0.11215828504293776 14
1694709295067 0.12707838088564855 15
1694709296714 0.2783873845091287 16
1694709298763 0.18463550512404825 17
1694709300296 0.12387871158715033 18
1694709302218 0.11476055092391187 19
1694709303952 0.1168380441766838 20
1694709305562 0.4630969074232515 21
1694709307436 0.07779271204405118 22
1694709309096 0.10860358026017296 23
1694709311109 0.15074138210637034 24
1694709312874 0.03448554815166256 25
1694709314826 0.1687778160695487 26
1694709316341 0.1959140230641313 27
1694709317946 0.3053768274797234 28
1694709319762 0.13077590568492511 29
1694709321334 0.24765281929071697 30
1694709323281 0.029054662078597825 31
1694709325079 0.08437391570463103 32
