1694445893400 -239.32384704812617 0
1694445894170 -193.4832011498777 1
1694445895638 -156.7406567104087 2
1694445896679 -126.98108598162001 3
1694445898032 -102.87403948585249 4
1694445898998 -83.34081659385843 5
1694445899722 -67.5103355651623 6
1694445900366 -54.67778098017311 7
1694445901014 -44.27340398773687 8
1694445901551 -35.835815961923515 9
1694445902044 -28.989749232350665 10
1694445902529 -23.435566298161646 11
1694445903040 -18.926041957809428 12
1694445903555 -15.265532580296007 13
1694445904192 -12.292560244093387 14
1694445904918 -9.875392352973854 15
1694445905520 -7.911831974696186 16
1694445906143 -6.313830603535801 17
1694445906787 -5.0147176651562555 18
1694445907443 -3.957409597551071 19
1694445908004 -3.094952077104433 20
1694445908599 -2.3932187072392908 21
1694445909191 -1.8199840496196154 22
1694445909972 -1.3530301669260196 23
1694445910688 -0.9718631884256401 24
1694445911306 -0.6592030169746199 25
1694445911890 -0.404368609192838 26
1694445912466 -0.19488476842996816 27
1694445913117 -0.02383846957867375 28
1694445913762 0.11634260641308791 29
1694445914484 0.23249827404032375 30
1694445915125 0.3272346575094257 31
1694445915838 0.405984414717908 32
1694445916637 0.47038098062520173 33
1694445917315 0.5240887261332872 34
1694445918042 0.5681549942301158 35
1694445918866 0.6044846072183099 36
1694445919536 0.6354420767733057 37
1694445920254 0.6605636100553747 38
1694445921006 0.6820730061509999 39
1694445921637 0.6996015914650118 40
1694445922291 0.714675916748708 41
1694445922968 0.7270278763761796 42
1694445923906 0.7376896922961206 43
1694445924631 0.7464868652156587 44
1694445925662 0.7541002445840597 45
1694445926758 0.7604365254405554 46
1694445927567 0.7659263901628547 47
1694445928358 0.770543746351956 48
1694445929133 0.7745410929408673 49
1694445930104 0.7779460371713793 50
1694445930914 0.7808843183610239 51
1694445931926 0.7834251597956229 52
1694445932675 0.7856044240238164 53
1694445933438 0.7875226451151833 54
1694445934305 0.7891523544682411 55
1694445935084 0.7906168887724162 56
1694445935883 0.7918446080689184 57
1694445936599 0.7929747953605385 58
1694445937323 0.7939054963600438 59
1694445938079 0.7947865223584778 60
1694445938963 0.7954956369634215 61
1694445939979 0.7961889709446919 62
1694445940722 0.7967312673531227 63
1694445941413 0.7972817596019326 64
1694445942008 0.7976974167887857 65
1694445942686 0.7981381571320662 66
1694445943395 0.7984569519706834 67
1694445943999 0.7988126208442091 68
1694445944654 0.7990568373945366 69
1694445945194 0.7993460366503456 70
1694445945762 0.7995325052970058 71
