1694711338157 59.4402644072974 0
1694711339685 18.77945366442667 1
1694711341379 5.286461546474051 2
1694711342976 2.1055868768665826 3
1694711344507 0.3132499396489795 4
1694711346000 0.31334105500971077 5
1694711347276 0.10792095706913887 6
1694711348682 0.17515169870469852 7
1694711350255 0.10518504870475676 8
1694711351804 0.19052620767686007 9
1694711353318 0.1356627985465347 10
1694711354949 0.16255571857846346 11
1694711356714 0.16883103305532202 12
1694711358396 0.035905821313497566 13
1694711360234 0.27630779127367766 14
1694711361782 0.14071291176143066 15
1694711363219 0.11513548138696936 16
