1694697595029 168.54379126551402 0
1694697596890 168.20770831703868 1
1694697598804 167.5704105079477 2
1694697600791 166.66430987798287 3
1694697602487 165.51940348677766 4
1694697603853 164.16334610169363 5
1694697605250 162.6215451960648 6
1694697606477 160.91727093513975 7
1694697607704 159.07177543377276 8
1694697609002 157.10441686585023 9
1694697610189 155.0327850474104 10
1694697611503 152.8728259501718 11
1694697612727 150.63896326813756 12
1694697613899 148.34421568862365 13
1694697615225 146.00030893632422 14
1694697616766 143.61778198607766 15
1694697618574 141.206087094175 16
1694697620730 138.7736834935425 17
1694697622671 136.3281247465156 18
1694697624525 133.87613985963952 19
1694697626479 131.42370834567566 20
1694697628229 128.97612947499704 21
1694697630071 126.538085996892 22
1694697631544 124.11370263505168 23
1694697633320 121.70659967399733 24
1694697635826 119.31994195706574 25
1694697637707 116.95648361394133 26
1694697639257 114.61860882829752 27
1694697640639 112.30836894523979 28
1694697642018 110.02751620498884 29
1694697643384 107.77753437444015 30
1694697644772 105.55966653253334 31
1694697646141 103.3749402492615 32
1694697647652 101.22419038202405 33
1694697650764 99.10807969716048 34
1694697653782 97.02711750910132 35
1694697655334 94.98167651478715 36
1694697657134 92.97200798692624 37
1694697658950 90.99825547635669 38
1694697660701 89.06046716127683 39
1694697662383 87.15860696941651 40
1694697663833 85.29256458834251 41
1694697665342 83.46216446899729 42
1694697666823 81.66717391823883 43
1694697668224 79.90731036754644 44
1694697669722 78.18224789714334 45
1694697671109 76.49162308752486 46
1694697672604 74.83504026372778 47
1694697674406 73.2120761915927 48
1694697675822 71.6222842797156 49
1694697677392 70.06519833571883 50
1694697678965 68.54033592085801 51
1694697680721 67.04720134278303 52
1694697682634 65.58528832245644 53
1694697683995 64.15408236776709 54
1694697685386 62.75306288323335 55
1694697686763 61.3817050423395 56
1694697688084 60.03948144646578 57
1694697689577 58.725863592033484 58
1694697690924 57.44032316536934 59
1694697692325 56.18233318287842 60
1694697693810 54.9513689923826 61
1694697695196 53.746909149917045 62
1694697696565 52.56843618486252 63
1694697697997 51.41543726501437 64
1694697699601 50.28740477203577 65
1694697701182 49.18383679670215 66
1694697702841 48.104237562404315 67
1694697704298 47.04811778453069 68
1694697705866 46.01499497258501 69
1694697707243 45.00439368120655 70
1694697708760 44.015845715639045 71
1694697710837 43.04889029663468 72
1694697712555 42.103074189274736 73
1694697714631 41.17795179973411 74
1694697716499 40.273085243607554 75
1694697718533 39.38804438904641 76
1694697720941 38.522406877622565 77
1694697722762 37.6757581255376 78
1694697724869 36.847691307525245 79
1694697726957 36.03780732555359 80
1694697728510 35.24571476421491 81
1694697730111 34.47102983449481 82
1694697731797 33.71337630743603 83
1694697733536 32.97238543905294 84
1694697735203 32.2476958877103 85
1694697737218 31.538953625050965 86
1694697739133 30.845811841442025 87
1694697740761 30.167930846804627 88
1694697742352 29.504977967599615 89
1694697743980 28.856627440657004 90
1694697745529 28.222560304462096 91
1694697746955 27.60246428844302 92
1694697748303 26.996033700743993 93
1694697749784 26.402969314913612 94
1694697751357 25.822978255888675 95
1694697752953 25.25577388561002 96
1694697754902 24.70107568856707 97
1694697756681 24.158609157532958 98
1694697758336 23.628105679719585 99
