1694347091843 -239.8849948609239 0
1694347092599 -193.98391447003937 1
1694347093608 -157.62636498834414 2
1694347094696 -128.7518712694638 3
1694347096153 -105.75506083778468 4
1694347097224 -87.3837829463188 5
1694347099196 -72.66022148398382 6
1694347100179 -60.819784535768235 7
1694347101466 -51.263741822446924 8
1694347102363 -43.52249804035356 9
1694347103169 -37.22709757763659 10
1694347103975 -32.08710215677353 11
1694347104809 -27.873404575817034 12
1694347105702 -24.404867345037154 13
1694347106442 -21.537926567809095 14
1694347107195 -19.15849579755762 15
1694347107927 -17.175654850257377 16
1694347108710 -15.516724717893073 17
1694347109575 -14.123419569098797 18
1694347110475 -12.948836325105118 19
1694347111201 -11.95509608311676 20
1694347111876 -11.111493293334876 21
1694347112663 -10.393040835675853 22
1694347113548 -9.779324116571406 23
1694347114207 -9.253596659912779 24
1694347114842 -8.802064670476915 25
1694347115456 -8.413319685779738 26
1694347116103 -8.077887463124627 27
1694347116863 -7.787868260359323 28
1694347117563 -7.5366491161775 29
1694347118211 -7.318672970518337 30
1694347118818 -7.1292527600416395 31
1694347119451 -6.964421188618888 32
1694347120172 -6.820808871567685 33
1694347120934 -6.695545111464125 34
1694347121690 -6.5861767808305505 35
1694347122324 -6.490601738815341 36
1694347122948 -6.407013954104409 37
1694347123589 -6.333858090467901 38
1694347124256 -6.269791770056542 39
1694347124967 -6.213654090398648 40
1694347125670 -6.164439255443611 41
1694347126295 -6.121274405618541 42
1694347126873 -6.083400909683392 43
1694347127474 -6.050158522288881 44
1694347128184 -6.0209719234369405 45
1694347129135 -5.995339245660011 46
1694347129987 -5.972822266474424 47
1694347130595 -5.9530380012782995 48
1694347131220 -5.935651478296441 49
1694347131863 -5.920369514729221 50
1694347132603 -5.906935343751507 51
1694347133369 -5.895123966855637 52
1694347134091 -5.884738126365249 53
1694347134762 -5.875604809650226 54
1694347135364 -5.867572210352699 55
1694347136018 -5.8605070833469135 56
1694347136794 -5.854292439647524 57
1694347137531 -5.848825535405676 58
1694347138171 -5.844016115775299 59
1694347138771 -5.839784880021004 60
1694347139357 -5.836062138958867 61
1694347140051 -5.832786639820613 62
1694347140765 -5.829904537032089 63
1694347141567 -5.827368490296295 64
1694347142234 -5.825136873851749 65
1694347142878 -5.823173082903665 66
1694347143544 -5.821444925054225 67
1694347144214 -5.819924086134337 68
1694347145004 -5.818585661199959 69
1694347145834 -5.817407742633973 70
1694347146531 -5.816371058315209 71
1694347147137 -5.815458653702546 72
1694347147759 -5.814655612452528 73
1694347148447 -5.8139488108597766 74
1694347149203 -5.813326701994315 75
1694347149951 -5.812779125919919 76
1694347150637 -5.812297142823395 77
1694347151236 -5.811872886274148 78
1694347151818 -5.811499434174069 79
1694347152546 -5.811170695256008 80
1694347153570 -5.810881309250597 81
1694347154291 -5.810626559069791 82
1694347154911 -5.810402293556395 83
1694347155526 -5.810204859524985 84
1694347156250 -5.8100310419740495 85
1694347156952 -5.809878011484677 86
1694347157681 -5.809743277940485 87
1694347158316 -5.809624649807752 88
1694347158963 -5.809520198306722 89
1694347159557 -5.809428225885834 90
1694347160262 -5.809347238481412 91
1694347161107 -5.809275921107723 92
1694347161906 -5.809213116377316 93
