1694703228171 169.64084248330965 0
1694703229861 169.60677046948072 1
1694703231606 169.57270599843585 2
1694703233244 169.53864906843307 3
1694703235117 169.50459967773105 4
1694703236556 169.4705578245887 5
1694703238230 169.43652350726535 6
1694703239775 169.40249672402078 7
1694703241683 169.3684774731152 8
1694703243395 169.33446575280922 9
1694703245247 169.30046156136387 10
1694703247057 169.26646489704052 11
1694703248572 169.232475758101 12
1694703250414 169.19849414280765 13
1694703252830 169.16452004942303 14
1694703254468 169.13055347621025 15
1694703255785 169.09659442143277 16
1694703257125 169.0626428833545 17
1694703258524 169.02869886023976 18
1694703259915 168.99476235035323 19
1694703261145 168.96083335196005 20
1694703262501 168.92691186332576 21
1694703263697 168.8929978827163 22
1694703265038 168.859091408398 23
1694703266443 168.82519243863763 24
1694703267867 168.79130097170238 25
1694703269292 168.7574170058599 26
1694703270678 168.7235405393781 27
1694703272068 168.68967157052538 28
1694703273460 168.6558100975706 29
1694703274935 168.62195611878298 30
1694703276172 168.58810963243215 31
1694703277527 168.55427063678812 32
1694703278745 168.5204391301214 33
1694703280097 168.48661511070281 34
1694703281531 168.45279857680367 35
1694703283033 168.41898952669558 36
1694703284520 168.3851879586507 37
1694703285943 168.35139387094154 38
1694703287387 168.31760726184095 39
1694703288849 168.2838281296223 40
1694703290251 168.25005647255927 41
1694703291495 168.216292288926 42
1694703292781 168.18253557699705 43
1694703294087 168.1487863350474 44
1694703295502 168.11504456135236 45
1694703296945 168.08131025418774 46
1694703298351 168.04758341182966 47
1694703299785 168.01386403255472 48
1694703301426 167.98015211463994 49
1694703302871 167.94644765636272 50
1694703304237 167.9127506560008 51
1694703305714 167.8790611118325 52
1694703307237 167.84537902213634 53
1694703308518 167.8117043851914 54
1694703309849 167.77803719927712 55
1694703311179 167.74437746267333 56
1694703312640 167.71072517366028 57
1694703314273 167.67708033051863 58
1694703315655 167.64344293152945 59
1694703317052 167.60981297497418 60
1694703318488 167.57619045913472 61
1694703319996 167.5425753822934 62
1694703321352 167.5089677427328 63
1694703322911 167.47536753873612 64
1694703324272 167.44177476858684 65
1694703325700 167.4081894305688 66
1694703327090 167.37461152296643 67
1694703328424 167.34104104406433 68
1694703329908 167.3074779921477 69
1694703331261 167.2739223655021 70
1694703332661 167.2403741624134 71
1694703334050 167.20683338116797 72
1694703335455 167.17330002005258 73
1694703336881 167.13977407735433 74
1694703338331 167.10625555136087 75
1694703339723 167.07274444036008 76
1694703341117 167.03924074264037 77
1694703342581 167.0057444564905 78
1694703343934 166.9722555801997 79
1694703345309 166.93877411205747 80
1694703346804 166.90530005035387 81
1694703348159 166.87183339337926 82
1694703349657 166.83837413942447 83
1694703351057 166.80492228678065 84
1694703352549 166.77147783373948 85
1694703354029 166.7380407785929 86
1694703355503 166.70461111963337 87
1694703357115 166.67118885515373 88
1694703358540 166.63777398344715 89
1694703359855 166.60436650280727 90
1694703361479 166.57096641152816 91
1694703362973 166.53757370790422 92
1694703364340 166.5041883902303 93
1694703365863 166.47081045680164 94
1694703367555 166.43743990591392 95
1694703369057 166.4040767358631 96
1694703370550 166.37072094494573 97
1694703371920 166.3373725314586 98
1694703373299 166.30403149369903 99
