1694516390124 168.54379126551402 0
1694516391644 136.59749084859934 1
1694516392925 111.25787898192587 2
1694516394026 91.10682260477218 3
1694516395015 75.03740337408315 4
1694516396046 62.184751472350065 5
1694516397005 51.87236150884744 6
1694516398009 43.57041075290477 7
1694516398889 36.863384006181114 8
1694516399821 31.42491652283095 9
1694516401095 26.998236516598777 10
1694516402805 23.380952897102713 11
1694516404045 20.413215899226433 12
1694516405112 17.968496740664992 13
1694516406054 15.946401705643641 14
1694516406955 14.26706720923965 15
1694516407914 12.866784040497981 16
1694516408835 11.694577766947587 17
1694516409771 10.709533359594767 18
1694516410754 9.87869945489391 19
1694516411684 9.175444397610628 20
1694516412634 8.578164698300657 21
1694516413706 8.069268644388716 22
1694516414683 7.634374959995264 23
1694516415639 7.261679728801609 24
1694516416646 6.94145513801109 25
1694516417603 6.66565163754915 26
1694516418447 6.427581354510573 27
1694516419345 6.2216654595985865 28
1694516420364 6.043231960844199 29
1694516421386 5.888353341329471 30
1694516422347 5.753715748925602 31
1694516423335 5.636513232209876 32
1694516424428 5.534361910249118 33
1694516425390 5.445230052135367 34
1694516426257 5.367380892798013 35
1694516427184 5.299325677313182 36
1694516428308 5.239784947553025 37
1694516429359 5.187656494319614 38
1694516430243 5.141988719773612 39
1694516431108 5.101958408192892 40
1694516431980 5.066852102817436 41
1694516432765 5.036050444382864 42
1694516433641 5.009014951976053 43
1694516434679 4.985276826125611 44
1694516435712 4.964427433079248 45
1694516436729 4.946110192324265 46
1694516437628 4.930013639941355 47
1694516438454 4.915865480980639 48
1694516439359 4.903427476776 49
1694516440272 4.8924910395905625 50
1694516441294 4.882873428485124 51
1694516442205 4.87441445782633 52
1694516443073 4.866973644192721 53
1694516444049 4.860427729220486 54
1694516445035 4.8546685256519195 55
1694516445991 4.849601041902157 56
1694516446888 4.845141847156851 57
1694516447807 4.841217644605712 58
1694516448760 4.837764025104474 59
1694516449668 4.834724377502302 60
1694516450599 4.83204893520274 61
1694516451536 4.829693941349202 62
1694516452440 4.827620917426229 63
1694516453434 4.825796022114882 64
1694516454335 4.824189488991918 65
1694516455190 4.822775133164314 66
1694516456159 4.8215299182225575 67
1694516457089 4.820433576009246 68
1694516458005 4.8194682726614015 69
1694516458824 4.818618315217061 70
1694516459705 4.8178698937983615 71
1694516460646 4.817210855010044 72
1694516461596 4.816630502737238 73
1694516462554 4.816119423001078 74
1694516463503 4.815669329944436 75
1694516464451 4.815272930381271 76
1694516465407 4.814923804658696 77
1694516466255 4.814616301856592 78
1694516467154 4.814345447591281 79
1694516468112 4.814106862900877 80
1694516469079 4.813896692875525 81
1694516470012 4.813711543857765 82
1694516470938 4.813548428180941 83
1694516471863 4.813404715538417 84
1694516472808 4.81327809018612 85
1694516473920 4.8131665132771495 86
1694516474876 4.8130681897119425 87
1694516475786 4.812981538961675 88
1694516476725 4.812905169387917 89
1694516477679 4.812837855638999 90
1694516478550 4.812778518754084 91
1694516479454 4.812726208650031 92
