1694447969651 -239.50563140254084 0
1694447970533 -193.91946596117162 1
1694447971337 -157.3360871820061 2
1694447972065 -127.81517443750008 3
1694447972763 -103.97526774714855 4
1694447973544 -84.70564070024764 5
1694447974341 -69.11637504912093 6
1694447975079 -56.49120363232574 7
1694447975835 -46.25498668458126 8
1694447976894 -37.94461081213112 9
1694447977822 -31.19013319571485 10
1694447978611 -25.691755904434217 11
1694447979442 -21.208867721167465 12
1694447980238 -17.547740211272306 13
1694447980997 -14.551434568784378 14
1694447981704 -12.095951970112571 15
1694447982769 -10.078882118311498 16
1694447983630 -8.41829404250059 17
1694447984523 -7.047996044458664 18
1694447985404 -5.913665493204183 19
1694447986466 -4.9736465862389725 20
1694447987866 -4.1919687765034706 21
1694447989460 -3.540149154935584 22
1694447991700 -2.9943509551040597 23
1694447992686 -2.537213311328108 24
1694447994385 -2.152658262223592 25
1694447997912 -1.8281749951544848 26
1694447999253 -1.5528988844762375 27
1694448000976 -1.3197756591097183 28
1694448002238 -1.1212653685581238 29
1694448003772 -0.9511620778015553 30
1694448005292 -0.8059329237045798 31
1694448006247 -0.6811731237484049 32
1694448007075 -0.5731939599611973 33
1694448007768 -0.48034639549288816 34
1694448008499 -0.3999420601005399 35
1694448009426 -0.32967138820659936 36
1694448010376 -0.2689107770533745 37
1694448011133 -0.21592663099464504 38
1694448011826 -0.16917730993979418 39
1694448012596 -0.12861103408187757 40
1694448013444 -0.09303474670248169 41
1694448014056 -0.061342104985902646 42
1694448014702 -0.03381067090373002 43
1694448015374 -0.009559052811913604 44
1694448016221 0.012267719990202708 45
1694448017084 0.031194472701388642 46
1694448018047 0.04791973384082193 47
1694448018901 0.06315070860947025 48
1694448019913 0.07628777355128935 49
1694448020805 0.08827039641957946 50
1694448021691 0.0986292431325293 51
1694448022563 0.10780195850524654 52
1694448023446 0.11631629809859301 53
1694448024292 0.12357589076400155 54
1694448025687 0.1303200361621396 55
1694448027077 0.13607997693388674 56
1694448028046 0.14117265185752648 57
1694448028901 0.14604276878146438 58
1694448029835 0.15009011137715955 59
1694448030752 0.15396207296091868 60
1694448031480 0.15718401688731098 61
1694448032292 0.16001594104552908 62
1694448033316 0.16286321339306686 63
1694448034204 0.16511749835384693 64
1694448035076 0.16738469522457688 65
1694448036128 0.1691813353442837 66
1694448037069 0.1707405865080439 67
1694448037891 0.17244918580072088 68
1694448038715 0.17368949037945636 69
1694448039738 0.1750497919025351 70
1694448040709 0.1760374168460901 71
1694448041623 0.1768732815525521 72
1694448042776 0.17793559828602967 73
1694448043743 0.17859794372784776 74
1694448044507 0.17944233189762193 75
1694448045320 0.17996776283546068 76
1694448046106 0.18039003313692892 77
1694448046854 0.18108382298817505 78
1694448047565 0.18141513411467003 79
1694448048294 0.18196495883558494 80
1694448049043 0.18222526469225753 81
1694448049828 0.18241019004280656 82
1694448050722 0.18289332909886769 83
1694448051487 0.18303444078196862 84
1694448052211 0.18341578391072888 85
1694448053020 0.18352359439861932 86
1694448053801 0.18357197582291318 87
1694448054685 0.18393459083191754 88
1694448055991 0.18396617557377148 89
1694448056768 0.18425110003195233 90
1694448057356 0.18427101511735022 91
1694448057964 0.18424068945975147 92
1694448058604 0.18453435105375893 93
1694448059304 0.18450274454709448 94
1694448059927 0.18473251109515887 95
1694448060539 0.1847016682306536 96
1694448061130 0.18462589091595405 97
1694448061714 0.1848801392006536 98
1694448062274 0.18481200456449198 99
