1694620854499 168.54379126551402 0
1694620855830 165.1453949165864 1
1694620857034 158.883636811781 2
1694620858220 150.27123654555763 3
1694620859428 139.84032782160813 4
1694620860594 128.11555397641925 5
1694620861720 115.59281250567085 6
1694620862846 102.72332699523605 7
1694620863955 89.90273369451572 8
1694620865138 77.46454710460984 9
1694620866243 65.6776376370372 10
1694620867393 54.74665410569039 11
1694620868503 44.81508613670945 12
1694620869990 35.97048054528326 13
1694620872293 28.25062983704947 14
1694620873703 21.65083904646206 15
1694620875042 16.131511753277056 16
1694620876419 11.625734132043542 17
1694620877911 8.046549517822797 18
1694620879631 5.2936876354750515 19
1694620880937 3.259579957628637 20
1694620882311 1.8344558577971546 21
1694620883573 0.9109672056191722 22
1694620884887 0.387308981183648 23
1694620886626 0.16990807578404876 24
1694620888047 0.17520859221814913 25
1694620889407 0.3307396712752484 26
1694620890761 0.5755584943149213 27
1694620892148 0.8601685752441857 28
1694620893460 1.1460154752292055 29
1694620894707 1.4046596098908333 30
1694620895922 1.6167198268662974 31
1694620897246 1.7706728252054618 32
1694620898500 1.861583110783059 33
1694620899716 1.8898267871062473 34
1694620900983 1.8598607188159197 35
1694620902335 1.7790770166712748 36
1694620903759 1.6567718086203336 37
1694620905136 1.5031992073511213 38
1694620906341 1.3289294304642525 39
1694620907613 1.144175174604665 40
1694620908893 0.9583495496640094 41
1694620910285 0.7796529387964866 42
1694620911867 0.6149127930118083 43
1694620913217 0.4694755320536055 44
1694620914524 0.347187760076908 45
1694620915822 0.25045007656201834 46
1694620917300 0.1803138059782548 47
1694620918581 0.1366624550385687 48
1694620919859 0.11837056799444037 49
1694620922122 0.12349412339101025 50
1694620923411 0.14946172169838967 51
1694620924732 0.19325875668822687 52
1694620926021 0.251614463771358 53
1694620927287 0.32115956278362723 54
1694620928515 0.39856360303669613 55
1694620929839 0.480642983777333 56
1694620931110 0.5644555713798413 57
1694620933343 0.647367691030698 58
1694620934718 0.7270917774557863 59
1694620935949 0.8017246694094355 60
1694620937241 0.8697531642760317 61
1694620938576 0.9300463058684302 62
1694620939856 0.981833491411552 63
1694620941100 1.024671699038783 64
1694620942405 1.0584177165917945 65
1694620943610 1.083188359773169 66
1694620946320 1.099319073276038 67
1694620947708 1.1073195328909684 68
1694620948916 1.1078355255061836 69
1694620950278 1.1016018348354624 70
1694620952030 1.0894169092844748 71
1694620953325 1.0721182839479289 72
1694620954690 1.0505403832430273 73
1694620955898 1.0254861734593592 74
1694620957307 0.9977304153082035 75
1694620958646 0.9680100081544213 76
1694620960406 0.9369889345089615 77
1694620961795 0.9052645715737551 78
1694620963109 0.8733451910206231 79
1694620964647 0.8416835207205071 80
1694620965943 0.8106822613494675 81
1694620967170 0.7806588337512194 82
1694620968602 0.7518691629409642 83
1694620970391 0.7244889107802773 84
1694620971572 0.6986653464199197 85
1694620974023 0.6745033998601501 86
1694620975400 0.6520894157442312 87
1694620976646 0.6314517922281165 88
1694620978052 0.6125925309013472 89
1694620979360 0.5954918810222741 90
1694620980732 0.5801125083020205 91
1694620982023 0.5664031652627245 92
1694620983286 0.5542729530938714 93
1694620984511 0.5436506875507771 94
1694620985832 0.5344629391854974 95
1694620987131 0.5266349043527767 96
1694620988385 0.5201112242938847 97
1694620989709 0.514805581380229 98
1694620990944 0.5106330669893279 99
