1694620021399 168.54379126551402 0
1694620022693 165.19807082103898 1
1694620023926 158.97283858782845 2
1694620025133 150.3906707711614 3
1694620026574 139.99561320171784 4
1694620027857 128.32409189097316 5
1694620029126 115.88181085411794 6
1694620030513 103.12651531263903 7
1694620031878 90.45625996883105 8
1694620033309 78.20264489736026 9
1694620034726 66.62836214485006 10
1694620035966 55.92832884684175 11
1694620037199 46.23366072064796 12
1694620038543 37.617755571342286 13
1694620039794 30.10380208540018 14
1694620041012 23.67309695042473 15
1694620042325 18.273635962102613 16
1694620043497 13.82853569932899 17
1694620044790 10.24393587375869 18
1694620046129 7.416123862762231 19
1694620048461 5.237708481962645 20
1694620049823 3.6027469879395766 21
1694620051254 2.4107957815363763 22
1694620052559 1.569910290835356 23
1694620053947 0.9986627480230612 24
1694620055298 0.6272783260502656 25
1694620056564 0.3980111255901095 26
1694620057829 0.2648928999522545 27
1694620059245 0.1929905028778191 28
1694620060625 0.15730429322899578 29
1694620061840 0.1414306176886369 30
1694620063138 0.1360984641881709 31
1694620064539 0.13767478341640726 32
1694620065829 0.1467160212809908 33
1694620067125 0.16662613059345793 34
1694620068308 0.20246459053017118 35
1694620069605 0.2599324247167768 36
1694620070844 0.34455035776823567 37
1694620072012 0.4610314006982949 38
1694620073239 0.6128404709379961 39
1694620074452 0.8019261656450023 40
1694620075681 1.0286044434735702 41
1694620076928 1.2915705727544875 42
1694620078167 1.5880140556933264 43
1694620079410 1.9138110825471295 44
1694620080618 2.2637701309016585 45
1694620081960 2.6319083239108907 46
1694620083252 3.0117388284812643 47
1694620084499 3.3965526611082186 48
1694620085716 3.7796815545207085 49
1694620086990 4.15473183425942 50
1694620088151 4.515782407669917 51
1694620089337 4.857542860796274 52
1694620090585 5.1754702076352945 53
1694620091739 5.465844988898824 54
1694620092945 5.7258091494286685 55
1694620094195 5.953369434008858 56
1694620095319 6.147370949069067 57
1694620096655 6.307446075988229 58
1694620097837 6.433944134180862 59
1694620099129 6.527847129183854 60
1694620100282 6.590676635870092 61
1694620101497 6.624396413038778 62
1694620102677 6.631314773926655 63
1694620103869 6.613990094372453 64
1694620105102 6.575142167629264 65
1694620106420 6.517571446987814 66
1694620107633 6.444087582559125 67
1694620108802 6.357448078167096 68
1694620110048 6.260307383310923 69
1694620111303 6.155176302697321 70
1694620112500 6.044391255866845 71
1694620113699 5.930092651534586 72
1694620115046 5.814211451496133 73
1694620116234 5.698462880700413 74
1694620117570 5.584346184869927 75
1694620118898 5.473149335224299 76
1694620120177 5.365957621308283 77
1694620121495 5.263665147564019 78
1694620122734 5.166988347533661 79
1694620124251 5.076480742667891 80
1694620125418 4.992548292939606 81
1694620126666 4.915464807306305 82
1694620127860 4.845386998268942 83
1694620129143 4.782368872327131 84
1694620130635 4.72637524419896 85
1694620131855 4.677294245507591 86
1694620133083 4.634948767430355 87
1694620134434 4.59910683154984 88
1694620135632 4.5694909244699025 89
1694620136870 4.54578636077603 90
1694620138068 4.527648757078276 91
1694620139309 4.514710708828423 92
1694620140456 4.506587763088475 93
1694620141778 4.502883776170328 94
1694620142982 4.503195736700733 95
1694620144184 4.507118123676463 96
1694620145324 4.5142468567573895 97
1694620146620 4.52418288348119 98
1694620147937 4.536535436133311 99
