1694704284360 168.90284077185748 0
1694704285779 168.566040116837 1
1694704287763 168.2299117469642 2
1694704289807 167.89445431978154 3
1694704291523 167.55966649551362 4
1694704293717 167.22554693706144 5
1694704295588 166.8920943099974 6
1694704297872 166.55930728255962 7
1694704300238 166.22718452564695 8
1694704301740 165.8957247128134 9
1694704303443 165.56492652026293 10
1694704305136 165.2347886268441 11
1694704307266 164.90530971404496 12
1694704309934 164.57648846598752 13
1694704312341 164.2483235694226 14
1694704314543 163.92081371372467 15
1694704316242 163.59395759088642 16
1694704317791 163.2677538955137 17
1694704319271 162.94220132482013 18
1694704320772 162.61729857862207 19
1694704322315 162.29304435933332 20
1694704324261 161.96943737195983 21
1694704325722 161.64647632409472 22
1694704327488 161.32415992591297 23
1694704328870 161.00248689016627 24
1694704330397 160.68145593217795 25
1694704332159 160.36106576983775 26
1694704333989 160.0413151235968 27
1694704335447 159.72220271646228 28
1694704337159 159.4037272739926 29
1694704338974 159.08588752429208 30
1694704340439 158.76868219800596 31
1694704341787 158.45211002831533 32
1694704343100 158.13616975093197 33
1694704344593 157.8208601040934 34
1694704345854 157.5061798285578 35
1694704347314 157.19212766759887 36
1694704348877 156.87870236700095 37
1694704351463 156.565902675054 38
1694704352894 156.25372734254836 39
1694704354363 155.94217512277007 40
1694704355649 155.63124477149577 41
1694704358131 155.3209350469875 42
1694704361065 155.01124470998803 43
1694704364322 154.70217252371583 44
1694704366792 154.39371725386005 45
1694704369167 154.08587766857553 46
1694704371445 153.77865253847807 47
1694704373148 153.47204063663938 48
1694704374747 153.16604073858213 49
1694704376080 152.86065162227507 50
1694704377752 152.5558720681283 51
1694704379302 152.2517008589882 52
1694704380755 151.94813678013261 53
1694704382178 151.6451786192661 54
1694704383535 151.3428251665148 55
1694704385151 151.041075214422 56
1694704386727 150.7399275579429 57
1694704388136 150.4393809944401 58
1694704389552 150.13943432367867 59
1694704390922 149.84008634782114 60
1694704392340 149.54133587142317 61
1694704393697 149.24318170142837 62
1694704395018 148.9456226471637 63
1694704396344 148.64865752033464 64
1694704397757 148.3522851350205 65
1694704399127 148.05650430766957 66
1694704400382 147.7613138570946 67
1694704401663 147.46671260446777 68
1694704402933 147.17269937331625 69
1694704404250 146.8792729895173 70
1694704405594 146.5864322812937 71
1694704407075 146.29417607920894 72
1694704408316 146.00250321616272 73
1694704409764 145.71141252738613 74
1694704411680 145.420902850437 75
1694704413344 145.13097302519523 76
1694704414897 144.8416218938584 77
1694704416402 144.55284830093674 78
1694704418111 144.2646510932488 79
1694704420581 143.97702911991672 80
1694704423408 143.68998123236167 81
1694704426644 143.40350628429923 82
1694704428789 143.11760313173474 83
1694704430775 142.83227063295885 84
1694704432461 142.54750764854302 85
1694704434664 142.26331304133453 86
1694704436274 141.97968567645253 87
1694704437888 141.696624421283 88
1694704439499 141.41412814547462 89
1694704441200 141.13219572093385 90
1694704442682 140.85082602182078 91
1694704444150 140.57001792454435 92
1694704445695 140.28977030775806 93
1694704447472 140.01008205235533 94
1694704448635 139.73095204146514 95
1694704449979 139.4523791604475 96
1694704451401 139.17436229688892 97
1694704452776 138.8969003405981 98
1694704454046 138.6199921836015 99
