1694626971316 169.64084248330963 0
1694626972753 154.99587769244746 1
1694626974132 131.76920240302323 2
1694626975422 107.4086506290742 3
1694626976741 87.98764261532673 4
1694626978089 76.41693204590716 5
1694626979409 72.15914529429193 6
1694626980708 72.24428780349848 7
1694626982060 72.94587110741531 8
1694626983345 71.3623723555292 9
1694626984721 66.33733077642661 10
1694626986032 58.51373634252735 11
1694626987298 49.68476343481766 12
1694626988507 41.83512047062088 13
1694626989926 36.30444947428233 14
1694626991267 33.37073168667055 15
1694626992584 32.33153522091374 16
1694626993840 31.954549609746582 17
1694626995311 31.051865371205604 18
1694626996688 28.932012278733776 19
1694626998324 25.577549314333034 20
1694626999945 21.53018719897443 21
1694627001718 17.581146932112155 22
1694627003266 14.421080670294094 23
1694627004564 12.39095555352996 24
1694627006014 11.410798666945919 25
1694627007226 11.081316227320285 26
1694627008395 10.888513728892987 27
1694627009740 10.415050488442501 28
1694627011038 9.47704239052496 29
1694627012200 8.14804670088919 30
1694627013412 6.68155760671389 31
1694627014591 5.379554023079555 32
1694627015783 4.466282804708355 33
1694627016982 4.013693410230353 34
1694627018365 3.937093674789788 35
1694627019653 4.049934748913414 36
1694627021071 4.146623584928585 37
1694627022423 4.077597333736522 38
1694627023715 3.790441906472354 39
1694627025256 3.3283488500879423 40
1694627026691 2.794631002176132 41
1694627028011 2.3028691612108383 42
1694627029317 1.9337485574263622 43
1694627030621 1.713014418304276 44
1694627031968 1.6142781188495505 45
1694627033603 1.5804298889239168 46
1694627034921 1.5517529549338949 47
1694627036224 1.4887625898503498 48
1694627037858 1.382238214415748 49
1694627039150 1.2493132386955355 50
1694627040574 1.1200356070894875 51
1694627041907 1.0215779260320224 52
1694627043249 0.9667546544647934 53
1694627044597 0.9505342749611059 54
1694627046172 0.9544231320307268 55
1694627047366 0.9555621538710845 56
1694627048713 0.9361306214930641 57
1694627050035 0.8893314025840158 58
1694627051303 0.8202181384308422 59
1694627052598 0.74191497470227 60
1694627054007 0.6694436906747268 61
1694627055258 0.6138930221589194 62
1694627056531 0.5790530518929119 63
1694627058025 0.5613331175040702 64
1694627059338 0.5524049245933492 65
1694627060708 0.5430961125907608 66
1694627062088 0.5268636474593674 67
1694627063377 0.50164156860421 68
1694627065359 0.4696866583613272 69
1694627066980 0.4358601323807746 70
1694627068403 0.4052813870140615 71
1694627069811 0.3813446169098415 72
1694627071303 0.3647641386056286 73
1694627072446 0.3538031961067761 74
1694627073737 0.3453704445129615 75
1694627074843 0.3364063926564316 76
1694627076039 0.3249866586046435 77
1694627077293 0.3107867996337441 78
1694627078623 0.29486179877884744 79
1694627079957 0.2789588862046724 80
1694627081293 0.2647138842866589 81
1694627082710 0.25305541223613853 82
1694627083994 0.24399850751747618 83
1694627085580 0.2368261501231426 84
1694627087080 0.230510769623915 85
1694627088559 0.2241662601321523 86
1694627090148 0.21735109401753322 87
1694627091502 0.21013558726140213 88
1694627092837 0.2029539948440098 89
1694627094348 0.1963410082988723 90
1694627095653 0.19067782890916044 91
1694627096960 0.18604569288068143 92
1694627098430 0.18222497370617802 93
1694627099739 0.1788147086407634 94
1694627101126 0.1754054124994566 95
1694627102509 0.17172942114073464 96
1694627103756 0.16773488170545894 97
1694627105085 0.16356796125879783 98
1694627106462 0.15948525552498669 99
