1694694125505 3.4561007510500605 0
1694694126857 5.008390012301979 1
1694694128245 0.3110512294390122 2
1694694129687 0.06542870713744994 3
1694694131278 0.11064471951571 4
1694694133030 0.20107629674222596 5
1694694135248 0.12155724556538897 6
1694694137086 0.12831995700233903 7
1694694139133 0.3353893904160286 8
1694694140953 0.08177647296031397 9
1694694142357 0.17518663093616194 10
1694694143608 0.10313729577629645 11
1694694144779 0.1246489462867865 12
1694694146076 0.11067305050378845 13
1694694147260 0.1771234107055328 14
1694694148499 0.1052816042094167 15
1694694149664 0.13197960587989754 16
1694694150772 0.12189558006866175 17
1694694152126 0.2063916039212627 18
1694694153823 0.07384730307969506 19
1694694155338 0.18533090499489005 20
1694694156769 0.12405065747492684 21
1694694158045 0.12611238402733874 22
1694694159408 0.16535014767855352 23
1694694160777 0.34488242023178034 24
1694694162155 0.10511763420359845 25
1694694163476 0.06880782275679861 26
1694694164737 0.12429232132184949 27
1694694166364 0.10142365211491286 28
1694694168043 0.08202027682743754 29
1694694169444 0.13222930757245158 30
1694694170994 0.09381064369640862 31
1694694172357 0.1712880979303671 32
1694694173773 0.15900766864538007 33
1694694175273 0.09205664897567409 34
1694694176585 0.18524828176267868 35
1694694178006 0.14994458770136104 36
1694694179583 0.8403319311880671 37
1694694180970 0.18146910551053647 38
1694694182370 0.13073270207024715 39
1694694183706 0.14580329501170497 40
1694694185057 0.192101973839609 41
1694694186508 0.610791779127955 42
1694694187767 0.3486575650301605 43
1694694189021 0.5609272006243267 44
1694694190398 0.19629802528968435 45
1694694191846 0.13476732642483472 46
1694694193138 0.8994264977568834 47
1694694194402 0.11466291289590774 48
1694694195748 0.5622578824590331 49
1694694197077 0.20765670078242615 50
1694694198456 0.14640338370732617 51
1694694199651 0.2032614632160607 52
1694694200977 0.3615989688193733 53
1694694202312 0.2329818791573465 54
1694694203593 0.0631703562961221 55
1694694204928 0.09947338462924173 56
1694694206461 0.2375182534291089 57
1694694208001 0.14350459432117207 58
1694694209669 0.09899253160389669 59
1694694211434 0.11193050478278001 60
1694694213007 0.0848837066130145 61
1694694215494 0.09681823850473868 62
