1694718874266 4.101186594042258 0
1694718876192 4.912601161577857 1
1694718878380 2.854814029845429 2
1694718880202 5.049906375370315 3
1694718882396 5.213970878159565 4
1694718884320 5.031577207268937 5
1694718886389 5.017931598123235 6
1694718888307 4.879206238255707 7
1694718890465 5.098924036522596 8
1694718892355 6.305071061948145 9
1694718894780 2.132706618643523 10
1694718897229 7.206250908211063 11
1694718899230 6.407973114885484 12
1694718901265 8.084948494743127 13
1694718903702 5.318142276789326 14
1694718906062 4.313521591908508 15
1694718908171 4.608631857982431 16
1694718910466 3.4985969158867407 17
1694718912479 5.439129153926757 18
1694718914849 3.6199895047492228 19
1694718916751 3.778623589070698 20
1694718919150 4.094363847284997 21
1694718921372 5.647055554066343 22
1694718923488 3.451457462047273 23
1694718925737 5.917825917944482 24
1694718927711 3.1031451418146365 25
1694718929845 5.311787243683293 26
1694718931764 4.42078166909851 27
1694718934062 5.263889384197358 28
1694718936051 8.414647978062986 29
1694718938254 2.367102847194563 30
1694718940227 8.813061084266154 31
1694718942415 4.7211428701005635 32
1694718944403 6.432207711652979 33
1694718946596 3.081394932452129 34
1694718948616 9.31580463520323 35
1694718950811 5.470597496484746 36
1694718952713 5.49856173179266 37
1694718955211 5.072912451558235 38
1694718957534 2.0360602956445732 39
1694718959593 5.5422505506026525 40
1694718961713 8.39019097244197 41
1694718964256 3.927038230496738 42
1694718966682 2.949682691104045 43
1694718968951 5.732364450039671 44
1694718971319 1.6133906863674545 45
1694718973634 4.459094902902993 46
1694718976003 4.686544062317131 47
1694718978392 3.1216288562409313 48
1694718980453 4.541854112929775 49
1694718982671 5.249040660147874 50
1694718985033 6.454192972267012 51
1694718987241 4.2899995625941605 52
1694718989398 2.8656688405975217 53
1694718991642 2.361513996938011 54
1694718993833 6.214000739047179 55
1694718996314 3.0636046536663084 56
1694718998888 2.2508465238552415 57
1694719001146 2.453428486469519 58
1694719003281 4.538560065941646 59
1694719005449 9.967702356442135 60
1694719007583 3.570266542875556 61
1694719009799 4.313080273676787 62
1694719011834 3.107399511812996 63
1694719014378 4.32240084502915 64
1694719016861 4.829026334898899 65
1694719019272 5.3724292820245685 66
1694719022667 4.628016923380859 67
1694719025735 4.123790664411322 68
1694719027943 3.5854899200629275 69
1694719030736 3.7346289000964896 70
1694719032976 0.06812975857065941 71
1694719035165 6.654360722915528 72
1694719037722 3.2707182945300337 73
1694719039675 2.0254268206442787 74
1694719041663 4.705254808443763 75
1694719043619 3.3524935521511052 76
1694719046187 4.719637920128426 77
1694719048233 3.0823587569780018 78
1694719050753 5.335018413556773 79
1694719053168 2.550555841495361 80
1694719055395 4.364896423405425 81
1694719057589 3.8817921030242895 82
1694719059758 10.09943279890942 83
1694719062157 3.458608631970974 84
1694719064134 4.64678495258686 85
1694719066685 3.481161467874664 86
1694719068798 5.3574685836628015 87
1694719071210 4.40094965585706 88
1694719073479 5.44823606035037 89
1694719075770 7.97246462625036 90
1694719078024 7.603859882839183 91
1694719079892 4.494231896786503 92
1694719082503 9.407752793184882 93
1694719084585 4.467339735717478 94
1694719086945 4.876492847228581 95
1694719089190 7.069775360755304 96
1694719091444 7.708022487495764 97
1694719094028 3.894637072738567 98
1694719096245 4.699811338199621 99
