1694715853037 62.22994620436666 0
1694715854988 17.101789735345328 1
1694715856696 4.9822215276416255 2
1694715858528 1.083646861364698 3
1694715860478 0.45795161552029234 4
1694715862153 0.10515565541714937 5
1694715864403 0.08679698634040219 6
1694715866240 0.13451142917999942 7
1694715868131 0.024927344509569904 8
1694715869845 0.1316773274211608 9
1694715871468 0.07770049549733353 10
1694715873141 0.13605181769543692 11
1694715875274 0.0830728269667034 12
1694715877607 0.16936335134377595 13
1694715880301 0.2619997803324686 14
1694715883767 0.23391476848424975 15
1694715886858 0.07664009715369713 16
1694715889120 0.07597677744163958 17
1694715891064 0.06475742797635972 18
1694715892917 0.12694553589613228 19
1694715894652 0.19425292388888277 20
1694715896338 0.09744860447612941 21
1694715897736 0.1378031043939436 22
1694715899231 0.12900855192524113 23
1694715900857 0.048069132649277785 24
1694715902801 0.06333805806550682 25
1694715907765 0.12623448205938242 26
1694715910842 0.09450663508929688 27
1694715912530 0.022347294505497318 28
1694715914699 0.09828121509356114 29
1694715916300 0.21006967179471717 30
1694715918227 0.1760102002022103 31
1694715920125 0.030288098881000692 32
1694715921974 0.13305811588186356 33
1694715924763 0.07099071885594616 34
1694715926734 0.1955639039403696 35
1694715928935 0.16928099360102405 36
1694715930612 0.048303636500085165 37
1694715932111 0.1254148231779506 38
1694715933566 0.13690244466538967 39
1694715935092 0.0854376364794567 40
1694715936548 0.10949592309410952 41
1694715938295 0.09097129037502215 42
1694715940170 0.20309275566198384 43
1694715941772 0.07069407984118345 44
1694715943362 0.3870934285904734 45
1694715945086 0.20893127401434813 46
1694715949044 0.19060237246222655 47
1694715951165 0.05637553170008961 48
1694715953417 0.08049263020896588 49
1694715956248 0.10468039776953764 50
1694715958997 0.16124070679685681 51
1694715963219 0.06861669407607014 52
1694715966408 0.04288957938513609 53
1694715969127 0.2202105865890141 54
1694715971994 0.23052239957264092 55
1694715975724 0.0908885014420436 56
1694715978912 0.057732593278009 57
1694715981509 0.1588965376661639 58
1694715984103 0.12962789980022385 59
1694715986550 0.0679991690523909 60
1694715988661 0.043044086202461355 61
1694715990854 0.059668360051135315 62
1694715993106 0.057598905471705854 63
1694715996819 0.1390071861501009 64
1694716000736 0.051927609039230715 65
1694716003457 0.13077371371259283 66
1694716006396 0.1521567131136246 67
1694716009409 0.1434440729780441 68
1694716011834 0.08298656906052697 69
1694716013936 0.16710862567205448 70
1694716016343 0.05616282238727384 71
1694716018307 0.05862372107876279 72
1694716021473 0.09167094060134148 73
1694716025401 0.22108866748339628 74
1694716027626 0.10805918829860901 75
1694716029749 0.1890404811450121 76
1694716031864 0.08316429293121498 77
1694716033999 0.2519160568017687 78
1694716036114 0.09182169831409188 79
1694716038233 0.039232113611931074 80
1694716040492 0.05185455642398764 81
1694716042843 0.22504835315366437 82
1694716045173 0.07666267670649976 83
1694716047572 0.24507493272680048 84
1694716050314 0.07321859371654679 85
1694716053761 0.047581099211636974 86
1694716056632 0.21056146169388112 87
1694716059472 0.12581460325105082 88
1694716062334 0.14698341314943655 89
1694716065017 0.06269987988961812 90
1694716068158 0.12462658265843071 91
1694716070976 0.09444118894747341 92
