1694666184115 169.64084248330963 0
1694666185576 137.2826479650575 1
1694666187197 111.1114124495176 2
1694666188725 89.94163702186339 3
1694666190132 72.81559056701978 4
1694666191704 58.95940135351151 5
1694666193160 47.74764898069723 6
1694666194629 38.674802376520034 7
1694666196165 31.332173606012315 8
1694666197562 25.389317324525553 9
1694666198949 20.57901454800998 10
1694666200426 16.685147203657742 11
1694666201914 13.532904807075653 12
1694666203477 10.980873094866753 13
1694666204907 8.914641731954077 14
1694666206953 7.241638481832761 15
1694666208584 5.886953817596336 16
1694666210047 4.7899655424979235 17
1694666211335 3.901609731933188 18
1694666212656 3.1821739311617434 19
1694666213989 2.5995124323502603 20
1694666215374 2.127602725948825 21
1694666216704 1.7453777719650396 22
1694666218056 1.435781288067438 23
1694666219333 1.1850033845516492 24
1694666220674 0.981862058839506 25
1694666222014 0.8173026712073379 26
1694666223296 0.6839928625523974 27
1694666224637 0.5759946890322134 28
1694666226057 0.488499234780472 29
1694666227324 0.41761178187076026 30
1694666228618 0.36017789476624235 31
1694666229932 0.31364261836911284 32
1694666231241 0.27593647819222844 33
1694666232472 0.24538317572117402 34
1694666233868 0.22062484631842275 35
1694666235253 0.20056153514908634 36
1694666236543 0.18430218421663788 37
1694666237833 0.17112493948514187 38
1694666238939 0.1604450045080836 39
1694666240050 0.15178860479843476 40
1694666241185 0.14477190057248163 41
1694666242384 0.13908390678189095 42
1694666243516 0.13447265846218548 43
1694666244572 0.13073400441701796 44
1694666245774 0.12770252963464496 45
1694666246893 0.12524420186085872 46
1694666248104 0.12325041469118957 47
1694666249392 0.12163316184128914 48
1694666250652 0.12032112769727989 49
1694666251721 0.11925652009482574 50
1694666252794 0.11839250435372746 51
1694666253906 0.11769112438271818 52
1694666255006 0.11712161836388071 53
1694666256133 0.11665905409673304 54
1694666257362 0.11628322331304024 55
1694666258496 0.11597774579995132 56
1694666259545 0.1157293435053924 57
1694666260624 0.11552725236217228 58
1694666261721 0.1153627456931498 59
1694666262819 0.11522874802213535 60
1694666263904 0.1151195221350496 61
1694666265019 0.11503041549233319 62
1694666266253 0.11495765473171574 63
1694666267659 0.11489817913767367 64
1694666268739 0.11484950568537271 65
1694666269875 0.11480961966967143 66
1694666270967 0.11477688606625919 67
1694666272065 0.11474997769279116 68
1694666273160 0.1147278169839152 69
1694666274357 0.11470952879853268 70
1694666275528 0.11469440216738391 71
1694666276641 0.1146818592858627 72
1694666277744 0.11467143037848979 73
1694666278798 0.11466273332199271 74
1694666279899 0.11465545712503766 75
1694666280996 0.11464934853370318 76
1694666282143 0.11464420117039091 77
1694666283165 0.114639846726175 78
1694666284270 0.1146361478176002 79
1694666285402 0.11463299219268723 80
1694666286626 0.11463028803065929 81
1694666287714 0.1146279601283353 82
1694666288849 0.11462594680537501 83
1694666289916 0.11462419739236478 84
1694666291042 0.11462267019150478 85
1694666292138 0.11462133082054313 86
1694666293266 0.11462015086752901 87
1694666294388 0.114619106797674 88
1694666295494 0.11461817906472807 89
1694666296554 0.11461735138828671 90
1694666297649 0.11461661016574777 91
1694666298782 0.11461594399355614 92
1694666299906 0.11461534327716996 93
1694666301006 0.11461479991307273 94
1694666302268 0.11461430702930496 95
1694666303488 0.114613858773546 96
1694666304672 0.1146134501398471 97
1694666305857 0.11461307682679564 98
1694666306993 0.11461273512125034 99
