1694681432329 169.42924729476263 0
1694681433605 137.15511294155058 1
1694681434796 111.29314403710806 2
1694681435870 90.44826040479994 3
1694681437082 73.63332071402084 4
1694681438298 60.05711471714466 5
1694681439644 49.08487267131827 6
1694681440981 40.20798400661736 7
1694681442247 33.017929128689126 8
1694681443382 27.18648238265788 9
1694681444854 22.45100231975155 10
1694681446496 18.599677724253922 11
1694681448050 15.462078170564226 12
1694681449628 12.902147020303861 13
1694681450942 10.809488328989577 14
1694681452462 9.095097238958834 15
1694681454008 7.688233677123223 16
1694681456673 6.530959417939301 17
1694681459258 5.576430946467942 18
1694681461501 4.787721957550667 19
1694681463845 4.134139847540709 20
1694681465679 3.590765903940831 21
1694681467246 3.138254084841985 22
1694681468735 2.7598977259884947 23
1694681469998 2.4429790032352474 24
1694681471088 2.1765941723751565 25
1694681472149 1.9517571929407802 26
1694681473263 1.7617859426490812 27
1694681474356 1.600454534490249 28
1694681475664 1.4633021553326657 29
1694681476850 1.3462654482759646 30
1694681477923 1.2458826309485709 31
1694681479031 1.159855683659284 32
1694681480200 1.0856477292097684 33
1694681481735 1.0216931663460938 34
1694681483398 0.9663645374861859 35
1694681484581 0.9181760692232516 36
1694681485751 0.8764054024491644 37
1694681486956 0.8398595425147825 38
1694681488223 0.8080353351908885 39
1694681490947 0.7800807260865582 40
1694681494010 0.755637730586208 41
1694681496173 0.7340932743416333 42
1694681498571 0.7151867736210603 43
1694681501452 0.698564031946789 44
1694681503667 0.6837603603742337 45
1694681506284 0.6707904743684376 46
1694681507675 0.6592167272560021 47
1694681508832 0.6490484660394223 48
1694681510079 0.6399603264864184 49
1694681511825 0.6319566550203595 50
1694681514298 0.6247943241106995 51
1694681516927 0.6184736177510164 52
1694681519415 0.61281202442969 53
1694681520793 0.6078068192373668 54
1694681521986 0.6033204428188107 55
1694681523050 0.5993481193924542 56
1694681524158 0.5957858193914245 57
1694681525296 0.5926274993253186 58
1694681526457 0.5898590084332191 59
1694681527537 0.5872823980912433 60
1694681528650 0.5850749980534731 61
1694681529881 0.583023735376115 62
1694681531186 0.5812616557965296 63
1694681532392 0.5796265012986052 64
1694681533577 0.57821869802241 65
1694681534696 0.5769138916240539 66
1694681535800 0.5757884355008104 67
1694681536937 0.5747463709482782 68
1694681538285 0.5738462352364726 69
1694681539970 0.573013444049759 70
1694681541394 0.5722932966599049 71
1694681542825 0.5716273835955226 72
1694681544439 0.5710511163697607 73
1694681546534 0.5705183984018306 74
1694681548237 0.5700572066967767 75
1694681550186 0.5696308799028019 76
1694681552007 0.5692617592026268 77
1694681553219 0.568920466693396 78
1694681554351 0.5686250291227529 79
1694681555535 0.5683517367492641 80
1694681556613 0.5681152753922545 81
1694681557760 0.5679545890465618 82
1694681558852 0.5677112024156735 83
1694681559952 0.5675804071659346 84
1694681561082 0.5673872148948714 85
1694681562199 0.567280794197688 86
1694681563310 0.5671269389372521 87
1694681564378 0.567040500213851 88
1694681565485 0.5669176546448683 89
1694681566615 0.5668476216258324 90
1694681567749 0.566749326760371 91
1694681568888 0.5666927528960437 92
