1694671116764 168.8148749839276 0
1694671117811 136.7758794711031 1
1694671118882 111.3687757902048 2
1694671120021 91.16912567240144 3
1694671121127 75.0651943888615 4
1694671122191 62.18845281682876 5
1694671123269 51.85963023588426 6
1694671124361 43.54682546648611 7
1694671125528 36.832969834328495 8
1694671126706 31.3905442876713 9
1694671127734 26.96192471129156 10
1694671128849 23.344094974671297 11
1694671129862 20.37675046055117 12
1694671131031 17.933034283788853 13
1694671132212 15.91231849078476 14
1694671133329 14.234574350662696 15
1694671134412 12.835978027762508 16
1694671135623 11.665477135689926 17
1694671136712 10.682105086901018 18
1694671137794 9.852877774237541 19
1694671138845 9.151144055204103 20
1694671139997 8.55529016029876 21
1694671141148 8.04772037611371 22
1694671142206 7.614053605509136 23
1694671143348 7.242488799304471 24
1694671144437 6.923302653286454 25
1694671145555 6.648451042556189 26
1694671146807 6.411251942901654 27
1694671148021 6.206132469505461 28
1694671149055 6.028426459701298 29
1694671150325 5.874211981217585 30
1694671151386 5.740180448472497 31
1694671152528 5.623530822882161 32
1694671153638 5.521883771970988 33
1694671154804 5.433211754129143 34
1694671156017 5.355781849287663 35
1694671157209 5.28810882347555 36
1694671158284 5.228916438263771 37
1694671159417 5.177105426400146 38
1694671160556 5.131726877296963 39
1694671161702 5.091960029731218 40
1694671162923 5.057093669156201 41
1694671164030 5.02651048507674 42
1694671165165 4.99967386910303 43
1694671166314 4.97611673365609 44
1694671167416 4.955432010381067 45
1694671168564 4.937264550449009 46
1694671169677 4.921304199467603 47
1694671170764 4.907279860316603 48
1694671171893 4.894954389942681 49
1694671172957 4.884120202614044 50
1694671174099 4.874595473622755 51
1694671175219 4.86622085493587 52
1694671176350 4.8588566286273425 53
1694671177437 4.852380235696483 54
1694671178490 4.846684127591493 55
1694671179590 4.841673895801858 56
1694671180772 4.837266641574032 57
1694671181885 4.833389553391926 58
1694671182907 4.8299786645468386 59
1694671184071 4.826977767062184 60
1694671185131 4.824337461566307 61
1694671186222 4.8220143255269665 62
1694671187344 4.819970184659067 63
1694671188454 4.818171474362545 64
1694671189503 4.8165886797968716 65
1694671190574 4.8151958446993115 66
1694671191623 4.813970140344584 67
1694671192761 4.8128914871557615 68
1694671193941 4.811942222437049 69
1694671195217 4.811106808530409 70
1694671196367 4.810371576418965 71
1694671197478 4.809724500425872 72
1694671198564 4.809155000201893 73
1694671199755 4.808653766668721 74
1694671200977 4.808212608998438 75
1694671202712 4.807824320070048 76
1694671203824 4.807482558159105 77
1694671204975 4.80718174289182 78
1694671206067 4.806916963736003 79
1694671207425 4.806683899512237 80
1694671208549 4.806478747593403 81
1694671209645 4.806298161622784 82
1694671210798 4.806139196722966 83
1694671211973 4.805999261292359 84
1694671213067 4.80587607459566 85
1694671214149 4.805767629450448 86
1694671215272 4.80567215939651 87
1694671216448 4.805588109808555 88
1694671217643 4.80551411247807 89
1694671218734 4.805448963247097 90
1694671219837 4.805391602327222 91
1694671220869 4.805341096981026 92
