1694771345099 50.42029793273205 0
1694771346862 17.895470494275784 1
1694771348555 5.594332534062813 2
1694771350260 1.702923211941519 3
1694771351935 0.6292241767659281 4
1694771353770 0.12311066769980471 5
1694771355425 0.07341995817284215 6
1694771357129 0.1027107881129456 7
1694771358919 0.18412477848292774 8
1694771360640 0.01981372284536048 9
1694771362375 0.072996096862065 10
1694771364076 0.1199129324160572 11
1694771365797 0.06295284271309015 12
1694771367445 0.039465574847203956 13
1694771369188 0.07733185406153423 14
1694771370872 0.031451889229424185 15
1694771372555 0.1721564122780743 16
1694771374360 0.09220561063101998 17
1694771376098 0.23799209576235134 18
1694771377857 0.10927026667185652 19
1694771379504 0.14822235416737398 20
1694771381152 0.03922985843012529 21
1694771382858 0.1750647276628844 22
1694771384623 0.09866791144967674 23
