1694347820108 -239.21936478991904 0
1694347820998 -193.60377625880076 1
1694347821945 -156.90703471768788 2
1694347822688 -127.32999137768303 3
1694347823498 -103.4713083516028 4
1694347824531 -84.20816070017686 5
1694347825362 -68.64011518937112 6
1694347826235 -56.045117963127815 7
1694347827692 -45.84363308991112 8
1694347828728 -37.56996149108878 9
1694347830820 -30.851257333174118 10
1694347831783 -25.386660488867058 11
1694347832887 -20.935590887206544 12
1694347834053 -17.30369366345433 13
1694347834971 -14.334323679793506 14
1694347835769 -11.902544026050117 15
1694347836598 -9.906626821879415 16
1694347837493 -8.264369964330033 17
1694347838332 -6.910639754221724 18
1694347839091 -5.791383481959705 19
1694347839810 -4.864134480311086 20
1694347840790 -4.09370252659793 21
1694347841671 -3.4514138610869223 22
1694347842452 -2.914977601917626 23
1694347843280 -2.4654258197711716 24
1694347844140 -2.087185034771111 25
1694347844923 -1.768547452183817 26
1694347845716 -1.4988030102018919 27
1694347846373 -1.2701684527417534 28
1694347846958 -1.075649344553364 29
1694347847587 -0.9093375158027348 30
1694347848426 -0.7671993658588652 31
1694347849341 -0.6449559853329587 32
1694347850211 -0.5398756861850864 33
1694347851002 -0.44900280582448704 34
1694347851630 -0.37046267839901637 35
1694347852311 -0.30235621771621357 36
1694347853026 -0.2428922786972123 37
1694347853782 -0.19123389717507133 38
1694347854419 -0.14593744513633178 39
1694347854999 -0.10641604565161344 40
1694347855612 -0.07163289106895943 41
1694347856276 -0.04116744121143667 42
1694347857030 -0.014269511084513686 43
1694347857762 0.009369240103878185 44
1694347858416 0.03017293497286222 45
1694347858986 0.04874021747554591 46
1694347859597 0.06501243775013577 47
1694347860331 0.07956115575581069 48
1694347861081 0.09234489849619398 49
1694347861823 0.10379054268792942 50
1694347862466 0.11387029366132617 51
1694347863127 0.12290465989260735 52
1694347863889 0.1308762400068504 53
1694347864620 0.13802685825967564 54
1694347865361 0.14434671419757517 55
1694347866094 0.15001907986580443 56
1694347866682 0.1550395222611607 57
1694347867267 0.15954749208692298 58
1694347867916 0.16354221341675423 59
1694347868632 0.1670373920166096 60
1694347869347 0.1703087093228679 61
1694347870037 0.17309736353126626 62
1694347870677 0.17570282436899887 63
1694347871250 0.17793011952242566 64
1694347871826 0.180007844035168 65
1694347872576 0.18178812132464206 66
1694347873266 0.18344664599760718 67
1694347873874 0.18487037139829998 68
1694347874356 0.18619532983573406 69
1694347874842 0.18733431952458512 70
1694347875524 0.18839348720071325 71
1694347876130 0.18930489483743884 72
1694347876740 0.1901520444108753 73
1694347877442 0.19088143923476308 74
1694347878195 0.19155931534118587 75
1694347878864 0.19214308010576797 76
1694347879492 0.19268571235062482 77
1694347880202 0.1931529245687199 78
1694347881034 0.19358743685690327 79
1694347881733 0.1939613526605588 80
1694347882410 0.194309385303309 81
1694347883048 0.19460861467113666 82
1694347883856 0.19488744635132738 83
1694347884653 0.1951268867940178 84
1694347885443 0.19526877301571788 85
1694347886156 0.19553600843262475 86
1694347886791 0.19565266035866213 87
1694347887405 0.1958643143037293 88
1694347888088 0.19596011605861463 89
1694347888773 0.19612844546248698 90
1694347889519 0.19620688403925257 91
1694347890188 0.19634119666364036 92
1694347890819 0.19640515376766066 93
1694347891444 0.1965126139179817 94
1694347892073 0.19656451750432458 95
1694347892865 0.1966506944150448 96
1694347893735 0.19669260447308556 97
1694347894441 0.19676185860025885 98
1694347895160 0.19679552282860846 99
1694347895928 0.19685128606656233 100
1694347896862 0.1968781817988866 101
1694347897827 0.19692316562486623 102
1694347898606 0.1969445350754151 103
1694347899227 0.19698088801558422 104
1694347899935 0.19699776962118376 105
1694347900772 0.1970271980180024 106
1694347901577 0.19704045480226773 107
1694347902235 0.19706431636672994 108
1694347902923 0.19707466154893294 109
1694347903580 0.19709403835529626 110
1694347904249 0.1971020582303209 111
1694347905012 0.19703667069937525 112
1694347905810 0.19711799786376205 113
1694347906444 0.19706862465351083 114
1694347907032 0.19713148437468087 115
1694347907718 0.1970942790310728 116
1694347908598 0.19714350554211202 117
1694347909427 0.1971153746322104 118
1694347910146 0.19715434393969522 119
1694347910852 0.197132904779598 120
1694347911553 0.19716403820219597 121
1694347912264 0.1971475053422458 122
1694347913149 0.19717257809304822 123
1694347913999 0.19715963822576044 124
1694347914717 0.19717997492307016 125
1694347915457 0.1971696744404675 126
1694347916235 0.19718627727229088 127
1694347917279 0.1971779299703751 128
1694347918602 0.19719156549931016 129
1694347919615 0.1971846805556845 130
1694347921801 0.19719594026482923 131
1694347922727 0.19719016779223908 132
1694347923841 0.1971995113857229 133
1694347924960 0.1971946021513188 134
1694347925867 0.19720238915789723 135
1694347926683 0.1971981652448902 136
1694347927483 0.19720467845549416 137
1694347928312 0.1972010121489154 138
1694347929195 0.19712516288608872 139
1694347930049 0.19719728902075828 140
1694347930832 0.19713952297668758 141
1694347931624 0.19719502323262095 142
1694347932300 0.19715108321263586 143
1694347932896 0.19719442430128065 144
1694347933741 0.1971608878729273 145
1694347934473 0.1971951516011864 146
1694347935016 0.1971693725084499 147
1694347935554 0.19719674466564474 148
1694347936073 0.19717672627404625 149
1694347936585 0.19719879350336966 150
1694347937141 0.19718305327668595 151
1694347937712 0.19720098921972729 152
1694347938360 0.19718843792875396 153
1694347938950 0.1972031238956078 154
1694347939581 0.19719296663860908 155
1694347940206 0.19720507241439467 156
1694347940940 0.19719673124204296 157
1694347941672 0.19720677083081817 158
1694347942299 0.19719982601253694 159
1694347942930 0.1972081970930214 160
1694347943617 0.1972023434020036 161
1694347944272 0.19720935585250032 162
1694347944955 0.19720437047616024 163
1694347945639 0.197210267346684 164
1694347946409 0.19720598656824884 165
1694347946979 0.19712958763496147 166
1694347947568 0.19720127948242794 167
1694347948147 0.1971430692938464 168
1694347948810 0.1971982251238813 169
1694347949483 0.1971539257917977 170
1694347950139 0.19719699415037906 171
1694347950796 0.1971631666437249 172
1694347951443 0.19719721481185004 173
1694347952070 0.19717119955713702 174
1694347952672 0.19719840171078906 175
1694347953457 0.1971781913856666 176
1694347954138 0.19720012488551453 177
1694347954719 0.19718422837364458 178
1694347955294 0.19720205944389435 179
1694347955908 0.1971893806257412 180
1694347956567 0.19720398465151012 181
1694347957203 0.19719372308989214 182
1694347957883 0.19720576512533916 183
1694347958536 0.19719733842204623 184
1694347959152 0.19720732869541469 185
1694347959752 0.19720031354251522 186
1694347960474 0.19720864672065452 187
1694347961370 0.1972027350132004 188
1694347962067 0.1972097185734275 189
1694347962667 0.19720468518177425 190
1694347963290 0.19721056026148653 191
1694347963958 0.19720623960216266 192
1694347964618 0.19712980509954325 193
1694347965291 0.19720148381306057 194
1694347965961 0.1971432439170897 195
1694347966584 0.19719839035400977 196
1694347967245 0.19715406610444108 197
1694347967932 0.19719712797239852 198
1694347968862 0.19716327947238 199
1694347969666 0.19719732338891283 200
1694347970352 0.19717129036487313 201
1694347970977 0.1971984899818624 202
1694347971621 0.19717826454454634 203
1694347972282 0.1972001968095145 204
1694347973045 0.19718428738279836 205
1694347973882 0.1972021181950968 206
1694347974446 0.19718942828586172 207
1694347975004 0.19720403277595278 208
1694347975710 0.19719376164287827 209
1694347976445 0.19720580466599558 210
1694347977184 0.19719736966271595 211
1694347977922 0.19720736129238114 212
1694347978586 0.19720033890798938 213
1694347979173 0.1972086736913513 214
1694347979765 0.19720275565442225 215
1694347980469 0.19720974097676547 216
1694347981170 0.19720470202071294 217
1694347981868 0.19721057894925398 218
1694347982465 0.19720625337758757 219
1694347983080 0.1971298145197501 220
1694347983758 0.19720149536290965 221
1694347984577 0.19714325158821355 222
1694347985409 0.1971984000954271 223
1694347986228 0.19715407237895122 224
1694347986932 0.1971971362391718 225
1694347987635 0.19716328463002508 226
1694347988515 0.19719733044845056 227
1694347989442 0.19717129462769134 228
1694347990295 0.19719849604871797 229
1694347991287 0.19717826808881578 230
1694347991972 0.19720020205614552 231
1694347992600 0.1971842903485046 232
1694347993343 0.1972021227604186 233
1694347994006 0.1971894307842379 234
1694347994522 0.19720403677213716 235
1694347995011 0.19719376376236142 236
1694347995545 0.19720580818388578 237
1694347996324 0.19719737147369154 238
1694347997389 0.19720736440579412 239
1694347998032 0.19720034046654977 240
1694347998650 0.197208676460498 241
1694347999275 0.19720275700533807 242
1694347999932 0.19720974345096698 243
1694348000555 0.19720470319978545 244
1694348001257 0.1972105811690973 245
1694348001968 0.1972062544135147 246
1694348002553 0.19712981450945044 247
1694348003125 0.19720149635793804 248
1694348003782 0.19714325161961688 249
1694348004395 0.1971984010495732 250
1694348005024 0.19715407244532956 251
1694348005701 0.19719713715229947 252
1694348006390 0.19716328472512712 253
1694348006979 0.1971973313204487 254
1694348007606 0.19717129474583361 255
1694348008291 0.19719849687958402 256
1694348009053 0.19717826822491102 257
1694348010202 0.19720020284605566 258
1694348011275 0.19718429049807773 259
1694348012298 0.19720212350975086 260
1694348014007 0.19718943094340247 261
1694348014791 0.19720403748147275 262
1694348015639 0.1971937639277782 263
1694348016408 0.19720580885400185 264
1694348017123 0.19719737164253914 265
1694348017871 0.1972073650376457 266
1694348018517 0.1972003406364653 267
1694348019168 0.19720867705518774 268
1694348019835 0.19720275717436675 269
1694348020563 0.19720974400972502 270
1694348021355 0.1972047033663421 271
1694348022094 0.197210581693263 272
1694348022723 0.19720625457634133 273
1694348023417 0.19712981435318944 274
1694348024074 0.1972014965415455 275
1694348024709 0.19714325150718648 276
1694348025306 0.1971984012472231 277
1694348025927 0.19715407236852178 278
1694348026533 0.1971971373585395 279
1694348027290 0.19716328467708388 280
1694348028497 0.19719733153090435 281
1694348029560 0.1971712947208485 282
1694348030220 0.19719849709078807 283
1694348030863 0.19717826821823636 284
1694348031529 0.19720020305528074 285
1694348032240 0.1971842905057808 286
1694348032773 0.19720212371488632 287
1694348033332 0.19718943096223318 288
1694348033943 0.1972040376809231 289
1694348034546 0.19719376395507282 290
1694348035085 0.19720580904658924 291
1694348035619 0.1971973716761034 292
1694348036272 0.1972073652225329 293
1694348037182 0.19720034067450998 294
1694348038217 0.19720867723180535 295
1694348039227 0.1972027572154409 296
1694348040096 0.19720974417773984 297
1694348040834 0.19720470340927887 298
1694348041467 0.19721058185251117 299
1694348042191 0.1972062546202039 300
1694348042840 0.19712981429516985 301
1694348043476 0.19720149659380903 302
1694348044117 0.1971432514648117 303
1694348044748 0.19719840130537303 304
1694348045374 0.19715407233884263 305
1694348046010 0.19719713742054878 306
1694348046659 0.19716328465764965 307
1694348047198 0.19719733159514996 308
1694348048042 0.1971712947096249 309
1694348048755 0.1971984971559786 310
1694348049290 0.19717826821354423 311
1694348049928 0.197200203120398 312
1694348050616 0.1971842905062262 313
1694348051241 0.19720212377914093 314
1694348051773 0.1971894309666702 315
1694348052456 0.1972040377437112 316
1694348053156 0.1971937639625574 317
1694348053758 0.1972058091074551 318
1694348054310 0.19719737168586582 319
1694348054843 0.1972073652811458 320
1694348055370 0.1972003406859224 321
1694348055893 0.197208677287944 322
1694348056421 0.1972027572279984 323
1694348057011 0.19720974423125592 324
1694348057590 0.19720470342257101 325
1694348058091 0.19721058190332608 326
1694348058631 0.19720625463390107 327
1694348059139 0.197129814276097 328
1694348059696 0.19720149661029907 329
1694348060313 0.19714325145085376 330
1694348060952 0.19719840132382838 331
1694348061553 0.1971540723290358 332
1694348062207 0.19719713744030465 333
1694348062745 0.19716328465119648 334
1694348063282 0.19719733161567243 335
1694348063727 0.1971712947058556 336
1694348064211 0.1971984971768388 337
1694348064674 0.19717826821190698 338
1694348065127 0.19720020314126008 339
1694348065583 0.19718429050626884 340
1694348066025 0.19720212379974733 341
1694348066476 0.1971894309680171 342
1694348066963 0.19720403776386064 343
1694348067552 0.1971937639649035 344
1694348068059 0.19720580912700048 345
1694348068670 0.19719737168895712 346
1694348069257 0.19720736529997995 347
1694348069841 0.19720034068955894 348
1694348070410 0.19720867730599234 349
1694348070961 0.19720275723201341 350
1694348071513 0.19720974424846816 351
1694348072029 0.1972047034268294 352
1694348072560 0.19721058191967156 353
1694348073099 0.19720625463829466 354
1694348073657 0.1971298142699336 355
1694348074204 0.19720149661559094 356
1694348074711 0.19714325144633926 357
1694348075249 0.1971984013297564 358
1694348075853 0.19715407232586357 359
1694348076476 0.19719713744665535 360
1694348077106 0.19716328464910382 361
1694348077712 0.19719733162226905 362
1694348078179 0.1971712947046298 363
1694348078740 0.1971984971835471 364
1694348079362 0.19717826821137063 365
1694348079971 0.19720020314797504 366
1694348080590 0.1971842905062785 367
1694348081188 0.19720212380638313 368
1694348081752 0.19718943096845098 369
1694348082208 0.19720403777035156 370
1694348082654 0.19719376396565924 371
1694348083096 0.1972058091333 372
1694348083644 0.19719737168995743 373
1694348084217 0.19720736530604832 374
1694348084794 0.1972003406907301 375
1694348085333 0.19720867731180403 376
1694348085878 0.1972027572333046 377
1694348086417 0.1972097442540106 378
1694348086967 0.19720470342819663 379
1694348087463 0.19721058192493413 380
1694348088008 0.19720625463970498 381
1694348088634 0.19712981426794496 382
1694348089237 0.19720149661729325 383
1694348089800 0.19714325144488487 384
1694348090399 0.1971984013316631 385
1694348090974 0.19715407232483673 386
1694348091539 0.19719713744869583 387
1694348092059 0.1971632846484268 388
1694348092624 0.19719733162439002 389
1694348093074 0.19717129470423045 390
1694348093636 0.19719849718570215 391
1694348094079 0.197178268211193 392
1694348094520 0.1972002031501301 393
1694348094959 0.19718429050627284 394
1694348095450 0.1972021238085131 395
1694348096156 0.19718943096858355 396
1694348096718 0.197204037772436 397
1694348097268 0.1971937639658946 398
1694348097774 0.19720580913531993 399
1694348098272 0.19719737169027196 400
1694348098876 0.1972073653079971 401
1694348099510 0.1972003406911026 402
1694348100188 0.19720867731367286 403
1694348101468 0.19720275723371639 404
1694348102273 0.19720974425579219 405
1694348103960 0.19720470342863694 406
1694348104801 0.19721058192662966 407
1694348105650 0.19720625464016084 408
1694348106408 0.19712981426730714 409
1694348107084 0.19720149661784525 410
1694348107719 0.19714325144441813 411
1694348108239 0.19719840133227995 412
1694348108808 0.19715407232451032 413
1694348109380 0.19719713744935696 414
1694348109990 0.1971632846482112 415
1694348110661 0.19719733162507735 416
1694348111235 0.19717129470410666 417
1694348111785 0.19719849718640214 418
1694348112316 0.19717826821114226 419
1694348112836 0.19720020315083164 420
1694348113418 0.19718429050627762 421
1694348113924 0.19720212380920377 422
1694348114526 0.19718943096863095 423
1694348115126 0.19720403777311335 424
1694348115754 0.197193763965977 425
1694348116314 0.19720580913597507 426
1694348116901 0.197197371690377 427
1694348117457 0.19720736530863026 428
1694348117968 0.19720034069122938 429
1694348118486 0.1972086773142817 430
1694348119015 0.19720275723385583 431
1694348119532 0.1972097442563716 432
1694348120070 0.19720470342878227 433
1694348120622 0.19721058192717789 434
1694348121197 0.19720625464030872 435
1694348121779 0.1971298142671003 436
1694348122298 0.1972014966180209 437
1694348122774 0.1971432514442688 438
1694348123324 0.19719840133247934 439
1694348123805 0.19715407232440718 440
1694348124369 0.1971971374495689 441
1694348124826 0.1971632846481428 442
1694348125278 0.19719733162529918 443
1694348125739 0.19717129470406725 444
1694348126231 0.19719849718662652 445
1694348126722 0.19717826821112405 446
1694348127212 0.1972002031510569 447
1694348127653 0.1971842905062805 448
1694348128071 0.1972021238094287 449
1694348128642 0.1971894309686466 450
1694348129195 0.1972040377733285 451
1694348129743 0.1971937639660024 452
1694348130274 0.1972058091361859 453
1694348130808 0.19719737169040985 454
1694348131346 0.19720736530882998 455
1694348131899 0.19720034069126446 456
1694348132492 0.19720867731447 457
1694348133160 0.1972027572338929 458
1694348133748 0.19720974425655302 459
1694348134294 0.19720470342882512 460
1694348134828 0.19721058192735064 461
1694348135346 0.1972062546403549 462
1694348135915 0.1971298142670339 463
1694348136460 0.1972014966180775 464
1694348136997 0.19714325144421874 465
1694348137520 0.19719840133254374 466
1694348137955 0.19715407232437265 467
1694348138407 0.19719713744963752 468
1694348138821 0.19716328464811939 469
1694348139232 0.1971973316253708 470
1694348139662 0.19717129470405548 471
1694348140096 0.19719849718670024 472
1694348140659 0.1971782682111186 473
1694348141145 0.1972002031511284 474
1694348141611 0.19718429050627795 475
1694348142064 0.19720212380949487 476
1694348142486 0.19718943096864638 477
1694348143005 0.19720403777339635 478
1694348143601 0.1971937639660074 479
1694348144177 0.19720580913625285 480
1694348144691 0.19719737169042084 481
1694348145209 0.19720736530889593 482
1694348145750 0.197200340691279 483
1694348146284 0.1972086773145344 484
1694348146772 0.19720275723390834 485
1694348147292 0.1972097442566133 486
1694348147809 0.19720470342883945 487
1694348148545 0.19721058192740848 488
1694348149142 0.19720625464036956 489
1694348149669 0.19712981426701326 490
1694348150292 0.1972014966180976 491
1694348150913 0.1971432514442053 492
1694348151552 0.19719840133256616 493
1694348152119 0.19715407232436366 494
1694348152680 0.19719713744966494 495
1694348153092 0.19716328464811683 496
1694348153625 0.19719733162539765 497
1694348154062 0.19717129470405448 498
1694348154496 0.19719849718672822 499
