1694448370850 -239.5700273286028 0
1694448371979 -193.6804069774847 1
1694448372946 -157.34741066544916 2
1694448373808 -128.50300948955132 3
1694448374644 -105.53736564512361 4
1694448375590 -87.19583714226609 5
1694448376596 -72.49935309011354 6
1694448377431 -60.68281999148771 7
1694448378239 -51.14744660402794 8
1694448379243 -43.423818404147454 9
1694448380127 -37.14327850189838 10
1694448380904 -32.01573051399009 11
1694448381718 -27.812409123136188 12
1694448382484 -24.352495525515447 13
1694448383358 -21.4927104803059 14
1694448384204 -19.119214723751035 15
1694448385019 -17.141298539965764 16
1694448385798 -15.486459628310303 17
1694448386767 -14.096559023823538 18
1694448387634 -12.92481483222127 19
1694448388482 -11.93344764608737 20
1694448389367 -11.09183334373669 21
1694448390192 -10.375051334044285 22
1694448391019 -9.762741355965924 23
1694448391874 -9.238201333944044 24
1694448392669 -8.787673813407148 25
1694448393484 -8.399780144858518 26
1694448394286 -8.065070615635438 27
1694448395109 -7.775665736254215 28
1694448395963 -7.524969329993342 29
1694448396817 -7.307438303012006 30
1694448397602 -7.118397260833927 31
1694448398406 -6.953888696624823 32
1694448399278 -6.810551470783902 33
1694448400160 -6.68552185648206 34
1694448401014 -6.57635263990958 35
1694448401793 -6.4809467130792555 36
1694448402645 -6.397502339933343 37
1694448403528 -6.324467858882434 38
1694448404356 -6.260504042192504 39
1694448405143 -6.2044526923458 40
1694448406000 -6.155310339007159 41
1694448406900 -6.1122061241502745 42
1694448407763 -6.074383140170861 43
1694448408641 -6.041182626505669 44
1694448409515 -6.012030542238375 45
1694448410420 -5.986426121530429 46
1694448411311 -5.963932090250514 47
1694448412176 -5.944166279633308 48
1694448412896 -5.926794419105337 49
1694448413608 -5.911523927872859 50
1694448414346 -5.898098555278093 51
1694448415091 -5.886293744716846 52
1694448416132 -5.875912616193989 53
1694448417065 -5.866782479257264 54
1694448417890 -5.8587518017973625 55
1694448418680 -5.851687571588812 56
1694448419508 -5.845472996916083 57
1694448420225 -5.840005500536349 58
1694448420951 -5.835194967857817 59
1694448421614 -5.830962215789078 60
1694448422287 -5.827237653423629 61
1694448423057 -5.8239601097137355 62
1694448423733 -5.82107580667991 63
1694448424524 -5.818537459595055 64
1694448425391 -5.8163034880563345 65
1694448426492 -5.814337323979425 66
1694448427646 -5.812606804374158 67
1694448428723 -5.811083638332191 68
1694448429957 -5.809742939014935 69
1694448431266 -5.808562812604411 70
1694448432433 -5.807523997197713 71
1694448433484 -5.806609545509728 72
1694448434344 -5.80580454601702 73
1694448435234 -5.805095877844858 74
1694448436136 -5.804471995282481 75
1694448436958 -5.8039227383204635 76
1694448437699 -5.803439166048285 77
1694448438556 -5.803013410138733 78
1694448439436 -5.8026385459855 79
1694448440269 -5.80230847935771 80
1694448441060 -5.802017846695654 81
1694448441883 -5.801761927400362 82
1694448442696 -5.801536566669697 83
1694448443555 -5.801338107609349 84
1694448444383 -5.801163331501159 85
1694448445214 -5.801009405246397 86
1694448446106 -5.800873835120467 87
1694448446959 -5.800754426079665 88
1694448447918 -5.800649245952404 89
1694448448855 -5.800556593927763 90
1694448449782 -5.800474972824844 91
1694448451188 -5.8004030646889015 92
