1694708378864 169.19702002352383 0
1694708380618 167.61282732997856 1
1694708382405 165.86083145937909 2
1694708384103 163.96297403515294 3
1694708385715 161.9392452437953 4
1694708387353 159.80781227392038 5
1694708389038 157.58551467916712 6
1694708390563 155.28720482854993 7
1694708392253 152.92628857620915 8
1694708393953 150.51484044961464 9
1694708395539 148.06371287409286 10
1694708397237 145.582639067024 11
1694708398640 143.08032943700064 12
1694708400109 140.56456147665338 13
1694708401975 138.0422632524442 14
1694708403560 135.51959067841364 15
1694708405460 133.00201438445342 16
1694708407023 130.49434985172724 17
1694708408723 128.0008382129845 18
1694708410472 125.52520137316066 19
1694708412479 123.07069241960112 20
1694708414071 120.64014164662086 21
1694708415763 118.23599851191167 22
1694708417544 115.86036983149212 23
1694708419304 113.51505450656832 24
1694708421021 111.20157506070291 25
1694708422624 108.92120624975027 26
1694708424328 106.67500099062731 27
1694708425946 104.46381383854579 28
1694708427596 102.28832222613215 29
1694708429273 100.14904566211672 30
1694708430800 98.04636307214314 31
1694708432524 95.98052844983236 32
1694708434134 93.9516849726001 33
1694708435764 91.9598777239068 34
1694708437436 90.00506515162765 35
1694708439425 88.08712938106254 36
1694708441775 86.20588549074195 37
1694708443491 84.36108984960096 38
1694708445410 82.55244185134671 39
1694708447175 80.77960336174053 40
1694708449561 79.04219776717379 41
1694708456676 77.33981534157904 42
1694708461086 75.6720180587914 43
1694708466593 74.03834390348314 44
1694708469762 72.43831072899677 45
1694708472212 70.87141970599261 46
1694708475811 69.33715840178589 47
1694708478051 67.83500537696426 48
1694708480033 66.36442731601169 49
1694708482230 64.9248849595008 50
1694708484047 63.51583499429849 51
1694708486550 62.13673173005679 52
1694708488708 60.787028583188004 53
1694708490377 59.46617938752899 54
1694708492292 58.17363954908301 55
1694708493917 56.90886722321163 56
1694708496111 55.671324374457555 57
1694708497730 54.460477205620315 58
1694708499330 53.27579681621498 59
1694708501203 52.11675977484788 60
1694708502913 50.9828486138962 61
1694708504811 49.873552254158085 62
1694708506529 48.78836385240714 63
1694708508194 47.72678535140223 64
1694708509838 46.68832620355841 65
1694708511540 45.67250354525755 66
1694708513247 44.678842335831014 67
1694708514968 43.7068754646773 68
1694708517587 42.756147311085236 69
1694708520573 41.82620680528057 70
1694708523653 40.916610989658345 71
1694708526277 40.02692501530687 72
1694708528984 39.156722123676246 73
1694708530837 38.30558361473095 74
1694708532869 37.47309880287723 75
1694708535370 36.65885962209187 76
1694708537456 35.8624709693136 77
1694708539159 35.08354571443473 78
1694708541041 34.32170458656468 79
1694708543351 33.576576059439766 80
1694708545407 32.847802097574466 81
1694708547174 32.13502591258312 82
1694708549046 31.43789815415181 83
1694708551070 30.756076781531426 84
1694708552834 30.08922693644317 85
1694708554287 29.43701399176938 86
1694708555955 28.799117209936263 87
1694708557547 28.17522274635363 88
1694708559419 27.56503052604971 89
1694708561267 26.968239529325576 90
1694708563253 26.384555239884225 91
1694708565081 25.81368950889069 92
1694708566702 25.255352707219657 93
1694708568642 24.709269348740712 94
1694708570569 24.175177818770262 95
1694708573463 23.652813986755874 96
1694708576807 23.141911374121708 97
1694708579249 22.6422259428937 98
1694708580975 22.153510431612315 99
