1694690879362 5.581947664667629 0
1694690880771 4.749531854179058 1
1694690882117 5.338128995520545 2
1694690883490 4.905482547914753 3
1694690884808 4.7619383033799165 4
1694690886075 4.960586249575588 5
1694690887276 4.892442049824152 6
1694690888684 4.566175195545994 7
1694690890115 4.958689611071943 8
1694690891417 5.16250738008724 9
1694690892646 4.701848758058607 10
1694690894003 4.6090810331654755 11
1694690895258 4.795148446393593 12
1694690896617 4.754781293876566 13
1694690898122 4.774220597701915 14
1694690899344 4.623714516023057 15
1694690900692 5.092642260194697 16
1694690902070 4.880263118336048 17
1694690903437 5.102758826752335 18
1694690904692 4.7898213802147485 19
1694690906019 4.692314013644281 20
1694690907211 4.634527246550376 21
1694690908563 4.555350088793543 22
1694690909888 4.951353871546132 23
1694690911113 4.990932290446325 24
1694690912440 5.148292498046799 25
1694690913840 4.792695139111689 26
1694690915182 4.4954425572449255 27
1694690916379 4.53626963689975 28
1694690917662 4.904955150565419 29
1694690918836 4.827040135666254 30
1694690920116 5.0217874787513495 31
1694690921494 4.850316037199595 32
1694690922819 4.871072833782344 33
1694690924044 5.271564794186022 34
1694690925376 4.649525942955208 35
1694690926520 4.544536155556381 36
1694690927892 4.887271607231788 37
1694690929312 5.214548120952273 38
1694690930718 4.814319033651571 39
1694690932045 4.937178332645147 40
1694690933400 4.875101034595813 41
1694690934789 4.7546580909596825 42
1694690936822 5.0211430474980245 43
1694690938267 4.650285194669159 44
1694690939707 5.053486795033831 45
1694690940991 4.802956090148648 46
1694690942173 5.024445782862255 47
1694690943330 4.855955055414555 48
1694690944718 5.089211899643148 49
1694690946050 5.1902413979542095 50
1694690947235 4.860990411107174 51
1694690948476 4.566419842815895 52
1694690949873 4.5090780734690865 53
1694690951139 5.123946970674623 54
1694690952443 4.68627002082597 55
1694690953725 5.030891874247519 56
1694690954969 4.793833711503828 57
1694690956185 4.789241145177027 58
1694690957566 4.590548146731797 59
1694690958777 4.849633568954869 60
1694690960154 5.022889825629451 61
1694690961545 4.9339801695376595 62
1694690962780 4.925331010691511 63
1694690964018 4.958266969320385 64
1694690965540 4.489039903667066 65
1694690966744 4.815624984929708 66
1694690968013 4.943948156070218 67
1694690969417 4.786378643918647 68
1694690970807 4.503786942387809 69
1694690972146 4.8834703737345535 70
1694690973588 4.840372500954681 71
1694690974899 4.7582934980063945 72
1694690976214 5.15602697642173 73
1694690977627 5.055588608307406 74
1694690978827 4.68723911107121 75
1694690980114 4.952715694355048 76
1694690981451 4.760034369427565 77
1694690982701 5.064787805893038 78
1694690984044 4.797853667260736 79
1694690985357 5.25739927604902 80
1694690986600 4.577439593426638 81
1694690987718 4.890554056958468 82
1694690989073 4.814531454364382 83
1694690990390 4.917105495679109 84
1694690991799 4.723009534749465 85
1694690993173 5.083130097174178 86
1694690994522 4.946032161214117 87
1694690996348 4.714999774501699 88
1694690997825 4.999691982103369 89
1694690999300 4.924631435999062 90
1694691000656 4.544116670636289 91
1694691003078 5.044905848846737 92
1694691004643 4.903498837849374 93
1694691005991 4.658174050568504 94
1694691007214 4.809085577284111 95
1694691008427 5.116343845706009 96
1694691009758 4.496446591856463 97
1694691011086 4.876031918987979 98
1694691012651 4.655612284351843 99
1694691013843 5.155766628647638 100
1694691015029 4.595901077090893 101
1694691016189 5.157517075796297 102
1694691017402 4.507160953358348 103
1694691018491 4.869174161673335 104
1694691019685 4.8560713787399425 105
1694691020909 4.712702532722079 106
1694691022297 4.591816145130026 107
1694691023460 4.943242323900401 108
1694691024710 4.790042076253107 109
1694691025969 4.772871028903092 110
1694691027164 4.941392811942112 111
1694691028304 5.062498548178644 112
1694691029622 4.9956148718199005 113
1694691030804 5.670066409005739 114
1694691032015 4.935421546858246 115
1694691033375 4.897332977808636 116
1694691034640 4.842230922390792 117
1694691035857 5.0611704187520035 118
1694691037168 4.8386538932261285 119
1694691038286 4.9900225659263135 120
1694691039651 4.719601440701051 121
1694691040957 4.770323989058348 122
1694691042204 4.905730160614385 123
1694691043369 5.051626006736418 124
1694691044702 4.9360494537464845 125
1694691046201 5.2022191891574305 126
1694691047774 4.76324915068411 127
1694691049453 4.908702688539199 128
