1694708170016 168.1816296720897 0
1694708172134 167.84880890774804 1
1694708174374 167.21769022108322 2
1694708176637 166.3203595633086 3
1694708178607 165.1865084119032 4
1694708180736 163.84350708335947 5
1694708182600 162.31649980768563 6
1694708184763 160.62851438204467 7
1694708186841 158.80076288986695 8
1694708188930 156.85237963521482 9
1694708190837 154.80075088899713 10
1694708192890 152.66163819944111 11
1694708194872 150.44929871441644 12
1694708197017 148.17660120004385 13
1694708198964 145.85513684889523 14
1694708201191 143.49532429147618 15
1694708203116 141.10650847358755 16
1694708205270 138.69705325351697 17
1694708207293 136.274427718169 18
1694708209342 133.84528632547335 19
1694708211267 131.41554305925246 20
1694708213245 128.99044195800724 21
1694708215304 126.57461548938312 22
1694708217178 124.17214497651156 23
1694708219224 121.78661346511234 24
1694708221225 119.42115407064762 25
1694708223242 117.07849411768883 26
1694708225561 114.76099537660309 27
1694708227818 112.47069069216984 28
1694708229834 110.20931728585457 29
1694708231785 107.97834699902293 30
1694708233886 105.77901372902332 31
1694708236239 103.61233829428863 32
1694708238162 101.47915094879401 33
1694708240117 99.38011175062998 34
1694708242166 97.31572897432315 35
1694708244218 95.28636926702141 36
1694708246446 93.29228517548903 37
1694708248814 91.33362286588853 38
1694708250854 89.41043427902311 39
1694708252940 87.52268808314373 40
1694708254910 85.67027953631663 41
1694708257007 83.85303936069192 42
1694708259180 82.0707417220554 43
1694708261321 80.32311883492628 44
1694708263226 78.609851857879 45
1694708265402 76.93058487344645 46
1694708267431 75.28493004593497 47
1694708269547 73.67247224377851 48
1694708271601 72.09277317830797 49
1694708273653 70.54537510601791 50
1694708276240 69.02980413703162 51
1694708277974 67.54557318846184 52
1694708279712 66.09217525797972 53
1694708281967 64.66910473982591 54
1694708283952 63.275850017323094 55
1694708286094 61.91189528030656 56
1694708288433 60.576731831822606 57
1694708290720 59.26983930416675 58
1694708292873 57.99069750194542 59
1694708294787 56.73878751501465 60
1694708297345 55.51359269773002 61
1694708299359 54.31458896069563 62
1694708301454 53.14126725041054 63
1694708303468 51.99312309950451 64
1694708305557 50.86966784253374 65
1694708307693 49.770406737071724 66
1694708309736 48.69485111032634 67
1694708311783 47.64251870017158 68
1694708313916 46.61293394290844 69
1694708316124 45.605616790293276 70
1694708318008 44.62010651084958 71
1694708319857 43.65596119772286 72
1694708321804 42.71273385006146 73
1694708323763 41.789973283985006 74
1694708325720 40.88726036088825 75
1694708329002 40.00417076813261 76
1694708330832 39.14028788560546 77
1694708332602 38.2951906198947 78
1694708334357 37.46847863071635 79
1694708336036 36.65977136984705 80
1694708337616 35.8686824994565 81
1694708339063 35.094833247966974 82
1694708340603 34.337839861976974 83
1694708342534 33.597351974983575 84
1694708344472 32.87301288112456 85
1694708346310 32.16446043356851 86
1694708348707 31.471353407589174 87
1694708350735 30.793370231044975 88
1694708352625 30.13018227432979 89
1694708354208 29.481467784953814 90
1694708355886 28.846911765969537 91
1694708357699 28.226205855316714 92
1694708359399 27.61903509484905 93
1694708360965 27.025105125606892 94
1694708362595 26.4441409446923 95
1694708364301 25.875859264563655 96
1694708365925 25.319982892073973 97
1694708367644 24.77622729007676 98
1694708369385 24.244328290490547 99
