1694516588046 168.54379126551402 0
1694516589043 136.59749084859934 1
1694516590089 110.93574426565561 2
1694516591030 90.12141431983484 3
1694516591991 73.23763351308706 4
1694516593013 59.53870053734816 5
1694516594167 48.42348549306761 6
1694516595134 39.4014895698794 7
1694516596063 32.078628280670706 8
1694516597040 26.133119582089694 9
1694516597900 21.303379158922613 10
1694516598946 17.381026370271147 11
1694516599948 14.193937745075123 12
1694516601065 11.602066525021241 13
1694516601996 9.495697122233414 14
1694516602939 7.782417902864983 15
1694516603879 6.3869218890529025 16
1694516604836 5.251904723279035 17
1694516605748 4.327459110298701 18
1694516606664 3.572794941885904 19
1694516607610 2.9584419828606188 20
1694516608566 2.45718751960092 21
1694516609458 2.046663293311766 22
1694516610200 1.7121787247332731 23
1694516611091 1.4376765177038613 24
1694516611993 1.2136978507092777 25
1694516612795 1.0302243545644727 26
1694516613780 0.8787424206257691 27
1694516614722 0.7551141144183301 28
1694516615682 0.6535186409436131 29
1694516616728 0.5688655801584862 30
1694516617790 0.4998737224584263 31
1694516618744 0.4421378124370259 32
1694516619652 0.39497755633529813 33
1694516620638 0.35598419909809326 34
1694516621817 0.3227573539966981 35
1694516622988 0.2958203152448648 36
1694516624259 0.2727184873489767 37
1694516625959 0.25394350398293813 38
1694516627249 0.23773397268325722 39
1694516628514 0.22451925560054303 40
1694516629603 0.21352294750862244 41
1694516630653 0.20356777358790623 42
1694516631647 0.19572583565312138 43
1694516632608 0.1885583975479965 44
1694516633525 0.182901103857739 45
1694516634553 0.17768367661876186 46
1694516635390 0.1735541478577324 47
1694516636279 0.170155278841347 48
1694516637276 0.16660688654309874 49
1694516638314 0.16409948352476128 50
1694516639309 0.1614496183755729 51
1694516640344 0.15957703850402274 52
1694516641485 0.15757720846729154 53
1694516642426 0.15616269109512962 54
1694516643426 0.15463858915219506 55
1694516644444 0.15355896404993105 56
1694516645449 0.15276959655326752 57
1694516646641 0.15150703036090699 58
1694516647592 0.15090669277176094 59
1694516648541 0.14993307631900157 60
1694516649392 0.14947107026188516 61
1694516650296 0.14871358874597915 62
1694516651189 0.1483547791069782 63
1694516652065 0.1477608096367264 64
1694516653040 0.1474802925685819 65
1694516654119 0.1470112713438397 66
1694516655019 0.14679100412064888 67
1694516656252 0.14641830924319651 68
1694516657310 0.14624494913829703 69
1694516658184 0.1462607261373683 70
1694516659211 0.14577158513932273 71
1694516660225 0.14578921236759185 72
1694516661285 0.1454080504984686 73
1694516662441 0.14542521087946034 74
1694516663618 0.1451251250661695 75
1694516665033 0.14514120456636712 76
1694516666249 0.14490274070627196 77
1694516667580 0.14491782323517516 78
1694516669090 0.14472668589600765 79
1694516670090 0.14474107111220272 80
1694516671123 0.14458661042306978 81
1694516671892 0.14460060145458137 82
1694516672665 0.14478581533255153 83
1694516673561 0.14445083122737598 84
1694516674588 0.14460419196269156 85
1694516675544 0.14434469279181628 86
1694516676911 0.1444711320670444 87
1694516678270 0.14426732799279088 88
1694516679691 0.14437176090319898 89
1694516681194 0.14420963942944603 90
1694516682160 0.14429641766376758 91
1694516683075 0.1441658856869638 92
1694516684008 0.1442386363284572 93
1694516684916 0.14413231510878488 94
1694516685791 0.144193957425927 95
1694516686700 0.1441063833238933 96
1694516687621 0.14415921720914085 97
1694516688547 0.14438223683475992 98
1694516689509 0.14409623797822985 99
