1694707698736 168.73668985727187 0
1694707701298 168.40020178325426 1
1694707703470 167.76220290267378 2
1694707705796 166.8552641691525 3
1694707708131 165.7095783375487 4
1694707710442 164.3530212671077 5
1694707712799 162.8112370888574 6
1694707715123 161.1077398474687 7
1694707717809 159.2640258011509 8
1694707720342 157.29969183983772 9
1694707723202 155.23255651489288 10
1694707726097 153.07878100659246 11
1694707728580 150.85298802487065 12
1694707730944 148.56837717407313 13
1694707733631 146.23683573835095 14
1694707736559 143.8690441811089 15
1694707738431 141.47457591627736 16
1694707740441 139.0619911148194 17
1694707742394 136.6389244680719 18
1694707744931 134.21216694948865 19
1694707747508 131.78774170566138 20
1694707750080 129.3709742723224 21
1694707752702 126.9665573564217 22
1694707755126 124.57861045542447 23
1694707757565 122.21073460302736 24
1694707760351 119.86606253924027 25
1694707762834 117.5473046044048 26
1694707765335 115.25679065297417 27
1694707767445 112.99650827516571 28
1694707769572 110.7681376040335 29
1694707771422 108.57308297298472 30
1694707773593 106.4125016749738 31
1694707775411 104.28733006009874 32
1694707777585 102.19830719351526 33
1694707779518 100.14599628079407 34
1694707781465 98.13080405331901 35
1694707783461 96.15299829222917 36
1694707785906 94.2127236558762 37
1694707789486 92.31001596287872 38
1694707792333 90.4448150706653 39
1694707796334 88.61697647792985 40
1694707799635 86.82628176869139 41
1694707802436 85.07244800564372 42
1694707804882 83.35513617118977 43
1694707807199 81.67395874594833 44
1694707809492 80.02848650657646 45
1694707811503 78.41825461742944 46
1694707813557 76.84276808385076 47
1694707815498 75.30150662870955 48
1694707817436 73.79392904814611 49
1694707819476 72.3194770973119 50
1694707822188 70.87757895216409 51
1694707824325 69.46765228906249 52
1694707826780 68.08910701998684 53
1694707829510 66.74134771761388 54
1694707832204 65.42377576123896 55
1694707835232 64.1357912315686 56
1694707838038 62.87679457972282 57
1694707840840 61.64618809334749 58
1694707843094 60.44337718052488 59
1694707845605 59.26777149016407 60
1694707847876 58.11878588573702 61
1694707850326 56.995841287578386 62
1694707852132 55.89836539747892 63
1694707853842 54.8257933179529 64
1694707855859 53.77756807734071 65
1694707857898 52.753141070805 66
1694707859600 51.751972426281625 67
1694707861335 50.773531303546 68
1694707863077 49.817296133741344 69
1694707865042 48.88275480598029 70
1694707866731 47.96940480696786 71
1694707868725 47.07675331899404 72
1694707870501 46.2043172811043 73
1694707872444 45.35162341776748 74
1694707874345 44.51820823892153 75
1694707876792 43.70361801487952 76
1694707879042 42.90740872922086 77
1694707881696 42.12914601247049 78
1694707884004 41.368405059076764 79
1694707886420 40.62477052993799 80
1694707888446 39.89783644249047 81
1694707890278 39.18720605015873 82
1694707892369 38.4924917127769 83
1694707894652 37.81331475941794 84
1694707896465 37.149305344911866 85
1694707898244 36.50010230119501 86
1694707899968 35.86535298450607 87
1694707901743 35.24471311933232 88
1694707903331 34.63784663990722 89
1694707905076 34.04442552996978 90
1694707906708 33.46412966141373 91
1694707908415 32.89664663238098 92
1694707909994 32.341671605287566 93
1694707911935 31.79890714521125 94
1694707913655 31.268063059016075 95
1694707915304 30.74885623554227 96
1694707917157 30.241010487146195 97
1694707919076 29.744256392837585 98
1694707921628 29.258331143226414 99
