1694697255714 168.54379126551402 0
1694697256995 167.1097426331599 1
1694697258225 164.42923173205878 2
1694697259505 160.70584316527027 3
1694697260830 156.1481646390956 4
1694697262600 150.9607838595788 5
1694697264957 145.33721300030857 6
1694697266703 139.4546207111598 7
1694697268554 133.47021047324483 8
1694697270553 127.51905622842459 9
1694697272545 121.71319021220135 10
1694697273921 116.14173220270733 11
1694697275311 110.87185228309531 12
1694697276628 105.95036900882872 13
1694697278213 101.40579994108639 14
1694697279835 97.25070032649855 15
1694697281318 93.48414689042642 16
1694697282770 90.0942460542326 17
1694697284251 87.06056835781236 18
1694697285754 84.35643262561928 19
1694697287232 81.95098379955695 20
1694697288541 79.81102689104851 21
1694697290016 77.90259585199809 22
1694697291388 76.19225014616445 23
1694697292701 74.64810335619676 24
1694697293940 73.24059732579808 25
1694697295381 71.94304223036139 26
1694697297128 70.73194777315207 27
1694697298922 69.58717364073496 28
1694697301294 68.49192867039831 29
1694697302979 67.43264814561674 30
1694697304450 66.39877750516798 31
1694697305978 65.38248877991707 32
1694697307408 64.37835349399468 33
1694697309082 63.382992797054285 34
1694697310412 62.39472241826793 35
1694697311701 61.4132068093621 36
1694697312980 60.439133703293436 37
1694697314307 59.47391735908184 38
1694697315578 58.519436067338425 39
1694697317089 57.577807106403235 40
1694697318724 56.651200295478624 41
1694697320274 55.741689599942575 42
1694697321792 54.85114090099251 43
1694697323278 53.98113303046467 44
1694697324605 53.13290846633596 45
1694697325950 52.307349652719374 46
1694697327247 51.50497671368893 47
1694697328778 50.725962334650376 48
1694697330115 49.97015974971571 49
1694697331715 49.23714006149103 50
1694697333005 48.526235496180114 51
1694697334258 47.83658563058472 52
1694697335954 47.167184090949306 53
1694697337234 46.51692369331233 54
1694697338542 45.8846384519861 55
1694697339793 45.269141312039594 56
1694697341174 44.669256852168836 57
1694697342794 44.08384854865602 58
1694697344121 43.51184048497224 59
1694697345899 42.95223363343058 60
1694697347179 42.404117025877085 61
1694697348459 41.86667427225388 62
1694697349660 41.33918598288307 63
1694697351336 40.82102870736156 64
1694697353455 40.311671025475384 65
1694697354826 39.810667419256276 66
1694697356236 39.31765052593953 67
1694697357693 38.83232232464704 68
1694697359528 38.35444475024352 69
1694697361190 37.883830160618956 70
1694697362419 37.42033201268057 71
1694697363823 36.96383603101008 72
1694697365009 36.51425208423868 73
1694697366470 36.071506919877464 74
1694697368685 35.635537850194275 75
1694697370403 35.206287430795044 76
1694697371847 34.78369913042653 77
1694697373389 34.36771395533927 78
1694697374780 33.95826796417364 79
1694697376348 33.55529058933324 80
1694697377871 33.1587036675658 81
1694697379943 32.768421075219315 82
1694697381802 32.384348861539976 83
1694697383623 32.00638577554876 84
1694697385314 31.634424087600333 85
1694697386855 31.26835061485673 86
1694697388178 30.908047869819576 87
1694697389639 30.55339526206338 88
1694697391139 30.204270294789644 89
1694697392683 29.86054970926673 90
1694697394029 29.522110541217945 91
1694697395336 29.188831063451058 92
1694697396630 28.860591598253702 93
1694697397887 28.537275191159733 94
1694697399291 28.218768144541677 95
1694697400812 27.904960415083956 96
1694697402290 27.595745883570554 97
1694697403575 27.291022508649718 98
1694697404966 26.990692378415428 99
