1694713763471 35.81456948975868 0
1694713765803 28.021079736086413 1
1694713768951 14.006954962614412 2
1694713771617 6.4134386482776815 3
1694713773391 4.538062728733086 4
1694713775184 3.3959486987194873 5
1694713776970 1.3907377078894565 6
1694713778651 1.2006252848287124 7
1694713780605 1.1351800682867972 8
1694713782502 1.4712926348340805 9
1694713784490 0.43537099333872015 10
1694713786455 0.5794821211315465 11
1694713788211 0.3474357160540091 12
1694713790131 0.2648559819198987 13
1694713791925 0.18103930722390912 14
1694713793863 0.3473223921215448 15
1694713795812 0.20574103466169666 16
1694713797620 0.42383279906159255 17
1694713799301 0.22242072468478025 18
1694713801204 0.09923948630242654 19
1694713803023 0.09813618752150402 20
1694713804925 0.09329356702004252 21
1694713806721 0.12258158917488664 22
1694713808459 0.09371518614371158 23
1694713810195 0.07227219830992021 24
1694713811952 0.09881537637571011 25
1694713813875 0.04256914200499842 26
1694713815827 0.03200417066364797 27
1694713817893 0.17903236011935997 28
1694713819899 0.09613096843397613 29
1694713821862 0.07648314289516996 30
1694713823622 0.043249322460095496 31
1694713825532 0.11165527062889283 32
1694713827381 0.04792225534911275 33
1694713829375 0.19801608740669985 34
1694713831093 0.4350944507164944 35
1694713832795 0.06462324991280109 36
1694713834386 0.09153053980198537 37
1694713836108 0.06810066829119622 38
1694713838005 0.07939942182285041 39
1694713839582 0.09988467070142837 40
1694713841226 0.05029862136894599 41
1694713842877 0.04243991568767239 42
1694713844500 0.05552567478329269 43
1694713846146 0.13671286894293014 44
1694713847784 0.1358716296806035 45
1694713849653 0.07877600996717479 46
1694713851303 0.06498511869885554 47
1694713853059 0.2828615565154083 48
1694713854867 0.22612449431080361 49
1694713857328 0.06577294837446382 50
1694713858898 0.06616814833043265 51
1694713860697 0.06161775711142757 52
1694713862599 0.034198487529956446 53
1694713864286 0.07338843640527298 54
1694713866052 0.14262480005521433 55
1694713867746 0.13118855685785497 56
1694713869428 0.17471383770166726 57
1694713871013 0.04925179076234316 58
1694713872726 0.14086220796697063 59
1694713874347 0.08878760903071917 60
1694713875945 0.05788424135929164 61
1694713877650 0.0718693657748403 62
1694713879334 0.04038989036083064 63
1694713880993 0.08912582053417728 64
1694713882628 0.08478473843351617 65
1694713884467 0.1430132250455114 66
1694713886226 0.07285718935294126 67
1694713887867 0.11004238482862486 68
1694713889594 0.07915888661039253 69
1694713891188 0.11116929124566119 70
1694713892817 0.06638222378258607 71
1694713894496 0.10561057429197004 72
1694713896225 0.13276887246096303 73
1694713897838 0.022542063790033935 74
1694713899461 0.09489960579744403 75
1694713901131 0.04056946922111703 76
1694713902712 0.02678349939460088 77
1694713904396 0.05322926771648158 78
1694713906114 0.20106716408223058 79
1694713907644 0.09150902596397828 80
1694713909314 0.09597527794484798 81
1694713911024 0.06976240355059797 82
1694713912789 0.06805612272399482 83
1694713914710 0.08633507583535178 84
1694713916582 0.16853394270747757 85
1694713918286 0.10045202900641739 86
1694713919844 0.04007710847892215 87
1694713921867 0.0957960765922602 88
1694713923767 0.06318207193299412 89
1694713925406 0.09350026143632674 90
1694713927120 0.1671867055978969 91
1694713928857 0.06177107623352459 92
1694713930506 0.11627402656429024 93
1694713931997 0.06402727185250182 94
1694713933626 0.1409301569953498 95
1694713935206 0.11830261181601003 96
1694713936854 0.0791798934664099 97
1694713938502 0.13279702075691951 98
1694713940159 0.08490580872299383 99
