1694748295432 42.43545633848191 0
1694748297152 35.12303742939522 1
1694748299003 8.723502305887582 2
1694748300875 8.302335586792436 3
1694748303028 4.273996289561833 4
1694748304996 2.7058626491110953 5
1694748306970 2.611618029647716 6
1694748308813 1.7507640253785288 7
1694748310543 1.2385522777308797 8
1694748313198 0.8446686871778228 9
1694748315029 0.4952749097911998 10
1694748316790 0.19499082174547477 11
1694748318819 0.18147216022235987 12
1694748320537 0.38618530717872573 13
1694748322327 0.8365006262683813 14
1694748324093 0.29086108321741944 15
1694748325814 0.8306722992900487 16
1694748327555 0.11249380645633138 17
1694748329279 0.1685791016978406 18
1694748330955 0.06959341868682534 19
1694748332754 0.12626124314431464 20
1694748334810 0.10726484400742814 21
1694748336572 0.20989490912543649 22
1694748338267 0.06553778515684934 23
1694748339990 0.256236106665905 24
1694748341685 0.054206517129243466 25
1694748343657 0.07404353705874027 26
1694748346593 0.027763343639138835 27
1694748349558 0.10440024649114782 28
1694748351603 0.0469265812910549 29
1694748353570 0.2831485031850034 30
1694748355350 0.10516690526934735 31
1694748357279 0.09139261507835918 32
1694748359604 0.04040527485285984 33
1694748361532 0.22022119819186178 34
1694748363204 0.03082504796235081 35
1694748364915 0.018468760054791977 36
