1694447093536 -239.32384704812617 0
1694447094356 -193.48320114987766 1
1694447095534 -156.7406567104087 2
1694447096670 -126.98108598162001 3
1694447097501 -102.8740394858525 4
1694447098307 -83.34081659385842 5
1694447099057 -67.51033556516226 6
1694447099634 -54.67778098017309 7
1694447100223 -44.273403987736856 8
1694447100948 -35.83581596192351 9
1694447101634 -28.989749232350665 10
1694447102282 -23.435566298161646 11
1694447102895 -18.926041957809428 12
1694447103561 -15.265532580296007 13
1694447104176 -12.292560244093387 14
1694447104802 -9.875392352973854 15
1694447105438 -7.9118319746961845 16
1694447106075 -6.313830603535802 17
1694447106884 -5.0147176651562555 18
1694447107610 -3.957409597551072 19
1694447108323 -3.094952077104433 20
1694447109183 -2.3932187072392908 21
1694447109932 -1.8199840496196154 22
1694447110769 -1.35303016692602 23
1694447111705 -0.9718631884256401 24
1694447112503 -0.6592030169746199 25
1694447113747 -0.40436860919283824 26
1694447114956 -0.19488476842996816 27
1694447116104 -0.023838469578673527 28
1694447117209 0.11634260641308802 29
1694447118328 0.23249827404032386 30
1694447119544 0.3272346575094258 31
1694447120727 0.4059844147179079 32
1694447121993 0.47038098062520184 33
1694447123164 0.5240887261332872 34
1694447124427 0.5681549942301158 35
1694447125577 0.6044846072183099 36
1694447126804 0.6354420767733056 37
1694447127597 0.6605636100553746 38
1694447128490 0.6820730061509997 39
1694447129358 0.6996015914650118 40
1694447130156 0.714675916748708 41
1694447131272 0.7270278763761795 42
1694447132270 0.7376896922961205 43
1694447133192 0.7464868652156587 44
1694447133984 0.7541002445840597 45
1694447134823 0.7604365254405554 46
1694447135881 0.7659263901628547 47
1694447136913 0.770543746351956 48
1694447137768 0.7745410929408673 49
1694447138775 0.7779460371713793 50
1694447139641 0.7808843183610239 51
1694447140540 0.7834251597956229 52
1694447141394 0.7856044240238164 53
1694447142356 0.7875226451151833 54
1694447143204 0.7891523544682411 55
1694447144112 0.7906168887724162 56
1694447145767 0.7918446080689183 57
1694447147221 0.7929747953605385 58
1694447149472 0.7939054963600438 59
1694447150679 0.7947865223584778 60
1694447152287 0.7954956369634215 61
1694447153422 0.7961889709446919 62
1694447154497 0.7967312673531226 63
1694447155713 0.7972817596019325 64
1694447156860 0.7976974167887856 65
1694447157847 0.7981381571320662 66
1694447158729 0.7984569519706834 67
1694447159889 0.798812620844209 68
1694447160742 0.7990568373945366 69
1694447161581 0.7993460366503455 70
1694447162634 0.7995325052970058 71
1694447163381 0.799769394354075 72
1694447164060 0.7999109345245645 73
1694447164871 0.8001063903167014 74
1694447165666 0.8002128413923093 75
1694447166338 0.8003752893512186 76
