1694689223702 0.319269040242658 0
1694689225517 0.12189722945852387 1
1694689227409 0.0987183622873615 2
1694689230003 0.07280327323343161 3
1694689232209 0.1299060041254351 4
1694689235659 0.10392660742850693 5
1694689238574 0.1369281504364169 6
1694689241498 0.16148641278593925 7
1694689242874 0.09127036710173445 8
1694689244402 0.16559958929324672 9
1694689245720 0.10946307261652378 10
1694689247388 0.05443683950229731 11
1694689248822 0.14364036327299098 12
1694689250205 0.17258396081038116 13
1694689252278 0.09142083130742407 14
1694689254054 0.10067861392584 15
1694689255304 0.05042139746410767 16
1694689256604 0.12354650848428664 17
1694689257842 0.19256598021112104 18
1694689259369 0.1509643070368076 19
1694689260604 0.13335309727989866 20
1694689261921 0.11294315985243646 21
1694689263281 0.1106247053116247 22
1694689264668 0.07941129088638818 23
1694689266360 0.17496565389886443 24
1694689268269 0.08942799080151456 25
1694689270106 0.14602019007543143 26
1694689272473 0.0807278808720556 27
1694689274463 0.0843453126085603 28
1694689275958 0.0557818698299971 29
1694689277724 0.08669440045671993 30
1694689279104 0.10497733192202278 31
1694689280428 0.09237579746249235 32
1694689281679 0.10618579384225861 33
1694689283060 0.1407608488348799 34
1694689284450 0.16661595847702473 35
1694689286004 0.12670066420784395 36
1694689287594 0.1009576585667042 37
1694689289252 0.10795859717472556 38
1694689291565 0.10313360894284127 39
1694689293136 0.12154435574086567 40
1694689294873 0.09454750805880267 41
1694689296570 0.10486534797520833 42
1694689298255 0.15651366578941434 43
1694689299627 0.08919948025420286 44
1694689301577 0.07205474125538162 45
1694689302892 0.1450411107298025 46
1694689304072 0.07945379799969204 47
1694689305450 0.12330295965521 48
1694689306890 0.10000373018977775 49
1694689308352 0.109623202697576 50
1694689309657 0.09055569599731803 51
1694689311002 0.1432794301392876 52
1694689312460 0.15541912564651028 53
1694689313814 0.0730856088386779 54
1694689316005 0.08978622435359639 55
1694689317303 0.11743797508609315 56
1694689318563 0.12003715993510383 57
1694689319747 0.0840304371544649 58
1694689321016 0.22827694842219093 59
1694689322236 0.07448145798720399 60
1694689323947 0.1381727594466515 61
1694689326119 0.12354476639942442 62
1694689327799 0.11632732109939523 63
1694689329666 0.12331563617829261 64
1694689331523 0.12732144710311216 65
1694689333406 0.08219764489269932 66
1694689335244 0.11583483861665948 67
1694689336762 0.11335460150722314 68
1694689338130 0.1368131854558657 69
1694689340082 0.14556530261172612 70
1694689341844 0.14857655550940846 71
1694689343420 0.11337062572420223 72
1694689345887 0.08444124598962799 73
1694689347505 0.10374101362158514 74
1694689348917 0.12335517981837486 75
1694689350452 0.12412938199135164 76
1694689351816 0.14285680502128992 77
1694689353146 0.1290704945842618 78
1694689354462 0.09129130399119516 79
1694689355805 0.08835491652664468 80
1694689357064 0.08851580668330028 81
1694689358461 0.10990439478202148 82
1694689359748 0.08784947009959841 83
1694689361044 0.1003446600376752 84
1694689362393 0.09072751010637806 85
1694689363599 0.0607010806892376 86
1694689364932 0.0537807742770048 87
1694689366193 0.17323008878692478 88
1694689367488 0.09683290176693793 89
1694689368828 0.11045669681459294 90
1694689370116 0.10257865741034512 91
1694689371449 0.13308921506303345 92
1694689372737 0.10079787978300979 93
1694689374016 0.06033826058115816 94
1694689375272 0.1013202128768674 95
1694689376617 0.113896491550057 96
1694689377919 0.08393398296517189 97
1694689379304 0.10225713472772402 98
1694689380740 0.11034583740827288 99
1694689382229 0.07535095535492055 100
1694689383513 0.15170113711130861 101
1694689384980 0.12167623999607087 102
1694689386687 0.08487752259374537 103
1694689388252 0.07693689926328959 104
1694689389726 0.13171666020882675 105
1694689391377 0.14082392259511664 106
1694689392839 0.10656812067383661 107
1694689394331 0.07605257779219593 108
1694689395898 0.07089233056600461 109
1694689397373 0.1481544676259739 110
1694689398717 0.08556400804172838 111
1694689400213 0.07123974630778217 112
1694689401975 0.09294840629871201 113
1694689403325 0.13622645306686043 114
1694689404662 0.11787485189343129 115
1694689405921 0.08954293896817296 116
1694689407336 0.10431688511895429 117
1694689408601 0.0955024699653224 118
1694689409855 0.0924359257490988 119
1694689411035 0.0943205797582298 120
1694689412292 0.13130817234111075 121
1694689413490 0.12747178347043955 122
1694689414697 0.14464194851380546 123
1694689416263 0.12699876430049342 124
1694689417445 0.06950901529009043 125
1694689418728 0.06494296635523658 126
1694689420025 0.09174409231037464 127
1694689421364 0.0633208925435057 128
1694689422730 0.08226396484549159 129
1694689424150 0.12306502196371998 130
1694689425458 0.12229907714932207 131
1694689426860 0.07639907613560783 132
1694689428072 0.08417743296451208 133
1694689429632 0.09933671769120843 134
1694689431040 0.06398803674364274 135
1694689432349 0.04791821817325312 136
1694689433963 0.10200570437161241 137
1694689435641 0.10486267483368383 138
1694689436970 0.08594370774801337 139
1694689438209 0.11073406145609307 140
1694689439499 0.07364780974111654 141
1694689441039 0.0759703172149468 142
1694689442562 0.09457374662449855 143
1694689443806 0.08631461144500684 144
1694689445145 0.09748238062912447 145
1694689446648 0.17446407314045653 146
1694689447937 0.08320982292299763 147
1694689449275 0.0666066641085646 148
1694689450825 0.08388643675043082 149
1694689453031 0.08489678943216852 150
1694689455106 0.1075713838109895 151
1694689456886 0.07993606907815538 152
1694689458182 0.18283451940100284 153
1694689459455 0.14663093525071677 154
1694689460746 0.12468721714176237 155
1694689462004 0.0945404694494216 156
1694689463234 0.09795853284084588 157
1694689464499 0.1142361264592078 158
1694689465875 0.12008559514195656 159
1694689467221 0.12746214652688045 160
1694689468625 0.05627696668423103 161
1694689470102 0.10051342072420731 162
1694689472060 0.0744032308736445 163
1694689473657 0.08919440232135929 164
1694689474975 0.10395570051890003 165
1694689476471 0.09197260825127879 166
1694689478343 0.09351846841157563 167
1694689480051 0.09945057078264988 168
1694689481730 0.08289815238924865 169
1694689484072 0.12221705660529794 170
1694689487726 0.15280849321927883 171
1694689491275 0.20742694668305806 172
1694689494043 0.12438635974423995 173
1694689496626 0.09545916811143358 174
1694689499083 0.08714653010129685 175
1694689500840 0.15414447038226184 176
1694689503253 0.06341505260007181 177
1694689506482 0.08189560311080689 178
1694689508701 0.1383505383043339 179
1694689513566 0.14577312249193444 180
1694689515958 0.14867929540271513 181
1694689519734 0.09290603020622207 182
1694689524495 0.06159543439009272 183
1694689529213 0.08349888625287362 184
1694689533432 0.09799575072342295 185
1694689535929 0.07456795409426438 186
1694689538230 0.1220881749261017 187
1694689543751 0.12140345698961887 188
1694689547201 0.1763465201792258 189
1694689549946 0.10349615167592717 190
1694689552188 0.07665868156913659 191
1694689554195 0.08451479369279288 192
1694689558107 0.08216292954854074 193
1694689564021 0.14480530713043893 194
1694689568295 0.09144918635379376 195
1694689570821 0.07026669325420513 196
1694689574759 0.09225526543418568 197
1694689582178 0.08018694015045219 198
1694689588746 0.11358583501929453 199
1694689594739 0.11203907155250917 200
1694689600814 0.18619959241077194 201
1694689605523 0.11283245299593095 202
1694689608984 0.10812685566470388 203
1694689611682 0.0832835253551965 204
1694689614206 0.1630315103930531 205
1694689616675 0.12676560015292085 206
1694689621559 0.14412605541448925 207
1694689624417 0.21771369245447178 208
1694689626968 0.1059107403228477 209
1694689629772 0.06234750283154754 210
1694689636038 0.113908428633658 211
1694689640468 0.09581563186589155 212
1694689643419 0.1215724007059291 213
1694689646075 0.06920344953146305 214
1694689649011 0.10420456423336674 215
1694689652089 0.12885480601208263 216
1694689655071 0.17584946441586563 217
1694689658328 0.09996100752395841 218
1694689661595 0.11986820948419034 219
1694689665482 0.09107961120558024 220
1694689668520 0.09779963331412231 221
1694689671398 0.06937165238750835 222
1694689673708 0.09550650842838747 223
1694689676000 0.10731290233486171 224
1694689677834 0.08675053386382849 225
1694689680045 0.08084263619479003 226
1694689681949 0.1834255613241846 227
1694689683589 0.11766004118007561 228
1694689685119 0.12049084045891216 229
1694689686731 0.14591685143020316 230
1694689688196 0.13888964318958455 231
1694689689820 0.07858582959579401 232
1694689691544 0.08168234252035 233
1694689693918 0.08290441683716636 234
1694689696467 0.091080385862486 235
1694689698887 0.1319308764215578 236
1694689700781 0.10976971455207366 237
1694689705032 0.132681591235516 238
1694689709487 0.12783632029453273 239
1694689712365 0.10090460685214878 240
1694689716806 0.07480493029444088 241
1694689719595 0.12414733471025607 242
1694689721805 0.10243598250464026 243
1694689724455 0.11529304145903048 244
1694689726984 0.1454121513645178 245
1694689728855 0.20873056640651605 246
1694689730620 0.08577752018543171 247
1694689732254 0.08654100000428089 248
1694689733777 0.08195676133852778 249
1694689735203 0.13450758774943783 250
1694689736738 0.06274491677123195 251
1694689737941 0.10649874803029459 252
1694689739483 0.10233243620834111 253
1694689740682 0.09626193539541716 254
1694689741989 0.10452466110006128 255
1694689743356 0.13062638070691962 256
1694689744875 0.0992778945795199 257
1694689746707 0.09010515744349792 258
1694689748231 0.09080926771713044 259
1694689750424 0.08674787006132798 260
1694689752324 0.0733565046621526 261
1694689754507 0.10456598206471619 262
1694689757300 0.0887088492500602 263
1694689759207 0.1151052864778979 264
1694689760866 0.11706683649695407 265
1694689762874 0.09507089873521235 266
1694689767213 0.08825809764506193 267
1694689770015 0.11716413695999586 268
1694689772687 0.14110748174596618 269
1694689776634 0.13700858485114126 270
1694689779985 0.07141348957502155 271
1694689783208 0.10535948517013827 272
1694689786035 0.06820597100326765 273
1694689788365 0.11258919567427089 274
1694689790223 0.2108123373510842 275
1694689792315 0.1532821204626287 276
1694689794323 0.10185259071830202 277
1694689796175 0.07962364402228019 278
1694689797748 0.15009941609492786 279
1694689800048 0.11279478765735361 280
1694689801852 0.17072552534317187 281
1694689803497 0.15057978361063096 282
1694689805166 0.10805268985060831 283
1694689807020 0.16677912340650072 284
1694689808586 0.19676480796163953 285
1694689810530 0.09398527569918949 286
1694689812147 0.12659950997878552 287
1694689813924 0.1099512120601254 288
1694689817387 0.2511123721174291 289
1694689819788 0.11744405771668158 290
1694689822401 0.07889730296499929 291
1694689824386 0.08697010338411147 292
1694689826690 0.15217184657826224 293
1694689828652 0.11448574773204752 294
1694689830891 0.12199028989097271 295
1694689832728 0.0748767476710718 296
1694689835234 0.09340314028505997 297
1694689837140 0.09694803038191395 298
1694689838839 0.09693559801115652 299
