1694452048396 -239.32384704812614 0
1694452049765 -193.4832011498777 1
1694452050964 -156.76922940296544 2
1694452051940 -127.18952782344937 3
1694452052928 -103.33695547192974 4
1694452053910 -84.08485383077685 5
1694452054911 -68.52979502191182 6
1694452055896 -55.948290891165705 7
1694452057189 -45.75988007312078 8
1694452058877 -37.49806705778892 9
1694452060177 -30.790092272532117 10
1694452061176 -25.3352822759872 11
1694452062101 -20.891632246288047 12
1694452062944 -17.266558060170297 13
1694452063867 -14.303375350089016 14
1694452065064 -11.876429110912053 15
1694452066135 -9.883746945522448 16
1694452067073 -8.245208274008455 17
1694452068121 -6.894209459022293 18
1694452069217 -5.777528698063286 19
1694452070248 -4.851443050850768 20
1694452071190 -4.082518353556126 21
1694452072103 -3.4418199804002416 22
1694452073097 -2.905838002125792 23
1694452074030 -2.457122686697732 24
1694452075218 -2.079933197841255 25
1694452076945 -1.7618987210907844 26
1694452078118 -1.49235631747647 27
1694452079129 -1.2641655929013416 28
1694452080329 -1.0699992399075726 29
1694452081562 -0.9037914700909129 30
1694452082481 -0.7619194594821412 31
1694452083495 -0.6401355947996643 32
1694452084514 -0.5348517265518069 33
1694452085438 -0.44432693264823 34
1694452086811 -0.36599507731894176 35
1694452088038 -0.29762194433167966 36
1694452089252 -0.23849212222856053 37
1694452090252 -0.18697207437331875 38
1694452091222 -0.1415792810270342 39
1694452092245 -0.10217155634052455 40
1694452093530 -0.06732397359099829 41
1694452094589 -0.03694850705058883 42
1694452095552 -0.010259709326652322 43
1694452096899 0.013573069398549853 44
1694452098160 0.034338998460164416 45
1694452099564 0.052922927455159696 46
1694452100866 0.06916637735199971 47
1694452102553 0.08350344390216213 48
1694452103621 0.09649522071375605 49
1694452104735 0.10777955326649835 50
1694452105907 0.11801373922662972 51
1694452106927 0.12692635327687296 52
1694452107837 0.1350143262527863 53
1694452108731 0.14207352940022466 54
1694452109760 0.14829968768180424 55
1694452110673 0.15408517299611146 56
1694452111634 0.15903313906455763 57
1694452112662 0.16362766672590012 58
1694452113571 0.16756702494032416 59
1694452114473 0.17122274454952058 60
1694452115351 0.17436335099563516 61
1694452116225 0.17710413111540024 62
1694452117333 0.1797799954171695 63
1694452118543 0.1819697670976571 64
1694452119891 0.1841023500860851 65
1694452121196 0.18585355391834357 66
1694452123202 0.18755584992353236 67
1694452126177 0.18895700501811907 68
1694452127722 0.19014509180526795 69
1694452129344 0.19143536429980457 70
1694452130549 0.19238818309658012 71
1694452131620 0.1934174193795445 72
1694452132822 0.19418192844498738 73
1694452133882 0.19500469490849426 74
1694452134948 0.19561794700572654 75
1694452136043 0.19627676369677483 76
1694452137076 0.19676830145729052 77
1694452138111 0.19713992560474958 78
1694452139061 0.1976845592564166 79
1694452140028 0.1979847670396696 80
1694452140944 0.19841916259966386 81
1694452141802 0.19866153187606828 82
1694452142721 0.19900933207532379 83
1694452143542 0.19920454672096966 84
1694452144384 0.19948386626657488 85
1694452145323 0.19964054820943478 86
1694452146161 0.199711753627151 87
1694452147045 0.19998463320650162 88
1694452147934 0.20004427598797003 89
1694452148785 0.20026147855719245 90
1694452149695 0.20031111287318992 91
1694452150613 0.2004852534687751 92
1694452151540 0.200525995413398 93
1694452152519 0.2006664236006016 94
1694452153468 0.20069926360935042 95
