1694719128881 0.014603428897220869 0
1694719131096 0.31741218484735106 1
1694719133287 0.00038388564780727775 2
1694719136178 0.017437716733295486 3
1694719138730 0.5150398949068241 4
1694719140972 0.03977103396051486 5
1694719143677 0.22085061347025864 6
1694719146389 0.20817080096106336 7
1694719148599 0.05798859705122614 8
1694719150458 0.03168103240464604 9
1694719152965 0.017802405669682126 10
1694719156889 0.46283441864772573 11
1694719160492 0.3538142653458811 12
1694719164480 0.09192750005548066 13
1694719167718 0.019131609644346383 14
1694719170476 0.3184365761453423 15
1694719173097 0.03605521622406796 16
1694719175498 0.05584034939749732 17
1694719178059 0.23676325603173703 18
1694719181350 0.0037037204166274055 19
1694719186078 0.009055796612550213 20
1694719190301 0.25936827016285374 21
1694719194671 0.008731684119802113 22
1694719199041 0.11593469412567717 23
1694719204585 0.44352427539476974 24
1694719209897 0.049955707564355495 25
1694719214830 0.004818643542643605 26
1694719218466 0.007900575627808586 27
1694719221310 0.004164404951973207 28
1694719224665 0.0757952060215457 29
1694719227749 0.03282117437317397 30
1694719230733 0.1518612865682311 31
1694719234262 1.0339807477966512 32
1694719236890 0.0002558502538242454 33
1694719239516 0.037096048568599896 34
1694719242807 7.202240655963961e-06 35
1694719246565 0.002688326174668331 36
1694719250372 0.02236541292344944 37
1694719253779 0.7902058044586773 38
1694719257951 0.03426583974862221 39
1694719262356 0.06548750453404903 40
1694719267040 0.014204381703157803 41
1694719269569 0.19408358818880728 42
1694719271314 0.24586894474079896 43
1694719273386 0.06248558001826862 44
1694719275598 0.29596635028528456 45
1694719277487 0.005586183246086427 46
1694719279552 0.16674103692692938 47
1694719282002 0.22918959601597375 48
1694719285969 0.09362454146022876 49
1694719288195 0.0031431640202484977 50
1694719290030 9.22598060632467e-06 51
1694719291994 0.19998077106322057 52
1694719294055 0.04538289615651026 53
1694719295849 0.0009560085780591704 54
1694719297498 0.02766205262080443 55
1694719299668 0.016969644466653375 56
1694719302760 0.18368998979020545 57
1694719305301 4.745524457099911e-05 58
1694719308216 0.06480161857748871 59
1694719311018 0.00881416564240656 60
1694719313595 0.046451017036734626 61
1694719317824 0.021630930374866523 62
1694719322500 0.4562555056636796 63
1694719328093 0.3044274995521127 64
1694719331242 0.0778704759738591 65
1694719333899 0.1287592150727338 66
1694719336845 0.010403654270234966 67
1694719339936 0.020760137657104334 68
1694719342739 0.4909224171498983 69
1694719345618 0.4447120116219558 70
1694719348290 0.2335515729252603 71
1694719351297 0.550845741114819 72
1694719353852 0.07792189754606556 73
1694719356533 0.33655063908585986 74
1694719359575 0.21039857569048817 75
1694719362127 0.003192399052621397 76
1694719364585 0.0049968585225013415 77
1694719367651 0.1286662422023773 78
1694719370326 0.06521656107232283 79
1694719372956 2.0966739601631507e-05 80
1694719375941 0.011583217905838383 81
1694719378392 0.014233776492714798 82
1694719380699 0.0849108473249118 83
1694719383432 0.29519605612775457 84
1694719385913 0.2607462160301367 85
1694719388386 0.05758093456146551 86
1694719391161 0.3827410071260992 87
1694719393974 0.16062419593361627 88
1694719396671 0.0009032162315741924 89
1694719399936 0.44341176958392703 90
1694719402740 0.005048614024439447 91
1694719405310 0.4038567257288864 92
1694719408121 0.0006896890627228933 93
1694719410684 0.0001420966136982991 94
1694719413383 0.7248311663976107 95
1694719416074 0.004086303473606816 96
1694719419206 0.04290070004858881 97
1694719421856 0.00798122234397149 98
1694719424432 0.03594471433057873 99
