1694746303826 6.193861959825238 0
1694746305516 8.607496395492339 1
1694746307347 11.038898869627065 2
1694746309032 6.21524207697023 3
1694746310692 6.462888594537754 4
1694746312611 4.901126032244149 5
1694746314365 5.993448081279093 6
1694746316078 2.097792753990784 7
1694746317938 3.6879906575259778 8
1694746319696 4.5166575413092085 9
1694746321908 5.621324477375883 10
1694746324204 7.949372779280303 11
1694746325855 3.3873075253100278 12
1694746327382 4.639868781722597 13
1694746329315 3.364203510094949 14
1694746331379 2.673365871634603 15
1694746333009 9.56366153659958 16
1694746335335 1.5343637153259528 17
1694746337475 3.5415254168993964 18
1694746339280 4.3499368880062566 19
1694746341338 3.9752620375332426 20
1694746343124 5.251041254963324 21
1694746344910 5.661980455999692 22
1694746346606 3.96773694870965 23
1694746348590 4.166170447264832 24
1694746350355 4.0457380773080756 25
1694746351988 5.251390224710405 26
1694746353913 4.83521562161591 27
1694746355613 5.903655844568431 28
1694746357212 6.579479303713896 29
1694746359058 4.144342036633883 30
1694746361083 5.26786707677749 31
1694746362839 6.330618292374793 32
1694746364368 1.0649668571696753 33
1694746365822 4.311380275332183 34
1694746367481 1.6541671000957499 35
1694746369078 6.395983483838052 36
1694746370734 2.389617785123245 37
1694746372426 7.781808839377708 38
1694746373966 1.5912618042829239 39
1694746375413 4.1444939595094645 40
1694746376992 6.531737294311097 41
1694746378631 4.124180691334608 42
1694746380377 3.6074470991671252 43
1694746381934 1.2186672896239177 44
1694746383508 2.52078018944233 45
1694746385044 6.6742725222180574 46
1694746386782 2.9681836275170714 47
1694746388152 4.438049055199842 48
1694746389428 2.86422171067035 49
1694746391034 3.358339483375746 50
1694746392625 5.461521355327529 51
1694746394315 5.537848229850913 52
1694746395904 4.735240513050929 53
1694746397443 1.799201954917553 54
1694746399015 3.723215417754025 55
1694746400534 4.155476940585762 56
1694746402085 4.8452074348564445 57
1694746403597 2.6717883362120536 58
1694746405090 4.399557055358196 59
1694746406966 4.356563108577889 60
1694746409195 6.903460029149218 61
1694746411171 3.772005419125856 62
1694746413085 3.8194517411787547 63
1694746414883 2.214030954034834 64
1694746416685 7.9945235410468625 65
1694746418506 8.542694054335769 66
1694746420864 4.198245062985698 67
1694746422746 1.9661019611344723 68
1694746424808 5.496558610864232 69
1694746426521 5.06148740506319 70
1694746428301 6.406482861946688 71
1694746430239 4.234047261190712 72
1694746432058 2.5659454678814235 73
1694746433825 3.300720430300054 74
1694746435511 5.886655786833245 75
1694746437287 5.146911980831463 76
1694746438969 2.2012455764864094 77
1694746440403 3.0270393674111387 78
1694746441807 3.7743052527624936 79
1694746443366 6.354050385150108 80
1694746444954 3.774750936942843 81
1694746446525 3.18738931255274 82
1694746448527 4.82004943280687 83
1694746450225 5.044483677530707 84
1694746451796 4.971623404398485 85
1694746453234 4.281914205661222 86
1694746454876 7.388046534990061 87
1694746456327 5.710985808102167 88
1694746457919 4.722354018310383 89
1694746459478 4.1192032198003465 90
1694746461080 5.2403063514166535 91
1694746462613 5.550112161317789 92
1694746464226 4.274103900597047 93
1694746465888 12.049713601972826 94
1694746467952 1.7729876482555347 95
1694746469441 3.770127068091746 96
1694746470823 2.469017618463853 97
1694746472319 3.6275305437578935 98
1694746474288 4.798214933380705 99
