1694621182833 168.54379126551402 0
1694621184180 165.19807082103898 1
1694621185774 158.97283858782845 2
1694621187196 150.3906707711614 3
1694621188639 139.99561320171784 4
1694621190158 128.32409189097316 5
1694621191433 115.88181085411794 6
1694621192961 103.12651531263903 7
1694621194523 90.45625996883103 8
1694621195797 78.20264489736026 9
1694621197299 66.62836214485004 10
1694621198672 55.92832884684173 11
1694621200072 46.23366072064795 12
1694621201622 37.61775557134227 13
1694621203056 30.103802085400176 14
1694621205007 23.673096950424732 15
1694621206486 18.27363596210261 16
1694621207862 13.82853569932899 17
1694621209315 10.24393587375869 18
1694621210762 7.416123862762231 19
1694621212240 5.237708481962645 20
1694621213839 3.6027469879395766 21
1694621215261 2.4107957815363763 22
1694621216594 1.5699102908353562 23
1694621218341 0.9986627480230612 24
1694621219857 0.6272783260502656 25
1694621221312 0.3980111255901094 26
1694621222826 0.2648928999522545 27
1694621224293 0.1929905028778191 28
1694621225882 0.15730429322899578 29
1694621227177 0.1414306176886369 30
1694621228520 0.13609846418817087 31
1694621230310 0.13767478341640726 32
1694621231609 0.14671602128099082 33
1694621233130 0.16662613059345793 34
1694621234558 0.20246459053017118 35
1694621236163 0.2599324247167768 36
1694621237719 0.34455035776823567 37
1694621239043 0.4610314006982949 38
1694621240394 0.612840470937996 39
1694621241808 0.8019261656450024 40
1694621243212 1.0286044434735702 41
1694621244565 1.2915705727544875 42
1694621246142 1.5880140556933264 43
1694621247490 1.9138110825471295 44
1694621248944 2.2637701309016585 45
1694621250623 2.6319083239108907 46
1694621251784 3.0117388284812643 47
1694621252939 3.3965526611082186 48
1694621254096 3.7796815545207085 49
1694621255292 4.154731834259421 50
1694621256407 4.515782407669917 51
1694621257529 4.857542860796274 52
1694621258710 5.1754702076352945 53
1694621259835 5.465844988898824 54
1694621261062 5.7258091494286685 55
1694621262184 5.953369434008858 56
1694621263406 6.147370949069067 57
1694621264648 6.307446075988228 58
1694621265808 6.433944134180862 59
1694621267187 6.527847129183854 60
1694621268644 6.590676635870092 61
1694621269841 6.624396413038777 62
1694621271012 6.631314773926655 63
1694621272151 6.6139900943724514 64
1694621273364 6.575142167629263 65
1694621274495 6.517571446987814 66
1694621275700 6.444087582559125 67
1694621277320 6.357448078167096 68
1694621279271 6.260307383310923 69
1694621280928 6.155176302697321 70
1694621282102 6.044391255866844 71
1694621283279 5.930092651534586 72
1694621284475 5.814211451496133 73
1694621285785 5.698462880700413 74
1694621286899 5.584346184869927 75
1694621288081 5.473149335224299 76
1694621289869 5.365957621308283 77
1694621291980 5.263665147564019 78
1694621293559 5.166988347533661 79
1694621294949 5.07648074266789 80
1694621296416 4.992548292939606 81
1694621297647 4.915464807306305 82
1694621298893 4.845386998268942 83
1694621300226 4.782368872327131 84
1694621301801 4.726375244198959 85
1694621303270 4.67729424550759 86
1694621304783 4.634948767430355 87
1694621306273 4.59910683154984 88
1694621307697 4.5694909244699025 89
1694621309150 4.545786360776029 90
1694621310641 4.527648757078276 91
1694621312179 4.514710708828423 92
1694621313576 4.506587763088475 93
1694621314917 4.502883776170329 94
1694621316263 4.503195736700734 95
1694621317669 4.507118123676463 96
1694621318877 4.5142468567573895 97
1694621320202 4.52418288348119 98
1694621321601 4.536535436133311 99
