1694699528922 168.88305156069646 0
1694699530716 165.53048197268112 1
1694699532151 162.2445335087622 2
1694699533590 159.02388178923252 3
1694699535568 155.8672287744349 4
1694699537015 152.77330224059043 5
1694699539106 149.7408552660659 6
1694699540852 146.7686657278713 7
1694699542214 143.85553580818453 8
1694699543669 141.0002915107026 9
1694699545188 138.201782186624 10
1694699546840 135.45888007007002 11
1694699548775 132.77047982275695 12
1694699550547 130.13549808773504 13
1694699551966 127.55287305201298 14
1694699553366 125.02156401789128 15
1694699555091 122.54055098283088 16
1694699556679 120.10883422768698 17
1694699558107 117.72543391314095 18
1694699560751 115.38938968416755 19
1694699562883 113.09976028237706 20
1694699564407 110.85562316607526 21
1694699565819 108.65607413788773 22
1694699567325 106.50022697979765 23
1694699568721 104.38721309544945 24
1694699570199 102.31618115957315 25
1694699571786 100.28629677438823 26
1694699573277 98.2967421328473 27
1694699574648 96.34671568858369 28
1694699576032 94.43543183242923 29
1694699577525 92.5621205753714 30
1694699578903 90.72602723782144 31
1694699580488 88.92641214506791 32
1694699581891 87.16255032879228 33
1694699583442 85.43373123452578 34
1694699584782 83.7392584349295 35
1694699586232 82.07844934878109 36
1694699587675 80.4506349655551 37
1694699589103 78.85515957548506 38
1694699590397 77.29138050499823 39
1694699591831 75.75866785741604 40
1694699593224 74.25640425881548 41
1694699594597 72.7839846089482 42
1694699596081 71.34081583711712 43
1694699597460 69.92631666291146 44
1694699598835 68.53991736170347 45
1694699600223 67.1810595348123 46
1694699601605 65.84919588424147 47
1694699603031 64.54378999189963 48
1694699604554 63.2643161032146 49
1694699605918 62.01025891505373 50
1694699607392 60.78111336786447 51
1694699608853 59.5763844419513 52
1694699610133 58.3955869578066 53
1694699611520 57.23824538041472 54
1694699613069 56.10389362745013 55
1694699614615 54.99207488129208 56
1694699616090 53.90234140477999 57
1694699617435 52.83425436063455 58
1694699618774 51.787383634472306 59
1694699620277 50.76130766134145 60
1694699621766 49.75561325570922 61
1694699623448 48.76989544483186 62
1694699624828 47.80375730544004 63
1694699626207 46.85680980367348 64
1694699627948 45.92867163820035 65
1694699629497 45.01896908645776 66
1694699631245 44.127335853951486 67
1694699632619 43.25341292655378 68
1694699634162 42.39684842573975 69
1694699636029 41.55729746670375 70
1694699637410 40.73442201929835 71
1694699638850 39.92789077173992 72
1694699640601 39.13737899702548 73
1694699642783 38.362568422007165 74
1694699644407 37.603147099070995 75
1694699646141 36.85880928036854 76
1694699647877 36.129255294550354 77
1694699649257 35.41419142595148 78
1694699650660 34.71332979618026 79
1694699652521 34.02638824806256 80
1694699654020 33.353090231894534 81
1694699655407 32.693164693958046 82
1694699656843 32.04634596725351 83
1694699658193 31.412373664406303 84
1694699659729 30.790992572703345 85
1694699661269 30.181952551217293 86
1694699662695 29.58500842997714 87
1694699664189 28.999919911144215 88
1694699665481 28.42645147215378 89
1694699666876 27.864372270783093 90
1694699668279 27.313456052107618 91
1694699669721 26.773481057307766 92
1694699671307 26.24422993428934 93
1694699673202 25.72548965008169 94
1694699675167 25.21705140497798 95
1694699678350 24.718710548383207 96
1694699679813 24.230266496335698 97
1694699681063 23.75152265066901 98
1694699682362 23.282286319781296 99
