1694345505664 -9.33518832474587 0
1694345506334 -6.1293148154357695 1
1694345506958 -4.933094478168344 2
1694345507739 -4.4485083371474 3
1694345508602 -5.497827314658564 4
1694345509284 -2.837022080904626 5
1694345509863 -12.731418173476357 6
1694345510398 -15.375377351540678 7
1694345510899 -6.4798235895255365 8
1694345511376 -8.852529559574725 9
1694345511840 -7.226905663285766 10
1694345512381 -4.203690174213113 11
1694345512870 -8.678511096797141 12
1694345513373 -5.497830185615942 13
1694345513854 -3.563073600925561 14
1694345514283 -4.524485922276765 15
1694345514759 -6.0532054818857 16
1694345515294 -4.88296771645667 17
1694345515815 -6.412259554522674 18
1694345516331 -5.613445214803766 19
1694345516820 -5.890113580476577 20
1694345517281 -6.822804668839736 21
1694345517748 -5.576653486897894 22
1694345518200 -4.485797424318932 23
1694345518696 -6.093232678382972 24
1694345519250 -5.990403062819245 25
1694345519826 -7.53083712657793 26
1694345520387 -8.002634644715268 27
1694345520876 -6.879719875482203 28
1694345521336 -6.295132195925767 29
1694345521773 -9.50905671614783 30
1694345522276 -5.577059456470751 31
1694345522783 -5.575050022597041 32
1694345523317 -5.438347480139743 33
1694345523878 -3.8758335658372003 34
1694345524478 -4.259779180588474 35
1694345525012 -4.8194820100303115 36
1694345525501 -8.67792830671393 37
1694345525981 -4.2383868482515865 38
1694345526504 -4.838317454964086 39
1694345527011 -6.158590909287232 40
1694345527508 -8.454009972686045 41
1694345528072 -5.299055549038287 42
1694345528660 -5.284673358997083 43
1694345529130 -5.085342344124393 44
1694345529591 -4.767070856980047 45
1694345530029 -5.564239099321011 46
1694345530483 -6.870956189629116 47
1694345530934 -6.421692079466208 48
1694345531430 -8.700831988765177 49
1694345531975 -6.658044220110468 50
1694345532547 -6.268517084410807 51
1694345533043 -7.407738606904443 52
1694345533514 -4.728850675106543 53
1694345533961 -5.840423795403187 54
1694345534426 -9.011683447757342 55
1694345534879 -6.087221652816767 56
1694345535378 -3.817528241135128 57
1694345535924 -4.590685736589604 58
1694345536529 -5.969909590400605 59
1694345537060 -8.315057388014637 60
1694345537541 -3.7022746649516423 61
1694345538071 -5.555153657110517 62
1694345538659 -7.099981210170695 63
1694345539218 -7.977542470195145 64
1694345539804 -6.552375254900316 65
1694345540364 -6.664694526710598 66
1694345540906 -3.483285924946925 67
1694345541364 -7.782284675257294 68
1694345541820 -4.530273311882436 69
1694345542283 -7.171391276595932 70
1694345542807 -7.466749946143246 71
1694345543348 -8.454084297595637 72
1694345543881 -4.833961969298018 73
1694345544396 -6.038984226279159 74
1694345544841 -7.032240160319882 75
1694345545434 -5.443748326193217 76
1694345545961 -8.58939470148405 77
1694345546513 -4.001981057510468 78
1694345547035 -6.655468908658617 79
1694345547627 -7.750642127074011 80
1694345548290 -4.273335701459208 81
1694345548832 -4.797059295821159 82
1694345549272 -9.057280129412325 83
1694345549854 -4.159271847835539 84
1694345550366 -4.665224497257964 85
1694345550881 -13.629380141295382 86
1694345551382 -4.800470908098415 87
1694345551919 -4.540031317274544 88
1694345552483 -7.3815085488237475 89
1694345552974 -5.2795793303900505 90
1694345553415 -3.5989857864634462 91
1694345553868 -7.01439930276114 92
1694345554372 -4.788482173798579 93
1694345554908 -5.939090249681601 94
1694345555504 -8.193296943113149 95
1694345556057 -6.178439617064604 96
1694345556673 -5.764125185582959 97
1694345557201 -8.888113773257157 98
1694345557877 -8.591464333793487 99
1694345558472 -5.55174591852903 100
1694345559010 -5.908900845748532 101
1694345559530 -3.9420953364726428 102
1694345560067 -3.4730262319835283 103
1694345560582 -5.40525731631096 104
1694345561028 -8.408230041988492 105
1694345561461 -5.949892899122834 106
1694345561890 -5.089509800244159 107
1694345562360 -6.565822082895891 108
1694345562842 -8.268270865471504 109
1694345563289 -6.308822510448422 110
1694345563732 -7.140505917892307 111
1694345564180 -6.373082788006907 112
1694345564695 -4.742743647758277 113
1694345565179 -6.386523095036742 114
1694345565674 -12.856169020730066 115
1694345566127 -6.31095258013271 116
1694345566610 -7.142122480850253 117
1694345567076 -5.253258106404285 118
1694345567528 -4.4461917609958626 119
1694345568016 -6.1639224399757 120
1694345568513 -7.442395101766355 121
1694345568985 -5.469544538114112 122
1694345569449 -6.278359698704337 123
1694345569891 -5.510887694634266 124
1694345570323 -6.622895740878931 125
1694345570741 -7.758987108986972 126
1694345571149 -5.697564369100374 127
1694345571626 -6.2292929772037 128
1694345572139 -9.90195960142554 129
1694345572643 -5.573577104207173 130
1694345573048 -4.947761504866822 131
1694345573464 -6.926067635584899 132
1694345573898 -6.188531021198662 133
1694345574371 -8.446009043077666 134
1694345574860 -6.341753120494613 135
1694345575404 -7.141646276825874 136
1694345575933 -7.48282500251667 137
1694345576541 -3.078688410382523 138
1694345577050 -5.414501047538927 139
1694345577565 -5.994362345520696 140
1694345578392 -6.236072737573875 141
1694345579918 -6.036813102240908 142
1694345580920 -6.439508982006903 143
1694345582572 -6.490091043430287 144
1694345583275 -4.742593152714731 145
1694345584050 -7.032671735259132 146
1694345584933 -5.794219326741182 147
1694345585547 -6.118068162777256 148
1694345586062 -7.538799840146032 149
1694345586608 -5.400068447625477 150
1694345587275 -5.78723154551187 151
1694345588018 -6.241177040197782 152
1694345588752 -6.573710583864858 153
1694345589335 -3.6137168251809175 154
1694345589876 -9.217282958567859 155
1694345590408 -5.6824136981096816 156
1694345590876 -4.171421580418976 157
1694345591352 -5.440769609171264 158
1694345591916 -4.767834075414315 159
1694345592502 -4.778119522493778 160
1694345592953 -6.265314974170809 161
1694345593366 -8.163858401937812 162
1694345593775 -5.320523377768449 163
1694345594194 -5.114311966702718 164
1694345594652 -8.246615353197834 165
1694345595093 -5.674528042583155 166
1694345595574 -4.623467297796734 167
1694345596019 -5.9090705942183055 168
1694345596510 -4.543894913682671 169
1694345596956 -4.6753415923821535 170
1694345597401 -6.557410246958349 171
1694345597821 -5.19147148702114 172
1694345598273 -6.15519843907767 173
1694345598728 -4.226814914847612 174
1694345599198 -5.432456349741911 175
1694345599664 -5.08282707762916 176
1694345600151 -6.44700634041201 177
1694345600623 -10.454842406511021 178
1694345601032 -5.08749696413849 179
1694345601475 -7.418267718082694 180
1694345601920 -3.183901865554609 181
1694345602395 -5.854381307885292 182
1694345602899 -5.751083753221817 183
1694345603372 -4.2037420031018495 184
1694345603851 -7.116980382487284 185
1694345604363 -7.408499812747127 186
1694345604839 -4.120542821412215 187
1694345605305 -4.361083694798158 188
1694345605762 -4.312849539949112 189
1694345606227 -5.106242571191774 190
1694345606721 -6.812619212663193 191
1694345607190 -7.637102829215014 192
1694345607670 -7.971677588243281 193
1694345608201 -13.228165942755293 194
1694345608696 -7.901304928536357 195
1694345609122 -7.715785514404354 196
1694345609531 -10.745771232420102 197
1694345609953 -4.88893194895451 198
1694345610349 -5.450003138880334 199
1694345610783 -5.117271009243431 200
1694345611252 -10.079309595195122 201
1694345611726 -3.907346079139841 202
1694345612231 -10.178170459426196 203
1694345612728 -6.810710769750645 204
1694345613189 -4.706241588897489 205
1694345613627 -4.233919637740261 206
1694345614127 -4.432898183038489 207
1694345614658 -5.7941888021244905 208
1694345615216 -5.850012429413659 209
1694345615945 -4.7402646710500225 210
1694345616508 -6.932042182699698 211
1694345617002 -7.8783318784134355 212
1694345617440 -4.170107907236422 213
1694345617913 -4.8170270114550044 214
1694345618379 -4.188376970954024 215
1694345618870 -9.722601312374954 216
1694345619333 -5.141457589604374 217
1694345619869 -8.722533359764768 218
1694345620422 -5.194321225937323 219
1694345620878 -4.919374133427314 220
1694345621315 -7.407625067182584 221
1694345621729 -6.3828548936057095 222
1694345622168 -4.8791381763863315 223
1694345622612 -4.8454578658587035 224
1694345623046 -5.264236490344762 225
1694345623510 -6.210273995678573 226
1694345623967 -6.366478423845173 227
1694345624515 -4.6937655540320415 228
1694345625062 -8.26715337797405 229
1694345625594 -8.191771904755923 230
1694345626085 -5.46493878682256 231
1694345626558 -7.9635673449629625 232
1694345627063 -11.32705571693248 233
1694345627626 -9.116433808580183 234
1694345628261 -8.139705945816118 235
1694345628833 -6.4818127491632325 236
1694345629326 -8.068205467345948 237
1694345629807 -3.8557421779953946 238
1694345630243 -7.337953131192247 239
1694345630686 -7.524951636124332 240
1694345631153 -4.107917212375273 241
1694345631660 -16.331458644021914 242
1694345632181 -4.947242875965523 243
1694345632705 -3.8936626657118216 244
1694345633169 -4.431867643730551 245
1694345633586 -6.202141594235846 246
1694345634035 -7.199920618470577 247
1694345634566 -6.101994534205003 248
1694345635126 -6.342323099126149 249
1694345635947 -4.808094445468989 250
1694345636620 -4.621941097097032 251
1694345637131 -6.000525832208506 252
1694345637579 -5.2830236637941015 253
1694345638024 -6.652166825187448 254
1694345638489 -4.231562293879858 255
1694345638973 -6.38286996300092 256
1694345639444 -11.580476344246375 257
1694345639968 -4.868266960470657 258
1694345640507 -5.495657378131827 259
1694345640998 -7.735241850682602 260
1694345641497 -7.938035692788937 261
1694345641963 -4.582369465807333 262
1694345642467 -6.267952650542768 263
1694345642972 -4.268641471171367 264
1694345643560 -7.105170733828038 265
1694345644189 -6.990084279006977 266
1694345644804 -8.381130124285304 267
1694345645341 -9.158734456083684 268
1694345645884 -7.0781960113062485 269
1694345646433 -4.2940716941769494 270
1694345647136 -4.7302016617040765 271
1694345647883 -9.205475845230078 272
1694345648716 -7.220418561363665 273
1694345649274 -3.8702126032780964 274
1694345649743 -5.8284699924460615 275
1694345650146 -6.599347137079208 276
1694345650577 -8.27457640350248 277
1694345651112 -8.015151090105368 278
1694345651672 -5.16566715226502 279
1694345652244 -9.537198485819385 280
1694345652745 -5.1754185447734855 281
1694345653184 -5.797016125050297 282
1694345653646 -8.297301448777057 283
1694345654082 -5.99152272348012 284
1694345654502 -5.3298961262374736 285
1694345654941 -7.00379588884366 286
1694345655460 -6.72408177103844 287
1694345656005 -4.532284134807904 288
1694345656521 -4.118286829603759 289
1694345656997 -11.204934606845484 290
1694345657402 -5.152770897614719 291
1694345657854 -4.460719023508326 292
1694345658328 -6.6992084985466 293
1694345658808 -11.636362032957967 294
1694345659295 -4.649519044592985 295
1694345659795 -5.917668029023186 296
1694345660350 -6.840445152526481 297
1694345660831 -3.2540025261258183 298
1694345661248 -5.461687159071064 299
1694345661684 -5.271617982435845 300
1694345662109 -4.011954008404379 301
1694345662573 -5.448233687183381 302
1694345663010 -5.797380474250303 303
1694345663505 -2.9703587726319207 304
1694345664001 -11.515691696104177 305
1694345664501 -7.494804026092087 306
1694345664963 -4.704454129740784 307
1694345665440 -9.08292649100493 308
1694345665927 -5.219589024640119 309
1694345666381 -5.211343718103819 310
1694345666928 -11.041473052911183 311
1694345667492 -8.395221115541196 312
1694345668150 -5.149777183023101 313
1694345668773 -11.6897020872554 314
1694345669325 -8.64860976114989 315
1694345670157 -3.879538063205189 316
1694345671180 -9.41489055150552 317
1694345672120 -9.495425277190014 318
1694345673371 -8.408960329040895 319
1694345674447 -7.204839724703223 320
1694345675455 -10.473487415698289 321
1694345676435 -6.528744160959312 322
1694345677231 -4.637064986875779 323
1694345677926 -7.057840501920275 324
1694345678493 -6.135156841220738 325
1694345679164 -6.713634196850696 326
1694345679806 -5.8352799021568185 327
1694345680630 -6.591337812877613 328
1694345681230 -6.278892482241199 329
1694345681839 -7.506126523798622 330
1694345682412 -4.786590364754558 331
1694345682973 -5.941849788578748 332
1694345683706 -7.583275507681309 333
1694345684337 -5.859137642669628 334
1694345685167 -5.850977868785658 335
1694345685817 -8.335405017481495 336
1694345686355 -9.695863269766823 337
1694345686864 -7.0373931792451 338
1694345687366 -5.393263545565395 339
1694345687888 -7.454722231954255 340
1694345688431 -8.736319215411518 341
1694345688919 -8.130156349094804 342
1694345689362 -3.557991484253024 343
1694345689803 -3.1696901454276496 344
1694345690253 -11.0682394137854 345
1694345690736 -7.512058407614278 346
1694345691209 -3.2757977125243336 347
1694345691670 -5.71096348764022 348
1694345692217 -4.142136978222138 349
1694345692772 -3.474325776670658 350
1694345693223 -7.955478542051919 351
1694345693684 -5.119037588281602 352
1694345694120 -8.401500085808326 353
1694345694552 -5.819929661638207 354
1694345695036 -5.256028518637822 355
1694345695583 -8.675817576344478 356
1694345696117 -7.622610432850253 357
1694345696749 -6.426356587601758 358
1694345697289 -9.151177792594568 359
1694345697775 -4.871861242566664 360
1694345698292 -10.129538103373875 361
1694345698774 -5.498167249535479 362
1694345699259 -8.162093672376947 363
1694345699817 -7.662338747828313 364
1694345700374 -9.321489686917188 365
1694345700883 -11.221623448216533 366
1694345701350 -5.968524668475623 367
1694345701814 -5.760791858262385 368
1694345702291 -7.421444050463052 369
1694345702799 -8.117375900356782 370
1694345703311 -6.481662620311871 371
1694345703773 -5.749700233674807 372
1694345704283 -6.633814919113729 373
1694345704809 -6.0773841568318305 374
1694345705283 -6.299093410723633 375
1694345705736 -9.770626895834562 376
1694345706182 -4.6607870710529795 377
1694345706637 -4.17604984077723 378
1694345707137 -6.649330209122546 379
1694345707615 -6.808430303696125 380
1694345708156 -3.7273870809886622 381
1694345708684 -5.565752738495295 382
1694345709180 -6.9836274330379595 383
1694345709668 -6.573702990318065 384
1694345710122 -8.38843730533467 385
1694345710583 -3.241868885658384 386
1694345711043 -5.615498971963106 387
1694345711556 -4.761651551574237 388
1694345712060 -4.438831415111903 389
1694345712593 -4.696110063310052 390
1694345713067 -4.400960220316896 391
1694345713497 -5.5271329897204495 392
1694345713953 -9.505981724622595 393
1694345714418 -4.213031298426587 394
1694345714905 -5.509014176935153 395
1694345715385 -3.6940169453466387 396
1694345715923 -7.580918360320693 397
1694345716499 -5.982131158594617 398
1694345717009 -6.491940860333977 399
1694345717492 -7.807420666186804 400
1694345718169 -6.2983834655039335 401
1694345718776 -8.936000880209598 402
1694345719247 -4.474885909413858 403
1694345719722 -5.453023355343646 404
1694345720219 -6.6798206401446745 405
1694345720754 -5.19009881436346 406
1694345721224 -8.639929539170474 407
1694345721705 -6.03991883479242 408
1694345722175 -6.316529718358182 409
1694345722653 -5.542715982513294 410
1694345723128 -4.324442635383782 411
1694345723634 -5.498440374859071 412
1694345724228 -7.740105211715957 413
1694345724808 -8.05790714162426 414
1694345725361 -4.600582874471697 415
1694345725888 -5.687826736191827 416
1694345726390 -8.0438566604639 417
1694345726859 -8.49681304752944 418
1694345727433 -7.02397802485774 419
1694345727966 -10.875267341701575 420
1694345728571 -4.754080835491895 421
1694345729068 -4.977654895654226 422
1694345729519 -4.5679999483635765 423
1694345729960 -5.800777776267456 424
1694345730424 -9.513417930427265 425
1694345730888 -4.658079846900929 426
1694345731299 -6.198363925939594 427
1694345731768 -7.231095875186668 428
1694345732254 -9.275005883400135 429
1694345732779 -6.206068176252351 430
1694345733292 -5.712981633008523 431
1694345733800 -5.501301850417724 432
1694345734281 -4.80141271197929 433
1694345734812 -4.35837967774427 434
1694345735436 -7.156279381265891 435
1694345736192 -9.231343482848434 436
1694345736802 -8.17885448837353 437
1694345737323 -7.930022036655391 438
1694345737839 -7.989741708640869 439
1694345738367 -5.7313443573399425 440
1694345738958 -9.622302174397976 441
1694345739420 -8.321173719316748 442
1694345739916 -4.484841072082199 443
1694345740439 -5.027983542704033 444
1694345740904 -5.755091455558786 445
1694345741339 -6.1460422325687265 446
1694345741743 -3.0942935253584762 447
1694345742187 -5.191335330612914 448
1694345742643 -7.0197195953220906 449
1694345743124 -5.397933809138899 450
1694345743628 -7.610407097189098 451
1694345744163 -9.083234514471082 452
1694345744702 -4.565954515853983 453
1694345745230 -6.6321833062198925 454
1694345745741 -6.301721775091109 455
1694345746227 -6.243851652180092 456
1694345746669 -6.30612279297718 457
1694345747162 -7.731306378628124 458
1694345747629 -7.799109307281292 459
1694345748135 -6.719009425832407 460
1694345748638 -4.776453893130451 461
1694345749128 -6.829273444269676 462
1694345749622 -6.997979474268174 463
1694345750077 -13.142696579349947 464
1694345750518 -3.1106094653584417 465
1694345750986 -4.781817768854309 466
1694345751455 -4.370500530857968 467
1694345751956 -7.3988141973284165 468
1694345752473 -9.54271056301616 469
1694345752973 -4.915699014261413 470
1694345753444 -4.313088886394582 471
1694345753938 -4.708444561786162 472
1694345754442 -3.9695272515301356 473
1694345754970 -9.013353400014244 474
1694345756055 -13.99122144821864 475
1694345756876 -7.798934700436654 476
1694345757594 -9.397468681741948 477
1694345758458 -10.589089404689162 478
1694345760209 -5.6733665583554025 479
1694345760933 -4.065438630580513 480
1694345761609 -4.057382775260541 481
1694345762263 -9.773372788547498 482
1694345762888 -7.875157862706875 483
1694345763534 -5.222259120738216 484
1694345764193 -4.909249898553969 485
1694345764828 -14.401364173795933 486
1694345765377 -12.156897223969336 487
1694345765973 -8.227081854244348 488
1694345766463 -9.395385935123777 489
1694345767026 -3.813321424720817 490
1694345767674 -5.933587232416092 491
1694345768327 -5.270704062783382 492
1694345768908 -8.472278972535644 493
1694345769436 -11.934349759612486 494
1694345769919 -7.617922979273885 495
1694345770387 -6.261030859704771 496
1694345770873 -10.992611617067453 497
1694345771401 -4.636883412262933 498
1694345771893 -6.081791368839506 499
