1694699317305 169.39729248837068 0
1694699320374 154.82748869673213 1
1694699323242 142.59199681956284 2
1694699324697 132.2666366226631 3
1694699326292 123.50713408395778 4
1694699327901 116.03385149331451 5
1694699329351 109.61945478417161 6
1694699330794 104.07895128963966 7
1694699332620 99.26164067406064 8
1694699334465 95.0446101545758 9
1694699336366 91.32747639819786 10
1694699337846 88.02813396619507 11
1694699339943 85.07931654688986 12
1694699341734 82.42581462146447 13
1694699343129 80.02222337985928 14
1694699344473 77.83111904435297 15
1694699345835 75.82158139515184 16
1694699347213 73.96799613515607 17
1694699348573 72.24908351378883 18
1694699349992 70.6471099441451 19
1694699351434 69.14724767100944 20
1694699353105 67.73705426442146 21
1694699354981 66.40604913488374 22
1694699356472 65.1453686424008 23
1694699358005 63.94748490426603 24
1694699359756 62.805976258774834 25
1694699361652 61.71533964523063 26
1694699363489 60.67083702072009 27
1694699365487 59.668369436661344 28
1694699367124 58.70437361205184 29
1694699368573 57.77573682130589 30
1694699370376 56.87972670747082 31
1694699371901 56.01393327266898 32
1694699373260 55.1762208160614 33
1694699374728 54.36468800905196 34
1694699376152 53.57763463688681 35
1694699377557 52.81353381061556 36
1694699379009 52.0710086759695 37
1694699380478 51.34881282609008 38
1694699382244 50.64581377129228 39
1694699383670 49.96097893769757 40
1694699385181 49.293363762894636 41
1694699386835 48.64210153503803 42
1694699393155 48.00639468541884 43
1694699395235 47.38550729631543 44
1694699396665 46.778758628104626 45
1694699398324 46.185517504001055 46
1694699400032 45.60519741886441 47
1694699402038 45.03725226145868 48
1694699403851 44.48117255832836 49
1694699405627 43.936482162850304 50
1694699407123 43.40273532565933 51
1694699408460 42.87951409304113 52
1694699410011 42.366425988451965 53
1694699411763 41.86310193939724 54
1694699413693 41.36919441775431 55
1694699415574 40.88437576647832 56
1694699417439 40.40833668966661 57
1694699419178 39.94078488632077 58
1694699421047 39.48144381095863 59
1694699422972 39.03005154658508 60
1694699424689 38.58635977751355 61
1694699426451 38.15013285120124 62
1694699428146 37.72114691967628 63
1694699429741 37.299189152335494 64
1694699431227 36.88405701291468 65
1694699432726 36.475557594307226 66
1694699434173 36.073507005657106 67
1694699436816 35.6777298067971 68
1694699439664 35.288058485660905 69
1694699441706 34.90433297478003 70
1694699444214 34.52640020339699 71
1694699446358 34.15411368209178 72
1694699448860 33.78733311713988 73
1694699451927 33.425924052100875 74
1694699454701 33.06975753438516 75
1694699456925 32.7187098047646 76
1694699458773 32.37266200798729 77
1694699461209 32.03149992282845 78
1694699462942 31.695113710063296 79
1694699465550 31.363397676983805 80
1694699467575 31.036250057204782 81
1694699471111 30.713572804613552 82
1694699473518 30.395271400416878 83
1694699476099 30.08125467232728 84
1694699478094 29.771434625011253 85
1694699479849 29.46572628099429 86
1694699481626 29.164047531283213 87
1694699483427 28.86631899502576 88
1694699485186 28.572463887581602 89
1694699487300 28.282407896427756 90
1694699489192 27.996079064366498 91
1694699490853 27.713407679544407 92
1694699492403 27.43432617182856 93
1694699494183 27.158769015120004 94
1694699496228 26.886672635215735 95
1694699497714 26.61797532285905 96
1694699499319 26.352617151644303 97
1694699500632 26.090539900466247 98
1694699502083 25.83168698022622 99
