1694707299974 169.0138457143736 0
1694707301999 168.676838573294 1
1694707304021 168.03778820331618 2
1694707306158 167.1291956723616 3
1694707307849 165.9811403993256 4
1694707309844 164.62135305307186 5
1694707311886 163.07531082070344 6
1694707313877 161.36634770271053 7
1694707316383 159.5157741037036 8
1694707318297 157.54300128687612 9
1694707319762 155.46566730512689 10
1694707321676 153.29976185877936 11
1694707324268 151.0597481975828 12
1694707326147 148.7586807147816 13
1694707327932 146.40831729942693 14
1694707329626 144.01922584103147 15
1694707331443 141.60088453552754 16
1694707333534 139.16177583750013 17
1694707335218 136.70947405244775 18
1694707337065 134.2507266738368 19
1694707339351 131.79152965066933 20
1694707341121 129.3371968284418 21
1694707343198 126.89242384480441 22
1694707345276 124.46134678504923 23
1694707347382 122.04759591506547 24
1694707349221 119.65434481327075 25
1694707350891 117.28435522038647 26
1694707352654 114.94001791847793 27
1694707354063 112.62338993977788 28
1694707355561 110.33622839252034 29
1694707357102 108.08002117616768 30
1694707358876 105.85601484266739 31
1694707360654 103.66523984422686 32
1694707362293 101.50853339192275 33
1694707364080 99.38656013355167 34
1694707365953 97.29983084368618 35
1694707367692 95.24871930407157 36
1694707369179 93.23347753838289 37
1694707370633 91.25424955201788 38
1694707372209 89.31108371506643 39
1694707374063 87.4039439148735 40
1694707376091 85.53271959370316 41
1694707377833 83.69723477689016 42
1694707379533 81.8972561875078 43
1694707381478 80.1325005349551 44
1694707383072 78.40264105693004 45
1694707384669 76.70731338697409 46
1694707386315 75.04612081310187 47
1694707387887 73.41863898692911 48
1694707389585 71.8244201371416 49
1694707391239 70.26299683606791 50
1694707393111 68.73388536349233 51
1694707394790 67.23658870763458 52
1694707396525 65.77059923939784 53
1694707398197 64.33540109251155 54
1694707399596 62.93047227904341 55
1694707401166 61.555286566896484 56
1694707402524 60.2093151433172 57
1694707404217 58.89202808609434 58
1694707405895 57.602895662006844 59
1694707407817 56.34138947015695 60
1694707409518 55.10698344608958 61
1694707411223 53.89915474102889 62
1694707412924 52.717384489145076 63
1694707414530 51.5611584744838 64
1694707416568 50.429967708034496 65
1694707418222 49.323308924369876 66
1694707420058 48.24068500634734 67
1694707421721 47.1816053455136 68
1694707423318 46.14558614508728 69
1694707425154 45.132150671703606 70
1694707426919 44.14082946148255 71
1694707428872 43.17116048542007 72
1694707430459 42.222689278596555 73
1694707432153 41.294969037240776 74
1694707434025 40.38756068727658 75
1694707435899 39.50003292761059 76
1694707437414 38.63196225108517 77
1694707438901 37.78293294572196 78
1694707440550 36.95253707861053 79
1694707442728 36.14037446455433 80
1694707444560 35.3460526213668 81
1694707446268 34.56918671351451 82
1694707447962 33.80939948562606 83
1694707449753 33.06632118722714 84
1694707451471 32.339589489918296 85
1694707453228 31.628849398083286 86
1694707454914 30.93375315409996 87
1694707456964 30.25396013892145 88
1694707458588 29.589136768801897 89
1694707460316 28.93895638885666 90
1694707461955 28.303099164071366 91
1694707463712 27.681251968306345 92
1694707465395 27.073108271781784 93
1694707467070 26.478368027474414 94
1694707468773 25.896737556807018 95
1694707470416 25.32792943496832 96
1694707472059 24.771662376160883 97
1694707473827 24.22766111903926 98
1694707475495 23.695656312568918 99
