1694443609731 -240.11723706667075 0
1694443611314 -194.07688992360744 1
1694443612374 -157.42831213980017 2
1694443613358 -127.70409324257665 3
1694443614237 -103.59102047994826 4
1694443615223 -84.02867859162404 5
1694443615927 -68.15514781493812 6
1694443616718 -55.27043954689091 7
1694443617434 -44.81267483734743 8
1694443618223 -36.32183808665346 9
1694443619039 -29.424155980166834 10
1694443619777 -23.822594193987857 11
1694443620435 -19.2710381658596 12
1694443621034 -15.569359137031377 13
1694443621629 -12.561204571477415 14
1694443622242 -10.114412435065606 15
1694443622928 -8.121361146785532 16
1694443623522 -6.500408606694486 17
1694443624144 -5.180168923569625 18
1694443624672 -4.1023482513288725 19
1694443625301 -3.2249683724348026 20
1694443625858 -2.5091020300539952 21
1694443626419 -1.922785317510737 22
1694443627034 -1.445093486532091 23
1694443627649 -1.0530491222876943 24
1694443628211 -0.7331762754792008 25
1694443628822 -0.4711470612759321 26
1694443629423 -0.25480257574741527 27
1694443630023 -0.07824188688075195 28
1694443630544 0.06685471326679582 29
1694443631140 0.18775197422368906 30
1694443631696 0.2862851111655671 31
1694443632338 0.3687378176158904 32
1694443632943 0.43609219880917116 33
1694443633586 0.4917839526988319 34
1694443634179 0.5392321963767397 35
1694443634789 0.5777055549890009 36
1694443635395 0.6106930674978144 37
1694443635983 0.6375098409371439 38
1694443636568 0.6598117273852903 39
1694443637103 0.6796411698373522 40
1694443637661 0.6953836778811617 41
1694443638294 0.7095081196877435 42
1694443638901 0.7207433185867789 43
1694443639503 0.7309125985947228 44
1694443640158 0.7390234509968578 45
1694443640953 0.7457469497818563 46
1694443641661 0.7524383644013815 47
1694443642391 0.7573502428926125 48
1694443643043 0.7622974652088516 49
1694443643740 0.7659302993556009 50
1694443644437 0.7696281065912549 51
1694443645127 0.7723467593539308 52
1694443645817 0.7751393801259929 53
1694443646477 0.7771963847334186 54
1694443647137 0.7787705905844441 55
1694443647802 0.7809685078381268 56
1694443648576 0.7821607872678352 57
1694443649283 0.7838473246499111 58
1694443649997 0.7847609873804382 59
1694443650666 0.7860669285655384 60
1694443651308 0.7867738182140902 61
1694443651960 0.7877932512810913 62
1694443652649 0.7883442888339826 63
1694443653277 0.7891458157769314 64
1694443653921 0.7895777759647117 65
1694443654436 0.7897248969726842 66
1694443655016 0.7906122250708937 67
1694443655625 0.7907195785558193 68
1694443656223 0.7914107103148179 69
1694443656770 0.7914906772410375 70
1694443657336 0.792034142894975 71
1694443657913 0.792094143836772 72
1694443658641 0.7925251486983731 73
1694443659436 0.7925698776287496 74
1694443660505 0.7929143658004282 75
1694443661957 0.7929469994830456 76
1694443662927 0.7932243504986254 77
1694443663471 0.7932471977579318 78
1694443664104 0.7930223274063992 79
1694443664767 0.7935415424055137 80
1694443665312 0.7933543444017148 81
1694443665920 0.7937573864229263 82
1694443666507 0.7936024640008204 83
1694443667088 0.7939193920257313 84
1694443667605 0.7937909871261267 85
1694443668062 0.7940431930502956 86
1694443668528 0.7939360711267551 87
1694443668972 0.7941390406478029 88
1694443669693 0.794048792132761 89
1694443670325 0.7942139016845791 90
1694443670938 0.7941369682302679 91
1694443671512 0.7942726813382246 92
1694443672136 0.7942062658269499 93
1694443672738 0.7938962345095651 94
1694443673318 0.7943121589738419 95
1694443673926 0.794056511477125 96
1694443674521 0.7943782757153308 97
1694443675246 0.7941679713727117 98
1694443675889 0.79442065847494 99
