1694671344758 169.18053433745993 0
1694671346033 137.01379459716082 1
1694671347229 111.51807626192372 2
1694671348446 91.25751272681217 3
1694671349708 75.11219675119068 4
1694671351015 62.20777003660069 5
1694671352134 51.860816175888885 6
1694671353346 43.5364952969029 7
1694671354553 36.81566345758459 8
1694671355745 31.3693424499309 9
1694671356869 26.93888741436193 10
1694671358160 23.320572464244243 11
1694671359297 20.353603045441623 12
1694671360461 17.910787086296168 13
1694671361668 15.89126988350079 14
1694671362863 14.214871529946183 15
1694671363960 12.817669348113668 16
1694671365177 11.648548074628954 17
1694671366448 10.666502730337385 18
1694671367603 9.838527292553918 19
1694671368776 9.137959624322058 20
1694671370000 8.543182056797152 21
1694671371222 8.036599459248178 22
1694671372425 7.603834032642257 23
1694671373597 7.233089562176384 24
1694671374835 6.914648340039498 25
1694671375942 6.640472102411097 26
1694671377168 6.4038846410406665 27
1694671378405 6.199318657723695 28
1694671379549 6.02211324565667 29
1694671380996 5.868351349886527 30
1694671382391 5.734728869620033 31
1694671383687 5.618448865092978 32
1694671385388 5.517135735029897 33
1694671387195 5.428765325858925 34
1694671389601 5.351607789355697 35
1694671391819 5.284180674478674 36
1694671394549 5.22521026311882 37
1694671396805 5.173599570381942 38
1694671399852 5.12840175275655 39
1694671402187 5.0887979214492205 40
1694671404284 5.054078558342126 41
1694671406393 5.023627890153425 42
1694671408367 4.996910701576421 43
1694671410406 4.973461167540497 44
1694671412283 4.952873363815423 45
1694671414195 4.9347931782925345 46
1694671416515 4.918911395801376 47
1694671418739 4.904957769899125 48
1694671420774 4.892695927773966 49
1694671422702 4.881918980854936 50
1694671425315 4.872445735196108 51
1694671427367 4.864117413205263 52
1694671429287 4.856794812608947 53
1694671431746 4.850355840312093 54
1694671434290 4.844693368516491 55
1694671436257 4.839713368502322 56
1694671438307 4.835333284163179 57
1694671440379 4.831480612968212 58
1694671442386 4.828091666704949 59
1694671444425 4.8251104882943086 60
1694671446411 4.822487904294946 61
1694671449126 4.820180695532196 62
1694671451805 4.818150870683223 63
1694671453888 4.816365029693442 64
1694671456096 4.814793805647629 65
1694671458187 4.8134113752183065 66
1694671460273 4.81219502910337 67
1694671463408 4.811124794975997 68
1694671465791 4.810183106429574 69
1694671468003 4.809354512230873 70
1694671470107 4.808625420914595 71
1694671472390 4.807983876377625 72
1694671474754 4.8074193606747535 73
1694671476936 4.806922620691053 74
1694671479490 4.80648551577852 75
1694671481957 4.806100883804685 76
1694671484342 4.805762423375313 77
1694671486579 4.805464590268201 78
1694671488489 4.80520250635554 79
1694671490186 4.804971879502902 80
1694671491670 4.804768933117143 81
1694671493275 4.804590344177455 82
1694671494856 4.8044331887250475 83
1694671496211 4.804294893911741 84
1694671497460 4.804173195816406 85
1694671498787 4.804066102334231 86
1694671500504 4.803971860527677 87
1694671502166 4.803888927901958 88
1694671503388 4.803815947132612 89
1694671504534 4.803751723829879 90
1694671505701 4.803695206974546 91
1694671507009 4.803645471703999 92
