1694347178609 -239.81163337086542 0
1694347179223 -193.76419832897102 1
1694347179888 -157.1412408278118 2
1694347180658 -127.44033554702989 3
1694347181468 -103.34816208175086 4
1694347182209 -83.80671616805677 5
1694347183004 -67.95257180508467 6
1694347183761 -55.08614326613269 7
1694347184552 -44.6454908974198 8
1694347185505 -36.17042866038914 9
1694347187300 -29.287853307691826 10
1694347188761 -23.69973250349861 11
1694347190945 -19.160431672130926 12
1694347191952 -15.470547009780333 13
1694347192969 -12.47251195522521 14
1694347194188 -10.033738513555402 15
1694347194949 -8.050798893210876 16
1694347195774 -6.43723915158047 17
1694347196725 -5.122393728076829 18
1694347197603 -4.052270521959749 19
1694347198370 -3.179214295626296 20
1694347199130 -2.467850532098824 21
1694347200055 -1.886659764916609 22
1694347200894 -1.4124574949947042 23
1694347201747 -1.0250057488912172 24
1694347202476 -0.7071049400518854 25
1694347203327 -0.447511101866058 26
1694347204131 -0.2340034037125862 27
1694347204940 -0.05932412773034201 28
1694347205966 0.08474804389981316 29
1694347206923 0.20288403154220258 30
1694347207853 0.30063771108017545 31
1694347208545 0.38100339845085485 32
1694347209304 0.4477519618507051 33
1694347210013 0.5027925282463124 34
1694347210620 0.548244344159175 35
1694347211245 0.5867604364102661 36
1694347211834 0.6182246130871389 37
1694347212455 0.6450618860443247 38
1694347213262 0.6670375941164393 39
1694347213937 0.6859159430888231 40
1694347214573 0.7014132648737769 41
1694347215167 0.7148295884830203 42
1694347215803 0.7258709497449862 43
1694347216453 0.7355091196573749 44
1694347217223 0.7434601450999125 45
1694347217880 0.7504619451849738 46
1694347218512 0.7562501136933354 47
1694347219098 0.7609719481685305 48
1694347219816 0.765721401550501 49
1694347220502 0.7691948046596323 50
1694347221251 0.7727411564262505 51
1694347221996 0.7753243212226246 52
1694347222634 0.77800163475771 53
1694347223448 0.7799422260706396 54
1694347224153 0.78198462232716 55
1694347224912 0.7834557541410012 56
1694347225725 0.7850290474750932 57
1694347226371 0.7861531235304032 58
1694347226933 0.7873760342707219 59
1694347227555 0.7882406435644272 60
1694347228172 0.7891991188465105 61
1694347228922 0.7898677059601256 62
1694347229731 0.7906246593494801 63
1694347230463 0.7911437413900899 64
1694347231124 0.7913579796278298 65
1694347231756 0.7922122223221395 66
1694347232465 0.7923703752947749 67
1694347233244 0.7930374538925125 68
1694347233979 0.7931550718592861 69
1694347234617 0.7936811774970125 70
1694347235285 0.7937684695686827 71
1694347236089 0.7941872002097865 72
1694347236857 0.7942511851303627 73
1694347237638 0.7945873324981827 74
1694347238290 0.7946330618861934 75
