1694721478795 0.5302197774626014 0
1694721481149 0.0011754006395517705 1
1694721483882 0.1742450870286496 2
1694721486195 0.42034338865513227 3
1694721488584 0.009259954303108293 4
1694721490910 0.43113952315525883 5
1694721493071 0.03094208872132735 6
1694721495639 0.0401345046627955 7
1694721498267 0.19244864488780508 8
1694721500289 0.0443716279266647 9
1694721502633 0.00020513289782069 10
1694721504640 0.2863141530934202 11
1694721507051 0.336466290588385 12
1694721509090 0.07637454652773498 13
1694721511445 0.22358828159752492 14
1694721513726 0.05253812675062535 15
1694721515873 0.21414660203064495 16
1694721518102 0.09134590509128432 17
1694721520244 0.01653035559052144 18
1694721522569 0.006203315074756588 19
1694721524814 0.0008016586195174421 20
1694721527174 0.3214346811040505 21
1694721529787 0.5052243542088044 22
1694721531997 0.10771681987531118 23
1694721534238 0.6701675911275338 24
1694721536479 0.0018485301908220855 25
1694721538883 0.014968801502920332 26
1694721540977 0.008442859333124598 27
1694721543434 0.44157010072826913 28
1694721545758 0.022125697352463513 29
1694721547963 0.4350353288984705 30
1694721550586 0.04629238257430924 31
1694721552628 0.0495856422939845 32
1694721555111 0.10186794140470784 33
1694721557489 0.10124221439698619 34
1694721559730 0.0310697799312908 35
1694721561820 0.21466908167681328 36
1694721563944 0.2116849114478355 37
1694721566213 5.713974342081763e-06 38
1694721568483 0.004364215597499935 39
1694721570766 0.0034375856144197273 40
1694721572803 0.06872443714450314 41
1694721575104 0.32286053568488116 42
1694721577482 0.0440082967469692 43
1694721579640 0.006135064599620747 44
1694721581725 0.039469459379244336 45
1694721583917 0.6931909056489496 46
1694721586262 0.04192468204022321 47
1694721588321 0.015264017823790055 48
1694721590556 0.012011329192013047 49
1694721592755 0.418604039183338 50
1694721595447 0.011556140089794211 51
1694721597898 0.6581680675184485 52
1694721600399 0.12938239192780168 53
1694721603934 0.09147408061782195 54
1694721606572 0.002839398015433648 55
1694721608802 0.14993439235350162 56
1694721611561 0.006199714898141477 57
1694721613656 1.7138111620324456e-06 58
1694721615817 0.006930934230376293 59
1694721618165 0.12924833443678801 60
1694721620174 0.011185918590098872 61
1694721622402 0.0018716920188306127 62
1694721624305 0.2068766993312884 63
1694721626589 0.23641904237743044 64
1694721628374 0.003343856499614072 65
1694721630622 0.34331626012134886 66
1694721632567 0.01565159109309895 67
1694721634764 0.06375288119634842 68
1694721636669 0.77084717892047 69
1694721638830 0.0706817828306427 70
1694721640812 0.0273737371616057 71
1694721643068 0.1299298741697973 72
1694721645106 3.6564674403486833e-06 73
1694721647362 0.21909641324314807 74
1694721649452 0.23210691377538173 75
1694721651634 0.015516858769383352 76
1694721653683 0.06973668861090876 77
1694721655953 0.1017565293858761 78
1694721658294 0.1224141845979557 79
1694721660286 0.012915894329258385 80
1694721662809 0.025315217611570476 81
1694721664776 0.05895610064666256 82
1694721667097 0.03364533110179989 83
1694721669122 0.036400097599765 84
1694721671251 0.09954761252104423 85
1694721673702 0.9546371514522013 86
1694721675903 0.005424192764593386 87
1694721678244 0.1278543819180298 88
1694721680521 0.07122501992531513 89
1694721682952 0.01646952964142188 90
1694721684895 0.35409809669484327 91
1694721686988 0.4257294127615322 92
1694721688939 0.11255520040914857 93
1694721690991 0.11817055941364528 94
1694721692840 0.002728920071766656 95
1694721694801 0.3549759454364278 96
1694721696646 0.004581754693534903 97
1694721698782 0.038557334737723555 98
1694721700692 0.03219916875425993 99
