1694687229191 168.8377254345268 0
1694687231181 165.4827849313988 1
1694687233263 159.24914609644068 2
1694687235549 150.65031310117476 3
1694687237848 140.2197925681227 4
1694687240197 128.48399736275667 5
1694687242242 115.9408075018787 6
1694687244782 103.0435382332971 7
1694687247281 90.18990093129388 8
1694687249562 77.71542545811468 9
1694687252397 65.89073873135578 10
1694687257709 54.92205818637173 11
1694687261292 44.95425489273365 12
1694687263201 36.0758633468962 13
1694687264778 28.32545757531894 14
1694687266373 21.6988705989869 15
1694687268108 16.15680145073818 16
1694687269724 11.632426297778723 17
1694687272132 8.03870394699568 18
1694687274195 5.275137921418937 19
1694687277456 3.233783913729427 20
1694687281275 1.804569792958422 21
1694687284678 0.8795917809046667 22
1694687288613 0.35657565199432767 23
1694687290381 0.14149806428178646 24
1694687292016 0.1503366290764225 25
1694687293630 0.31019334066738335 26
1694687295012 0.5597482363289795 27
1694687296143 0.8491844101328658 28
1694687297870 1.1396869058807826 29
1694687299551 1.4026156306136575 30
1694687301509 1.618432463857516 31
1694687303498 1.775522719636691 32
1694687305654 1.8689082241940074 33
1694687307146 1.8989637984364556 34
1694687308279 1.870178638392515 35
1694687309515 1.790004352689027 36
1694687310803 1.667805777720062 37
1694687312385 1.5139682526841831 38
1694687313843 1.3391359427918696 39
1694687315465 1.1535966027360862 40
1694687316728 0.9668004785678155 41
1694687317980 0.7870338964260417 42
1694687320204 0.6212009067947969 43
1694687321952 0.4747127834859743 44
1694687323245 0.35147145003471253 45
1694687324671 0.25391133187076714 46
1694687326953 0.18311905507282342 47
1694687329880 0.1389845358255726 48
1694687333098 0.12036746580232359 49
1694687336260 0.1253082362965974 50
1694687338954 0.15121865130180054 51
1694687340966 0.19507159945585492 52
1694687342448 0.2535838633639165 53
1694687343928 0.3233587205059469 54
1694687345765 0.4010368219153083 55
1694687347396 0.4834109963458502 56
1694687348784 0.5675172802899381 57
1694687350271 0.6506868996146061 58
1694687351766 0.7306192937402486 59
1694687353174 0.8053992963202569 60
1694687354674 0.8735175032573662 61
1694687356272 0.9338324756924353 62
1694687357871 0.9855687899485471 63
1694687359283 1.0282702567790614 64
1694687360862 1.0617988268674505 65
1694687362217 1.0862946424653177 66
1694687363634 1.1020986588442934 67
1694687364998 1.1097292999921053 68
1694687366319 1.1098210923732024 69
1694687367866 1.1031245805637813 70
1694687369301 1.090453490821805 71
1694687370708 1.0726660579502372 72
1694687372119 1.0506025636420442 73
1694687373581 1.0250843147015274 74
1694687374961 0.9968950666278782 75
1694687376404 0.9667667660000164 76
1694687377825 0.9353483360801405 77
1694687379379 0.9032394775547845 78
1694687380767 0.8709706674339958 79
1694687382162 0.8390177650486695 80
1694687383571 0.8077639151471453 81
1694687384946 0.7775259061376065 82
1694687386354 0.7485394643622946 83
1694687387746 0.7210032148971001 84
1694687389285 0.6950810086442151 85
1694687390647 0.6708713838937311 86
1694687391972 0.6484348297329017 87
1694687393318 0.6277993564913538 88
1694687394774 0.6089448673340032 89
1694687396536 0.591848932078235 90
1694687397936 0.5764735533678319 91
1694687399608 0.562783551935414 92
1694687401172 0.5507115758341601 93
1694687403807 0.5401838976583816 94
1694687406086 0.5311046709500336 95
1694687408304 0.5234101837390557 96
1694687410353 0.5169991618942339 97
1694687412198 0.5118052496511433 98
1694687413975 0.5077436446949674 99
1694687415788 0.5047129239701211 100
1694687417993 0.5026325181454835 101
1694687421243 0.5014394989628066 102
1694687424326 0.5010535339175761 103
1694687426695 0.5013973903863048 104
1694687429533 0.5023787411072161 105
1694687431629 0.5039259734853718 106
1694687433541 0.5059861347815854 107
1694687435350 0.5084900626376496 108
1694687437240 0.5113722390026635 109
1694687439067 0.5145520056616872 110
1694687441076 0.517970383111284 111
1694687442987 0.5215734848489252 112
1694687445534 0.5253240856427742 113
1694687448236 0.5291695799616671 114
1694687450275 0.5330624178815256 115
1694687452690 0.5369597952333182 116
1694687455016 0.5408233556170526 117
1694687457252 0.5445992497114507 118
1694687460244 0.5482551981732452 119
1694687462967 0.5517654197778991 120
1694687465348 0.5551097652524313 121
1694687467986 0.5582845271234339 122
1694687469862 0.5612703677593203 123
1694687473318 0.5640532314195719 124
1694687475803 0.5666237210718151 125
1694687478630 0.5689764801801938 126
1694687480805 0.571109600029386 127
1694687483081 0.5730028950091453 128
1694687485093 0.5746569853166524 129
1694687487722 0.576077695744717 130
1694687489705 0.5772749077755314 131
1694687491655 0.5782755681612586 132
1694687493943 0.5790865356665489 133
1694687496048 0.5797174404034652 134
1694687497983 0.5801800198109215 135
1694687499965 0.5804696888980857 136
1694687502004 0.5806004113716632 137
