1694344449991 0.8287252431072659 0
1694344450344 0.8247962794959608 1
1694344450773 0.8300700635673858 2
1694344451213 0.8379842889804701 3
1694344451666 0.36278434860519626 4
1694344452197 0.7476921392989858 5
1694344452789 0.7143159905943391 6
1694344453485 0.7620802982347888 7
1694344454176 0.7242817622720858 8
1694344454856 0.6808755919065601 9
1694344455349 0.8018964201002154 10
1694344455780 0.7150493144726553 11
1694344456231 0.7647243949886678 12
1694344456707 0.8037994094472612 13
1694344457215 0.8528182058268743 14
1694344457752 0.7822101827361045 15
1694344458238 0.8457720826743168 16
1694344458671 0.7670359605033724 17
1694344459083 0.820074744362109 18
1694344459480 0.8514786185489791 19
1694344459868 0.7567094153175958 20
1694344460258 0.7644596658692107 21
1694344460588 0.6905154573715941 22
1694344460938 0.6807442581998433 23
1694344461352 0.6838275343524212 24
1694344461740 0.8029785880974398 25
1694344462125 0.7867247973135802 26
1694344462495 0.7923004417027172 27
1694344462821 0.8184329657472679 28
1694344463166 0.7611410159765789 29
1694344463537 0.8463863510873242 30
1694344463882 0.8221390255397095 31
1694344464229 0.7753928110529404 32
1694344464695 0.7992902318987283 33
1694344465082 0.7481010049432357 34
1694344465492 0.7853790447953024 35
1694344465915 0.8128742154295748 36
1694344466302 0.8664172818232727 37
1694344466644 0.8196427022561565 38
1694344467100 0.7868970185697342 39
1694344467534 0.8057282302234322 40
1694344467994 0.8339164511580144 41
1694344468447 0.7624680176431394 42
1694344468892 0.6782279880467045 43
1694344469381 0.7919875428554602 44
1694344469840 0.8867460127964154 45
1694344470366 0.7932462401578024 46
1694344471081 0.8924763647912806 47
1694344472053 0.840766261472355 48
1694344472916 0.767621389464743 49
1694344473726 0.834707481678457 50
1694344474563 0.8469348413777358 51
1694344475214 0.8529084371099636 52
1694344475651 0.8442478629689147 53
1694344476039 0.7950206426241319 54
1694344476472 0.7559439263650941 55
1694344476860 0.7578070599327618 56
1694344477254 0.8328002556308152 57
1694344477749 0.7578430972958509 58
1694344478188 0.7897535576907222 59
1694344478635 0.7378439658978293 60
1694344479624 0.8257020095750156 61
1694344480299 0.816516946590216 62
1694344480861 0.7012320818922175 63
1694344481614 0.8451590138827791 64
1694344482334 0.7451139443996819 65
1694344482876 0.6652704572469309 66
1694344483307 0.8253562861583771 67
1694344483791 0.8160515484413398 68
1694344484213 0.7300995592631674 69
1694344485088 0.8041154119535192 70
1694344485669 0.7934096789634937 71
1694344486145 0.7389265280898477 72
1694344486570 0.8454705615004572 73
1694344486981 0.7915932015383275 74
1694344487378 0.743570721854158 75
1694344487893 0.882198109993106 76
1694344488425 0.8029949922130981 77
1694344489153 0.7233361648675722 78
1694344489915 0.7925889064120669 79
1694344490603 0.8454850834177706 80
1694344491382 0.7684007051210066 81
1694344492199 0.7596243588414369 82
1694344493645 0.8278526470910239 83
1694344494598 0.8069874044701104 84
1694344495450 0.7003397388228731 85
1694344496377 0.7860397374231891 86
1694344497140 0.9083892321469549 87
1694344498064 0.812718221153053 88
1694344498869 0.8238974680844733 89
1694344499578 0.7642186480920614 90
1694344500184 0.8842429393012677 91
1694344500866 0.7367425499836633 92
1694344501589 0.7693944943435082 93
1694344502431 0.740099734431158 94
1694344503066 0.7642819329976098 95
1694344503666 0.7814184655106208 96
1694344504274 0.8183460548447005 97
1694344504906 0.7736387029786829 98
