1694447801582 -239.50563140254084 0
1694447802709 -193.91946596117162 1
1694447803624 -157.30112174046883 2
1694447804604 -127.59985818010227 3
1694447805632 -103.50733995145941 4
1694447806537 -83.95947942136763 5
1694447807483 -68.09848690228755 6
1694447808374 -55.22443909711334 7
1694447809279 -44.77499231055158 8
1694447810048 -36.29097570676639 9
1694447810838 -29.39911833686608 10
1694447811607 -23.80206888796622 11
1694447812382 -19.254213660649622 12
1694447813111 -15.555711214415165 13
1694447813729 -12.550001544656872 14
1694447814335 -10.105216736334073 15
1694447815015 -8.113896573179085 16
1694447816083 -6.494269898962809 17
1694447816839 -5.175120886247821 18
1694447817542 -4.09824358950381 19
1694447818175 -3.2215850949667395 20
1694447818899 -2.506313886965366 21
1694447819653 -1.9205113040973094 22
1694447820448 -1.443214443997325 23
1694447821131 -1.0515101508442375 24
1694447821779 -0.731901043194753 25
1694447822437 -0.47009128618968 26
1694447823107 -0.2539322814915317 27
1694447823754 -0.07751935271857313 28
1694447824371 0.06745355498815198 29
1694447825089 0.18825027898145175 30
1694447825809 0.2866990570301643 31
1694447826534 0.36908602240002386 32
1694447827275 0.43638192861933756 33
1694447828060 0.4920239782755309 34
1694447828870 0.5394374326699236 35
1694447829659 0.5778755707020662 36
1694447830339 0.610841007535636 37
1694447831088 0.6376322004660708 38
1694447831816 0.6607625900858675 39
1694447832600 0.6796194928048607 40
1694447833357 0.6953108095889835 41
1694447834089 0.7095164671901714 42
1694447834802 0.7207066167665139 43
1694447835593 0.7309342805331138 44
1694447836364 0.7390070251936489 45
1694447837140 0.7464520970232615 46
1694447837892 0.7523447787685165 47
1694447838704 0.7571948366241187 48
1694447839491 0.762258258561802 49
1694447840281 0.7658362280709599 50
1694447841117 0.7696174856661042 51
1694447842175 0.7722895864950774 52
1694447843075 0.7751432685089352 53
1694447844324 0.7771617314328274 54
1694447845923 0.7793365674048619 55
1694447847028 0.7808771516942529 56
1694447848095 0.7820035493311414 57
1694447849326 0.7838051836541928 58
1694447850630 0.7846618427446769 59
1694447851629 0.7860511566906644 60
1694447852669 0.786710421903843 61
1694447853536 0.7877913194491685 62
1694447854375 0.7883033272670374 63
1694447855390 0.7891508992921126 64
1694447856674 0.7895511865651513 65
1694447857698 0.7902204621578672 66
1694447858644 0.7905347751752322 67
1694447859608 0.7910665967045163 68
1694447860526 0.7913139750337672 69
1694447861327 0.7912914618513189 70
1694447862037 0.7919894476014704 71
1694447862758 0.7919642942117613 72
1694447863585 0.7925081978187215 73
1694447864479 0.7924837106024643 74
1694447865408 0.7929119217365472 75
1694447866428 0.7928889768964044 76
1694447867500 0.7932292558281184 77
1694447868902 0.7932077336283995 78
1694447869938 0.7934804794002605 79
1694447871123 0.7934599522394681 80
1694447872006 0.7936803618154475 81
1694447872895 0.793660397141327 82
1694447873586 0.7933961039251173 83
1694447874275 0.793874113605095 84
1694447874962 0.7936552736217145 85
1694447875919 0.7940255691483025 86
1694447876713 0.7938451450727878 87
1694447877405 0.7941359657977325 88
1694447878032 0.7939869439745711 89
1694447878750 0.7942182852011811 90
1694447879434 0.7940944559347288 91
1694447880268 0.7942807201409846 92
1694447881035 0.7941769077202723 93
1694447881744 0.7943286240895124 94
1694447882408 0.7942406628285602 95
1694447883122 0.7943656277682117 96
1694447883840 0.7942902358072531 97
1694447884541 0.7939719952154642 98
1694447885176 0.7943801047937151 99
