1694679147657 169.42924729476263 0
1694679149394 137.1551129415506 1
1694679150576 111.03904137350776 2
1694679151749 89.90464778524753 3
1694679152951 72.80059955546193 4
1694679154045 58.95748577724648 5
1694679155166 47.752970445043545 6
1694679156259 38.683634137627585 7
1694679157466 31.34221720180681 8
1694679158529 25.399225839211343 9
1694679159651 20.588062775753677 10
1694679160931 16.69300571432585 11
1694679162201 13.539487068009006 12
1694679163480 10.986233604091272 13
1694679164616 8.918909476955848 14
1694679165800 7.24497461865696 15
1694679167102 5.889525753924894 16
1694679168577 4.791931960949254 17
1694679170161 3.903112765451274 18
1694679171667 3.1833358899213686 19
1694679173041 2.6004353184242333 20
1694679174944 2.128369357671964 21
1694679176722 1.7460537465650814 22
1694679178308 1.4364172907233914 23
1694679179467 1.1856375419946104 24
1694679180624 0.9825221627421169 25
1694679181723 0.8180081800533074 26
1694679182853 0.6847566440324996 27
1694679184315 0.5768244978829085 28
1694679185835 0.48939894010776835 29
1694679188123 0.41858236808156624 30
1694679189615 0.3612182645030667 31
1694679190864 0.3147502265232605 32
1694679192074 0.27710782464316813 33
1694679193191 0.24661418189820652 34
1694679194308 0.22191113763839188 35
1694679195452 0.20189864824507264 36
1694679196719 0.18568571487045588 37
1694679197870 0.17255064443737136 38
1694679199135 0.16190886790033637 39
1694679200452 0.1532868779173567 40
1694679201697 0.146301121801399 41
1694679202845 0.14064090719760652 42
1694679204135 0.13605455730810087 43
1694679205398 0.13233819770445432 44
1694679206561 0.1293266743379115 45
1694679207631 0.12688619754679306 46
1694679208725 0.12490838393248929 47
1694679209863 0.12330543038048544 48
1694679210992 0.12200620503378339 49
1694679212084 0.12095308094353562 50
1694679213255 0.12009937125564102 51
1694679214353 0.11940725162383974 52
1694679215452 0.11884607726877074 53
1694679216626 0.1183910196994295 54
1694679217805 0.11802196236456226 55
1694679219053 0.11772260604320742 56
1694679220289 0.1174797441311772 57
1694679221501 0.11728267555100799 58
1694679222890 0.1171227291446946 59
1694679224120 0.11699287837493182 60
1694679225251 0.11688742918319514 61
1694679226423 0.11680176711120153 62
1694679227627 0.116732152431406 63
1694679228911 0.11667555416987793 64
1694679230135 0.11662951563645783 65
1694679231323 0.11659204547969972 66
1694679232686 0.11656152942026626 67
1694679234088 0.11653665873679055 68
1694679235321 0.11651637232374644 69
1694679236646 0.11649980974480563 70
1694679238372 0.11648627319438559 71
1694679239885 0.11647519667641484 72
1694679241383 0.11646612103039465 73
1694679242663 0.11645867369492542 74
1694679243805 0.11645255230956575 75
1694679244966 0.11644751142658316 76
1694679246119 0.1164433517424379 77
1694679247290 0.11643991137086782 78
1694679248427 0.11643705877019926 79
1694679249616 0.11643468701103613 80
1694679250808 0.11643270913004715 81
1694679251986 0.11643105436383025 82
1694679253252 0.11642966509593351 83
1694679254491 0.11642849438178635 84
1694679255628 0.11642750394195991 85
1694679256764 0.11642666253496857 86
1694679257870 0.11642594463766782 87
1694679258956 0.11642532937495718 88
1694679260338 0.1164247996515499 89
1694679261684 0.1164243414475361 90
1694679262937 0.11642394324672056 91
1694679264279 0.1164235955726027 92
1694679265697 0.11642329061162858 93
1694679267488 0.11642302190720921 94
1694679268897 0.11642278411112579 95
1694679270062 0.11642257278147974 96
1694679271180 0.1164223842183993 97
