1694628874192 169.64084248330963 0
1694628875614 166.19279401606454 1
1694628877106 159.84573710322303 2
1694628878525 151.12085011292075 3
1694628879859 140.55907324876054 4
1694628881237 128.69367161522715 5
1694628882622 116.02845738334575 6
1694628883946 103.02153320962259 7
1694628885490 90.07413570442907 8
1694628886930 77.52403567862636 9
1694628888287 65.64287455446748 10
1694628889760 54.63680122429647 11
1694628891082 44.64968635011541 12
1694628892460 35.768306741535774 13
1694628893802 28.028924221595158 14
1694628895205 21.424707673262496 15
1694628896611 15.913530964648926 16
1694628897968 11.42565859768233 17
1694628899526 7.871478735390432 18
1694628901005 5.148105218452249 19
1694628902402 3.1455921602260846 20
1694628903744 1.7522099514880582 21
1694628905137 0.8588153765620781 22
1694628906507 0.3623102896244952 23
1694628907814 0.16822149930632424 24
1694628909186 0.19246403904684706 25
1694628910535 0.3623713281842743 26
1694628911900 0.617089564681222 27
1694628913239 0.9074409119845505 28
1694628914568 1.1953616268629323 29
1694628915773 1.453018240339003 30
1694628917132 1.661698260245647 31
1694628918516 1.8105625742960179 32
1694628919942 1.8953356822948875 33
1694628921300 1.9169978621823305 34
1694628922679 1.8805310523842198 35
1694628924025 1.793758170255716 36
1694628925424 1.666304223368281 37
1694628927087 1.5086972341566443 38
1694628928502 1.3316179115852758 39
1694628929891 1.1452992950611733 40
1694628931218 0.9590713140619211 41
1694628932580 0.781018644084521 42
1694628934081 0.6178382185116086 43
1694628935366 0.474709416849033 44
1694628936753 0.35528847430674115 45
1694628938306 0.2617748161379965 46
1694628939643 0.19502051673733564 47
1694628940997 0.15469965166116065 48
1694628942430 0.13950378036503475 49
1694628943937 0.1473378173391266 50
1694628945552 0.17551673965741815 51
1694628946957 0.22096970525790943 52
1694628948232 0.2803781096995965 53
1694628949689 0.3503515721589761 54
1694628951004 0.4275621184392552 55
1694628952359 0.508854681927858 56
1694628953698 0.5913335688500422 57
1694628955034 0.6724255827700715 58
1694628956459 0.7498952324621375 59
1694628957800 0.821919997963645 60
1694628959102 0.8870715652121718 61
1694628960400 0.9443042007409078 62
1694628961903 0.9929448546538873 63
1694628963214 1.0326214786231265 64
1694628964549 1.0632539832857115 65
1694628965892 1.0850136005542688 66
1694628967229 1.098271358562472 67
1694628968583 1.1035786634520552 68
1694628969987 1.101615679631213 69
1694628971237 1.093139260788873 70
1694628972558 1.0789595604086966 71
1694628973961 1.0599154250196123 72
1694628975236 1.0368375378067767 73
1694628976573 1.01053062051324 74
1694628977958 0.9817657012794647 75
1694628979277 0.9512562324088242 76
1694628980603 0.9196412980649389 77
1694628982019 0.8874984271355305 78
1694628983311 0.8553462665907626 79
1694628984689 0.8236214999610616 80
1694628986207 0.7926919640434448 81
1694628987558 0.7628422801379192 82
1694628988952 0.7343105359676683 83
1694628990425 0.7072971900838347 84
1694628991788 0.6819353880008021 85
1694628993076 0.6583151475697244 86
1694628994467 0.6364678570834793 87
1694628995823 0.6164136086907883 88
1694628997160 0.5981483861558463 89
1694628998557 0.5816633222306562 90
1694628999884 0.566910318135652 91
1694629001393 0.5538292167906357 92
1694629002706 0.5423507624217931 93
1694629004222 0.5323990668126883 94
1694629005945 0.5238724075593763 95
1694629007488 0.5166866261448698 96
1694629008753 0.5107584456197033 97
1694629010178 0.5060209805866653 98
1694629011494 0.5023857086585148 99
