1694713208147 -2.234111704243788 0
1694713209413 -0.10822389164441959 1
1694713210417 -1.0270604436016812 2
1694713211304 0.5292019440831068 3
1694713212186 0.5690387988184005 4
1694713213183 0.4683333047120959 5
1694713214196 0.3581271175948443 6
1694713215029 0.6680922759620567 7
1694713215901 0.1305802247038057 8
1694713216737 0.7019767029009216 9
1694713217674 0.3993891758479321 10
1694713218575 -1.4665212434280375 11
1694713219447 0.49932459166696497 12
1694713220592 0.6635806202369285 13
1694713221433 0.4797902538749471 14
1694713222254 0.5839415438089226 15
1694713223080 -0.430769040174771 16
1694713223881 0.2390621653382684 17
1694713224716 0.7294656003929374 18
1694713225615 -0.7845803363269312 19
1694713226406 0.3777466614242172 20
1694713227210 0.2909806843111058 21
1694713228042 0.010737391827312037 22
1694713228891 0.6970846595351079 23
1694713229764 0.44287307058727066 24
1694713230560 0.3454370864049978 25
1694713231327 -0.04983974319161821 26
1694713232146 0.7798830832229048 27
1694713233088 0.31564127909444806 28
1694713233927 0.6896983300766066 29
1694713234647 0.3522935298811579 30
1694713235499 0.006338713068846924 31
1694713236307 0.31032930695063465 32
1694713237276 0.6419386443301167 33
1694713238156 0.30451395605285525 34
1694713238975 0.24119187549584575 35
1694713240017 0.6650806733987759 36
1694713241098 -0.33025360786727953 37
1694713243092 0.7333358076437156 38
1694713244857 -0.15835538117153236 39
1694713248058 -0.8637911253470849 40
1694713250037 -0.018807632845658118 41
1694713252185 0.4784839242094614 42
1694713254097 0.09482808939635956 43
1694713255597 0.4811767916409381 44
1694713257252 0.48382126412285864 45
1694713258808 0.5966957559857837 46
1694713260275 0.42807009180025535 47
1694713261866 0.48542627040165587 48
1694713263118 0.45835892099354514 49
1694713263940 0.1931855690464097 50
1694713264703 0.8436212079336555 51
1694713265495 0.7320137410371119 52
1694713266271 0.1945881570607979 53
1694713267039 0.5416010067294476 54
1694713268282 0.6508234998746686 55
1694713269333 0.501189282036517 56
1694713270133 0.2979899021226341 57
1694713270877 0.15455070572839325 58
1694713271609 -1.0108348448307107 59
1694713272385 0.4103989420735663 60
1694713273102 0.068016270347387 61
1694713273815 0.42844173023032306 62
1694713274560 0.4028718012582513 63
1694713275411 0.7502881916406289 64
1694713276156 0.4357161020956254 65
1694713276979 0.5583332283337974 66
1694713277930 0.39689756937387544 67
1694713278885 0.585305895870483 68
1694713280023 0.6589367891336491 69
1694713281199 0.4725326297801802 70
1694713282358 0.4503756643837098 71
1694713283612 0.4235924938981439 72
1694713284895 0.48509786006324185 73
1694713285776 0.4043365874521202 74
1694713286526 -0.2734029174711239 75
1694713287267 0.2832262101359435 76
1694713288132 0.521202918513161 77
1694713289126 0.24037120450280625 78
1694713290238 0.39274333099962955 79
1694713291171 -0.22336049217480802 80
1694713292139 -1.346559268203507 81
1694713293328 0.01365331263440539 82
1694713294490 0.272733872356266 83
1694713295968 0.29369701712036755 84
1694713297185 -0.16548725906515016 85
1694713298340 -1.1313796352045338 86
1694713299427 0.16055854386607837 87
1694713300524 0.7217327675530221 88
1694713301647 0.5732141223339071 89
1694713302461 0.26138990633255144 90
1694713303409 0.07488947743688856 91
1694713304341 0.08288624800872835 92
1694713305149 -5.194610129006778 93
1694713306191 0.2573143287319939 94
1694713307296 -0.3861470399216931 95
1694713308571 0.42613627725382 96
1694713309534 0.0784455625345798 97
1694713310556 0.5948649670628947 98
1694713311509 0.30068392832235336 99
1694713312620 -0.9573399847996704 100
1694713313867 0.24510802894380102 101
1694713314903 0.3117961921617731 102
1694713315831 0.18678564840916034 103
1694713316645 -0.05898834501592831 104
1694713317426 0.6974964780088488 105
1694713318248 0.35759697984002015 106
1694713319009 -0.5238998851243226 107
1694713319810 -0.11891662341835141 108
1694713320676 0.49463754681077965 109
1694713321812 0.4769266788874048 110
1694713322715 -0.06069587585465008 111
1694713323747 0.3542473416654095 112
1694713324828 0.5008696073778744 113
1694713326133 0.5835171484867627 114
1694713327430 0.294382975715454 115
1694713328536 -0.8165846718522494 116
1694713329558 0.8319493939911209 117
1694713330485 0.2709414840591967 118
1694713331598 0.6473456371525401 119
1694713332471 0.17168443300215264 120
1694713333469 0.6093036803173534 121
1694713334441 0.10492229559057331 122
1694713335283 0.10409676149974001 123
1694713336359 0.2352307041609828 124
1694713337220 0.5296232919195248 125
1694713338044 -0.46159125848057325 126
1694713338899 -0.25059755878488055 127
1694713339708 -7.744258071621703 128
1694713340653 0.6860431297986371 129
1694713341606 0.1628116515730743 130
1694713342416 0.21731439584077228 131
1694713343212 -2.548055550215886 132
1694713344010 0.17359234353321196 133
1694713344809 -0.030151539085362167 134
1694713345629 0.5157756215822711 135
1694713346419 -0.2928673379123614 136
1694713347121 0.4973536084554968 137
1694713347842 0.13067795474836363 138
1694713348733 0.1322499428664795 139
1694713349898 0.2525856334140937 140
1694713351414 0.13811755523676528 141
1694713352606 -0.08009475641567332 142
1694713354067 0.06007770090441655 143
1694713355331 -1.2534812086682843 144
1694713356864 0.3830126565520522 145
1694713358064 0.6498742273374027 146
1694713359313 -0.3867071606495682 147
1694713360457 0.6821081385224281 148
1694713361687 0.31726936945316386 149
1694713362595 -0.6882596076560137 150
1694713363397 0.29586497850951365 151
1694713364291 -0.21911488002452129 152
1694713365110 0.11674881183939356 153
1694713365977 0.26394805448655667 154
1694713366801 0.8477725493899421 155
1694713367676 0.3322584818907902 156
1694713368848 0.3096939258882777 157
1694713369970 0.8197747829823928 158
1694713370923 0.47132445122135436 159
1694713372007 0.05946913081455574 160
1694713373079 0.24253570568552985 161
1694713374930 0.49250409132854034 162
1694713376063 0.6334947998705434 163
1694713377452 0.3089952465025203 164
1694713378561 0.5951544035432912 165
1694713379449 -0.02916722025104934 166
1694713380281 0.5733162856519247 167
1694713381177 0.1928928434502193 168
1694713382214 0.1987326911284807 169
1694713383624 0.49554733212911006 170
1694713384588 0.42091447919654956 171
1694713385836 0.9579347718203826 172
1694713387768 -0.11066823998773945 173
1694713389210 0.12071061428526753 174
1694713390188 -2.556645067765981 175
1694713390939 -0.1929380294577947 176
1694713391684 -0.7246156121709644 177
1694713392364 0.2687648682840752 178
1694713393011 -3.1888765545852804 179
1694713393667 0.5771804357053424 180
1694713394443 -0.839543519317066 181
1694713395147 0.138518582427827 182
1694713395886 0.6539073586042639 183
1694713396919 0.6834183496946233 184
1694713397964 0.2895145770063564 185
1694713399048 0.29275327251623473 186
1694713400217 0.39219145523996046 187
1694713401244 0.18274716685919268 188
1694713402431 0.6295391542270923 189
1694713403438 0.575636315821534 190
1694713404694 0.8044850121460269 191
1694713405763 0.3004341033693314 192
1694713406678 0.4841448049888226 193
1694713407785 0.3081538113583191 194
1694713408622 0.6192012874452071 195
1694713409732 -0.6082627359074939 196
1694713410769 0.29330718871216543 197
1694713411621 0.8435238105922246 198
1694713412648 0.5229584977680841 199
1694713413640 0.26670560915127006 200
1694713414765 0.35701539878615707 201
1694713416302 0.49656080585381956 202
1694713417453 0.5829503851176574 203
1694713418582 -0.5213966952489004 204
1694713420059 0.6216703707272102 205
1694713421334 0.08645179002302639 206
1694713422508 0.29890489651331387 207
1694713423365 0.3731920897080977 208
1694713424276 0.09338268765013491 209
1694713425216 0.047210084201440794 210
1694713426433 0.38084451099740924 211
1694713427633 0.2919705966930375 212
1694713429187 0.6343767928181885 213
1694713431874 0.8467926844095488 214
1694713433030 0.13137017906678405 215
1694713434121 -0.024538700374563405 216
1694713435423 -1.7537177181796237 217
1694713436563 0.836096572214404 218
1694713437458 0.017039078036777178 219
1694713438250 -0.2059832478199719 220
1694713438979 -0.06287810556625262 221
1694713439644 0.2899294984142252 222
1694713440380 0.15369661069532914 223
1694713441283 0.8401916376208578 224
1694713442797 -1.6695391317642505 225
1694713444038 -0.3730265878867174 226
1694713445006 0.5889259911257849 227
1694713445938 0.309688712460055 228
1694713446814 0.6986930086599288 229
1694713448095 -0.41992254646761706 230
1694713449042 -0.6589791367760549 231
1694713449770 -0.3914419346044722 232
1694713450449 -1.4689567480721175 233
1694713451334 0.5610052977758236 234
1694713452359 0.5485158503856169 235
1694713453255 0.6096808782654433 236
1694713454375 0.37463130309087045 237
1694713455592 0.08912083338341636 238
1694713456610 -0.07946612567002664 239
1694713457978 0.5555670280910854 240
1694713459514 0.5290095601096066 241
1694713460818 -0.0010327974901938042 242
1694713462141 -1.3893706605333103 243
1694713463952 -0.4092105358143776 244
1694713465206 0.43211677542940197 245
1694713466379 0.612021145112903 246
1694713467223 0.35065394076378054 247
1694713468052 0.27931719602463556 248
1694713468928 0.2940031863172191 249
1694713469791 0.46513428447587646 250
1694713470585 0.38620315035534936 251
1694713471560 -0.10560316197597386 252
1694713472523 0.6005847158645023 253
1694713473652 0.19533508319896364 254
1694713474643 -0.6102697153763306 255
1694713475600 0.6000038631495854 256
1694713476637 0.20790651921008696 257
1694713477587 0.17901445309131137 258
1694713478432 -0.17707081062540153 259
1694713479280 0.42875372664414735 260
1694713480054 0.3768993245293518 261
1694713480999 -0.6947438809049613 262
1694713482038 0.35317323416010704 263
1694713483045 -0.8322886880689815 264
1694713483973 0.4110218520323531 265
1694713484902 0.2081430154434296 266
1694713485814 0.1690176767678958 267
1694713486773 -0.08880299646566292 268
1694713487882 -1.2971207261486914 269
1694713489039 -0.16628103481252032 270
1694713490284 -0.3628088719248814 271
1694713491660 0.38111006151218674 272
1694713492811 0.16352534031781119 273
1694713493815 0.06162882202064657 274
1694713495059 0.42083396881691104 275
1694713496053 0.21188963523209925 276
1694713497050 0.5917160862455154 277
1694713497907 0.5089001964282105 278
1694713498787 0.33832760140489126 279
1694713499632 0.6532348529335104 280
1694713500348 -0.07739219514650086 281
1694713501062 0.048829521073763704 282
1694713502182 0.2945694931676366 283
1694713503351 0.47122052762823996 284
1694713504521 0.3256318316229413 285
1694713505581 -0.18414156161294937 286
1694713506534 -0.43407471210043824 287
1694713507629 -0.7758413799715089 288
1694713508730 0.7074181642652853 289
1694713509971 0.22657719558205824 290
1694713511053 0.3660171812639652 291
1694713512122 0.5606423772173763 292
1694713514172 -0.013654373786711194 293
1694713515982 0.014564844832612334 294
1694713516967 0.20346159509755435 295
1694713518020 -0.9217235226437841 296
1694713519058 0.3580532560177382 297
1694713520124 0.08701412042375767 298
1694713521312 0.4018019538941575 299
1694713522459 -2.0322075186846686 300
1694713523657 -0.31009185046911947 301
1694713524675 0.6222877986786558 302
1694713525733 0.11230141541506666 303
1694713526761 0.7401657517546474 304
1694713527797 0.7631018542863192 305
1694713528800 -0.018036421257627833 306
1694713529771 0.5442004518048393 307
1694713530873 0.40131949864490746 308
1694713531843 0.21940862183668275 309
1694713532861 0.7538416267643733 310
1694713533954 0.43957980988342815 311
1694713534944 -0.1267012978130173 312
1694713536025 0.6483897128807956 313
1694713536956 0.17428834703776586 314
1694713538082 -0.191852406404595 315
1694713539075 -0.5821315067793924 316
1694713540160 0.5355783332459693 317
1694713541218 0.6968525060561761 318
1694713542253 -0.20366900090917617 319
1694713543372 0.6153712061378525 320
1694713544472 0.5288465081974117 321
1694713545491 0.5358384247446821 322
1694713546673 0.6874795629582542 323
1694713547672 0.7590187116074365 324
1694713548820 -0.13375880985185384 325
1694713549901 0.42038347917006635 326
1694713551128 0.6159525005810615 327
1694713552196 0.3861230460253299 328
1694713553333 0.5515010542348708 329
1694713554551 0.7362354130931823 330
1694713556537 -0.23168249710742383 331
1694713557786 0.12449662774335046 332
1694713559420 0.4285549615724574 333
1694713560769 0.47164300792073577 334
1694713562429 0.28917606907430493 335
1694713563451 0.40404010844326443 336
1694713564727 0.4106201260183844 337
1694713565717 0.2057227845916738 338
1694713566908 0.048671649357364344 339
1694713568011 0.8144779951107242 340
1694713569100 0.48835678752904366 341
1694713570103 0.551862451238833 342
1694713571181 0.6452272334144942 343
1694713572182 0.32989183883196194 344
1694713573354 0.002793882389536595 345
1694713574561 0.09132855984898791 346
1694713575769 0.03258187891214426 347
1694713576802 -0.32853961507446927 348
1694713577864 -0.019170303460550153 349
1694713578893 0.6742162897089068 350
1694713580010 0.6687468107030843 351
1694713580974 -0.30309395899225167 352
1694713582108 -1.2974033569899261 353
1694713583090 -1.7563963846106052 354
1694713584189 -0.37661827324442365 355
1694713585205 -0.1322437746653442 356
1694713586319 0.4079234192151474 357
1694713587407 -0.009093280952919836 358
1694713588472 0.02109447248580798 359
1694713589519 -1.4203027239808446 360
1694713590599 0.3214439215119286 361
1694713591627 -0.20379712291078933 362
1694713592717 0.5658370043374543 363
1694713593689 -0.02489496393888646 364
1694713594878 0.4438390790975263 365
1694713595857 0.45290688609396723 366
1694713596944 -1.2110529714498126 367
1694713598086 0.08249557822727649 368
1694713599210 0.42594738966137136 369
1694713600235 0.7964339699763213 370
1694713601532 0.7163834189000081 371
1694713602775 0.6640944778508058 372
1694713603821 0.4830643070063869 373
1694713604970 0.16478757967496693 374
1694713606162 0.709732177409572 375
1694713607329 -1.7767609840527392 376
1694713608522 0.37666614687138933 377
1694713609552 0.45602863757418555 378
1694713610800 0.6511790579049399 379
1694713612213 0.25343539371999524 380
1694713613423 -0.4461706069641871 381
1694713614754 -0.5058685691885412 382
1694713616381 0.3373827343288819 383
1694713617737 0.18638558867377053 384
1694713619062 0.47608502538711106 385
1694713620693 0.7084268428982026 386
1694713622319 -1.2201650399937773 387
1694713623476 0.6162422577332329 388
1694713624696 0.34859077713999775 389
1694713625837 0.659068411924614 390
1694713626929 0.33723602017338206 391
1694713628028 -4.430307960874663 392
1694713629099 0.5558068109378558 393
1694713630091 0.3272668314359132 394
1694713631290 0.5506231192424356 395
1694713632224 0.1039503382608905 396
1694713633320 0.40612860660715666 397
1694713634330 0.14389376970066303 398
1694713635379 0.698275298391767 399
1694713636439 0.42852452243550165 400
1694713637487 0.725982582999241 401
1694713638649 0.061835669678423355 402
1694713639732 -1.482913557187317 403
1694713640722 0.5821244483018355 404
1694713641811 0.6536624923019287 405
1694713642809 0.7252084744236365 406
1694713644061 0.6296882701594795 407
1694713645158 -0.27525079950788944 408
1694713646302 0.7977872372909355 409
1694713647397 -0.47295840356934615 410
1694713648486 0.5874793366548774 411
1694713649522 0.8854327860716901 412
1694713650635 -0.11216567184117454 413
1694713651754 -0.1548872806547219 414
1694713652829 0.6608481865954415 415
1694713653877 -2.520827517494001 416
1694713655124 0.28316776459278614 417
1694713656152 0.8258409984559185 418
1694713657227 -0.8810856869466175 419
1694713658251 0.3429543384196676 420
1694713659436 0.25938002162801443 421
1694713660420 0.05642216119000454 422
1694713661531 0.27627557353860477 423
1694713662542 -0.12905664774330772 424
1694713663645 0.8073049767306173 425
1694713664675 0.7334608443845948 426
1694713665773 0.5216090475994433 427
1694713666988 0.5054893782811708 428
1694713668035 0.355432818236718 429
1694713669218 0.3642169832341664 430
1694713670308 0.5711848252612579 431
1694713671354 0.2962137074710728 432
1694713672589 0.6295989525848338 433
1694713673617 0.21720078841985013 434
1694713675209 -0.40575917699113395 435
1694713676726 -0.02799449041652813 436
1694713678027 0.3465213368860388 437
1694713679442 0.7573761442848556 438
1694713680858 0.07861764289562956 439
1694713682513 0.6791507102119769 440
1694713683910 0.5928861088749777 441
1694713684940 0.453171898771201 442
1694713686045 0.5232150581655842 443
1694713687105 0.04051995518488871 444
1694713688271 -0.29455606683262103 445
1694713689362 -0.06511061749113933 446
1694713690546 -0.5990958272012994 447
1694713691512 0.22365924440466256 448
1694713692591 0.4205718908892211 449
1694713693543 -0.08353415797565145 450
1694713694652 -0.40050373791445604 451
1694713695691 0.15360289275819172 452
1694713696717 0.5041875189016463 453
1694713697763 0.3581536662588526 454
1694713698851 0.06815214521525459 455
1694713699858 0.7648997058772744 456
1694713700905 0.31168791055532785 457
1694713701880 -0.47194842197522924 458
1694713702996 -0.07551143301710939 459
1694713703964 0.8574606569122495 460
1694713705078 0.6353390227366451 461
1694713706119 0.05700266769423323 462
1694713707195 -0.6307808595198336 463
1694713708236 0.42680717412766744 464
1694713709376 0.6444767927385544 465
1694713710455 0.09077017770371487 466
1694713711534 0.1921279077227488 467
1694713712539 0.2150611646450843 468
1694713713631 0.32194387238251343 469
1694713714700 0.3769625073260724 470
1694713716103 -2.731087936993905 471
1694713717278 0.6342584910514761 472
1694713718475 0.563098447147157 473
1694713719526 0.2562541172831868 474
1694713720605 0.6455546116482074 475
1694713721587 0.5492993534913896 476
1694713722703 0.13925799122947635 477
1694713723736 0.747262564867101 478
1694713724777 -7.154446001658581 479
1694713725836 0.07078570734608791 480
1694713726933 0.32628491811098437 481
1694713728066 0.5985451138479327 482
1694713729102 0.42156582043807866 483
1694713730201 0.3967601918125284 484
1694713731390 -1.7814577444133475 485
1694713732321 0.4532696427460382 486
1694713733525 0.33854778340722946 487
1694713734697 0.34872694640836077 488
1694713736488 0.1844442727997353 489
1694713737996 0.2661649704093455 490
1694713739348 0.46135179069139365 491
1694713740703 0.0853432649794742 492
1694713742283 0.6609492851206279 493
1694713743415 0.6646458977112439 494
1694713744594 0.5830042074149095 495
1694713745562 -0.2425397036988186 496
1694713746795 0.4276672834464422 497
1694713747811 -0.05762060997351237 498
1694713748847 0.2530412309674017 499
