1694670874632 168.88250244645917 0
1694670875983 136.8314587842399 1
1694670877321 111.41483446686247 2
1694670878546 91.2076188258565 3
1694670879823 75.09764139098337 4
1694670881132 62.21604000278333 5
1694670882411 51.8832883684516 6
1694670883696 43.567288375658116 7
1694670884993 36.85081897016487 8
1694670886280 31.40624269610588 9
1694670887553 26.975843040867456 10
1694670888881 23.35653145834191 11
1694670890098 20.38794632653202 12
1694670891367 17.943185686448505 13
1694670892636 15.921585782904048 14
1694670893942 14.24308931744248 15
1694670895371 12.843849552735056 16
1694670896682 11.672795656024302 17
1694670898008 10.688946110824743 18
1694670899260 9.85930466931201 19
1694670900606 9.157210267739652 20
1694670901775 8.56104098938842 21
1694670903044 8.053194397716162 22
1694670904204 7.619283820570428 23
1694670905454 7.247503563467301 24
1694670906641 6.92812643309128 25
1694670907971 6.653105033284499 26
1694670909232 6.415754575664879 27
1694670910588 6.210499829327189 28
1694670911951 6.032672631783406 29
1694670913267 5.878349339024245 30
1694670914617 5.744219894482108 31
1694670916112 5.627481990672062 32
1694670917339 5.525755196579249 33
1694670918593 5.437011016279226 34
1694670919826 5.359515697985814 35
1694670921117 5.291783280635918 36
1694670922425 5.232536888335039 37
1694670923751 5.180676693422839 38
1694670925074 5.135253291383595 39
1694670926354 5.095445484609784 40
1694670927792 5.060541672133438 41
1694670929096 5.029924200547279 42
1694670930367 5.003056156543153 43
1694670931613 4.979470180887837 44
1694670932984 4.958758962766898 45
1694670934240 4.94056713657395 46
1694670935594 4.924584353780511 47
1694670936834 4.910539343131376 48
1694670938201 4.898194805141296 49
1694670939451 4.887343013343996 50
1694670940795 4.877802016240092 51
1694670942085 4.869412351410215 52
1694670943469 4.862034197595728 53
1694670944768 4.855544902327902 54
1694670946051 4.849836832402738 55
1694670947348 4.84481550254693 56
1694670948651 4.840397944313979 57
1694670949918 4.836511282838366 58
1694670951246 4.833091493761006 59
1694670952554 4.830082316581234 60
1694670953838 4.827434304019991 61
1694670955228 4.825103989800281 62
1694670956542 4.823053159649874 63
1694670957788 4.821248212377496 64
1694670959038 4.81965959962387 65
1694670960445 4.8182613343905265 66
1694670961689 4.817030559739999 67
1694670963047 4.815947170174022 68
1694670964370 4.814993479157303 69
1694670965757 4.814153927086297 70
1694670967262 4.813414824723476 71
1694670968580 4.812764127743932 72
1694670969879 4.812191238585561 73
1694670971239 4.811686832268379 74
1694670972654 4.811242703261945 75
1694670973925 4.81085163084053 76
1694670975283 4.810507260680935 77
1694670976602 4.810204000733403 78
1694670977996 4.809936929637066 79
1694670979287 4.809701716162527 80
1694670980676 4.809494548349042 81
1694670981975 4.80931207116588 82
1694670983259 4.809151331669464 83
1694670984504 4.809009730752775 84
1694670985799 4.808884980692735 85
1694670987022 4.808775067797425 86
1694670988349 4.808678219539465 87
1694670989556 4.808592875635726 88
1694670990962 4.808517662598951 89
1694670992254 4.80845137134384 90
1694670993548 4.808392937480565 91
1694670994831 4.808341423972816 92
1694670996219 4.808296005876349 93
