1694679692170 168.83772543452676 0
1694679693389 136.80446337760878 1
1694679694791 111.07991439240014 2
1694679696505 90.21754069151469 3
1694679697921 73.29462661528166 4
1694679699007 59.56850611171511 5
1694679700099 48.432387248920456 6
1694679701210 39.39476179374144 7
1694679702339 32.061184684227776 8
1694679703412 26.108247258015627 9
1694679704514 21.273831476736653 10
1694679705630 17.34872463949058 11
1694679706743 14.16030753847995 12
1694679707859 11.568508012987943 13
1694679708992 9.462692488087287 14
1694679710144 7.7504888283522595 15
1694679711231 6.356767564475719 16
1694679712377 5.223397876986397 17
1694679713507 4.299942730429079 18
1694679714830 3.548278303902273 19
1694679716155 2.9357195152454616 20
1694679718159 2.435347330826744 21
1694679719629 2.0276365819970974 22
1694679721516 1.6940550335195133 23
1694679723231 1.4218569659152724 24
1694679725393 1.1987230224152214 25
1694679727366 1.0163326945229079 26
1694679729630 0.866929711740783 27
1694679731308 0.7436691358838537 28
1694679732519 0.6429112748302215 29
1694679733693 0.5595153167199974 30
1694679734835 0.49119247149087375 31
1694679735957 0.43443285388627456 32
1694679737192 0.3878113984728698 33
1694679738414 0.3489170705976487 34
1694679739529 0.31687494724195936 35
1694679740727 0.2900168190436169 36
1694679742167 0.26781657291924965 37
1694679743302 0.24943521991262196 38
1694679744408 0.23353824513407326 39
1694679745530 0.2206492414610024 40
1694679746607 0.20941003661781524 41
1694679747714 0.20028118842255646 42
1694679748795 0.19225059352616558 43
1694679749899 0.18571640094409878 44
1694679751030 0.1799147346577728 45
1694679752188 0.17518671050137158 46
1694679753294 0.17094772392431112 47
1694679754386 0.16748907998342855 48
1694679755514 0.16435659965328006 49
1694679756827 0.161799275626131 50
1694679758064 0.15975772442875502 51
1694679759161 0.15750077856754244 52
1694679760260 0.15598023156359572 53
1694679761416 0.15427105246121553 54
1694679762657 0.15312665284974405 55
1694679763809 0.1518187956768869 56
1694679764960 0.15094958601976727 57
1694679766079 0.14993914263556515 58
1694679767190 0.14927383099283514 59
1694679768317 0.14848621401683704 60
1694679769401 0.14797377716067434 61
1694679770496 0.14735482544893572 62
1694679771576 0.14695825254825798 63
1694679772686 0.14646819062742117 64
1694679773807 0.14616027945435858 65
1694679774930 0.14576957627066575 66
1694679776084 0.1455300802852744 67
1694679777227 0.1454896937385983 68
1694679778768 0.1449864225395818 69
1694679780184 0.14496141677064311 70
1694679781451 0.14456861800894139 71
1694679783588 0.14455371525131372 72
1694679785847 0.144243822272276 73
1694679787254 0.14423604927453365 74
1694679788683 0.14398910837567014 75
1694679790054 0.1439866899715349 76
1694679791475 0.14378803986035146 77
1694679792728 0.14378982260999276 78
1694679793842 0.14362855134900798 79
1694679795038 0.14363370922948007 80
1694679796306 0.14350160567143297 81
1694679797925 0.14350949349453274 82
1694679799546 0.14340032019374158 83
1694679801562 0.14341040270393146 84
1694679802939 0.14359256009736904 85
1694679804094 0.14328755765755516 86
1694679805428 0.14343949111415863 87
1694679806676 0.1432042083913589 88
1694679807752 0.14333051265061308 89
1694679808914 0.1431461627317272 90
1694679810467 0.14325143367331314 91
1694679811824 0.14310481687815485 92
1694679813119 0.14319313340931078 93
1694679814351 0.1430748260143364 94
1694679816773 0.1431495970834367 95
1694679820047 0.14305277726538 96
1694679824384 0.1431167561545676 97
1694679828091 0.14303642611537987 98
1694679830695 0.14309179161834348 99
1694679832323 0.14302425144011158 100
1694679834185 0.14307270705769898 101
1694679835907 0.14328935615953173 102
1694679837604 0.1430143926673065 103
1694679841752 0.14319424143739887 104
1694679847041 0.1429831448006368 105
1694679849650 0.1431320659315951 106
1694679852659 0.14296719646837197 107
1694679855676 0.1430908089731674 108
1694679858551 0.1429598850547844 109
1694679862409 0.14306308910112484 110
1694679865646 0.14295742332134434 111
1694679868333 0.14304428845365377 112
1694679870193 0.14295765060484836 113
1694679871855 0.1430314623605257 114
1694679873089 0.14295933066585842 115
1694679874461 0.14302269726973826 116
1694679875768 0.14296175524694002 117
1694679877496 0.14301672705469134 118
1694679879197 0.1432392366163524 119
1694679880533 0.14296901082322142 120
1694679881786 0.14315363780986 121
