1694628094597 168.54379126551402 0
1694628095748 165.19807082103898 1
1694628097142 158.97283858782845 2
1694628098528 150.3906707711614 3
1694628099973 139.99561320171782 4
1694628101497 128.3240918909732 5
1694628102826 115.88181085411796 6
1694628104317 103.12651531263903 7
1694628105794 90.45625996883106 8
1694628107175 78.20264489736027 9
1694628108455 66.62836214485007 10
1694628109811 55.92832884684175 11
1694628111146 46.23366072064796 12
1694628112411 37.617755571342286 13
1694628113699 30.10380208540018 14
1694628114946 23.67309695042473 15
1694628116290 18.27363596210261 16
1694628117565 13.82853569932899 17
1694628119023 10.243935873758689 18
1694628120313 7.416123862762231 19
1694628121709 5.237708481962645 20
1694628122995 3.6027469879395766 21
1694628124918 2.4107957815363767 22
1694628126788 1.5699102908353562 23
1694628128287 0.9986627480230612 24
1694628129806 0.6272783260502656 25
1694628131165 0.3980111255901094 26
1694628132420 0.26489289995225446 27
1694628133681 0.1929905028778191 28
1694628135088 0.15730429322899578 29
1694628136691 0.1414306176886369 30
1694628138110 0.1360984641881709 31
1694628140218 0.13767478341640724 32
1694628142207 0.1467160212809908 33
1694628143716 0.16662613059345793 34
1694628145563 0.20246459053017118 35
1694628147672 0.2599324247167768 36
1694628149554 0.34455035776823567 37
1694628151199 0.4610314006982949 38
1694628153927 0.612840470937996 39
1694628155727 0.8019261656450023 40
1694628157174 1.0286044434735702 41
1694628158594 1.2915705727544875 42
1694628159863 1.5880140556933264 43
1694628161150 1.9138110825471295 44
1694628162438 2.2637701309016585 45
1694628163718 2.6319083239108907 46
1694628165349 3.0117388284812643 47
1694628166618 3.3965526611082186 48
1694628167845 3.7796815545207085 49
1694628169119 4.15473183425942 50
1694628170384 4.515782407669917 51
1694628171818 4.857542860796274 52
1694628173136 5.1754702076352945 53
1694628174379 5.465844988898824 54
1694628175657 5.7258091494286685 55
1694628177181 5.953369434008859 56
1694628178775 6.147370949069068 57
1694628180059 6.307446075988229 58
1694628181330 6.4339441341808605 59
1694628182578 6.527847129183854 60
1694628183894 6.590676635870092 61
1694628185224 6.624396413038778 62
1694628186496 6.631314773926655 63
1694628187773 6.6139900943724514 64
1694628189080 6.575142167629263 65
1694628190408 6.517571446987814 66
1694628191721 6.444087582559125 67
1694628192960 6.357448078167095 68
1694628194193 6.260307383310923 69
1694628195542 6.1551763026973205 70
1694628196940 6.044391255866845 71
1694628198466 5.9300926515345855 72
1694628200148 5.814211451496133 73
1694628201655 5.698462880700413 74
1694628203200 5.584346184869927 75
1694628204830 5.473149335224299 76
1694628206176 5.365957621308283 77
1694628207519 5.263665147564019 78
1694628209025 5.166988347533661 79
1694628210825 5.07648074266789 80
1694628212937 4.992548292939606 81
1694628215434 4.915464807306305 82
1694628217473 4.845386998268942 83
1694628219394 4.782368872327131 84
1694628221211 4.72637524419896 85
1694628222940 4.67729424550759 86
1694628224346 4.634948767430356 87
1694628226053 4.59910683154984 88
1694628227617 4.5694909244699025 89
1694628228984 4.54578636077603 90
1694628230549 4.527648757078276 91
1694628232035 4.514710708828423 92
1694628233468 4.506587763088475 93
1694628234792 4.502883776170328 94
1694628236423 4.503195736700733 95
1694628238049 4.507118123676462 96
1694628239260 4.5142468567573895 97
1694628240418 4.52418288348119 98
1694628241568 4.536535436133311 99
