1694692298486 0.36272839086086145 0
1694692299648 0.09709737152955912 1
1694692300935 0.20893348671160558 2
1694692302054 0.14214673388146307 3
1694692303313 0.10035810424612421 4
1694692304521 0.19785813936685198 5
1694692305920 0.1390463583898517 6
1694692307084 0.1255273714652749 7
1694692308287 0.12661345176881647 8
1694692309496 0.1539807586378114 9
1694692310621 0.14190425427866385 10
1694692311753 0.16963814628842022 11
1694692312883 0.10173074067258377 12
1694692314001 0.12689419881096475 13
1694692315567 0.09975213568926052 14
1694692316938 0.18465661314873233 15
1694692318098 0.1020479496284626 16
1694692319474 0.12520198522472442 17
1694692320646 0.15325239868584126 18
1694692321769 0.15837135163394234 19
1694692322953 0.14099454253400265 20
1694692324218 0.13930703521637414 21
1694692325368 0.09658388570023603 22
1694692326560 0.09384462878708069 23
1694692327731 0.12167460566567773 24
1694692328913 0.15527724124586909 25
1694692330153 0.13657424542891805 26
1694692331356 0.13498999965295216 27
1694692332534 0.16393315204457778 28
1694692333717 0.12111303631006143 29
1694692334966 0.17499242044623167 30
1694692336229 0.1721928541520225 31
1694692337424 0.10129158280510907 32
1694692338685 0.15912633376598184 33
1694692339824 0.10758545092000026 34
1694692340988 0.13248911347980988 35
1694692342205 0.11923181671535853 36
1694692343655 0.1309028107291653 37
1694692344881 0.16824082390388148 38
1694692346082 0.19638055729424655 39
1694692347257 0.11634075193598548 40
1694692348495 0.11077916545359838 41
1694692349750 0.15028279853098403 42
1694692351073 0.1450607064262422 43
1694692352214 0.1737642760787761 44
1694692353360 0.14042824230251041 45
1694692354632 0.12760538018421583 46
1694692355915 0.10636207967794378 47
1694692357095 0.15223131138649132 48
1694692358280 0.08772562116872414 49
1694692359437 0.09226133905990197 50
1694692360593 0.08444217366884914 51
1694692361764 0.1114713639795382 52
1694692362936 0.11150230743455763 53
1694692364071 0.09486758092998422 54
1694692365277 0.17088123439140251 55
1694692366410 0.18835952087908475 56
1694692367623 0.1544667978145866 57
1694692368780 0.11303214655980588 58
1694692369915 0.13110457481485405 59
1694692371084 0.10426844654259558 60
1694692372225 0.18518470571461146 61
1694692373391 0.14057192010061828 62
1694692374650 0.13033379357186464 63
1694692376095 0.12901405451076894 64
1694692377239 0.2000623308612379 65
1694692378391 0.1086653899757375 66
1694692379753 0.1532150432686457 67
1694692380929 0.22175669002357476 68
1694692382072 0.1448473515798863 69
1694692383505 0.15140707213914717 70
1694692384764 0.15059402799424443 71
1694692385885 0.1502497393981612 72
1694692387023 0.12483026465256965 73
1694692388180 0.13930768090907292 74
1694692389292 0.10658058011926698 75
1694692390575 0.14568755939254602 76
1694692391835 0.1174686678881694 77
1694692392961 0.10264786454251384 78
1694692394134 0.12956520207758845 79
1694692395367 0.1268271779499037 80
1694692396677 0.17100658007765177 81
1694692397899 0.10478727054677905 82
1694692399200 0.15829158886467481 83
1694692400355 0.1240057992491683 84
1694692401546 0.08912469189204646 85
1694692402749 0.2118510115833728 86
1694692404004 0.13324521481195994 87
1694692405215 0.08079143106603881 88
1694692406423 0.07948231648613067 89
1694692407579 0.18099195409079183 90
1694692408777 0.11437398130128588 91
1694692409892 0.13701427264537708 92
1694692411272 0.16301502960066125 93
1694692412517 0.19143319426773026 94
1694692413646 0.15433804909719423 95
1694692414848 0.13255835701300683 96
1694692416128 0.21136830750784827 97
1694692417416 0.1565923729819841 98
1694692418680 0.17500494048758944 99
1694692419811 0.13505095284886842 100
1694692421005 0.11260443618090596 101
1694692422162 0.12327693052169827 102
1694692423357 0.1384659550675974 103
1694692424532 0.20968210117091027 104
1694692425716 0.1290633346375955 105
1694692426878 0.11787692209153368 106
1694692428073 0.08414908817237375 107
1694692429245 0.13275448260304745 108
1694692430439 0.21256867256357498 109
1694692431646 0.19895657829536656 110
1694692432794 0.1421213410995026 111
1694692433952 0.16583483174468427 112
1694692435425 0.13383127512907877 113
1694692436665 0.12912615578123707 114
1694692437894 0.11778827342012875 115
1694692439245 0.16239775855195077 116
1694692440507 0.17306717573380714 117
1694692441635 0.1800463270606564 118
1694692442829 0.12025848331739726 119
1694692444023 0.16943283532814823 120
1694692445146 0.10222611486801148 121
1694692446375 0.1744570422846414 122
1694692447666 0.09374849568273126 123
1694692448789 0.08362699532471822 124
1694692449975 0.1692097163057401 125
1694692451215 0.15285336378973047 126
1694692452538 0.25095471345450576 127
1694692453748 0.16479030278396706 128
1694692454988 0.17703962150496622 129
1694692456195 0.19802516204779952 130
1694692457477 0.17767727703691225 131
1694692458726 0.13321974363506695 132
1694692460084 0.12520104106836116 133
1694692461243 0.13364462613695244 134
1694692462393 0.20193678717496855 135
1694692463571 0.1229711872002824 136
1694692466271 0.1750837054388007 137
1694692468254 0.12555680238945144 138
1694692469929 0.1259226953787958 139
1694692471636 0.0956148632463621 140
1694692473496 0.17970421138570644 141
1694692475011 0.13580902032149136 142
1694692476743 0.15869549620653203 143
1694692478681 0.1153749814563958 144
1694692480449 0.1627951010242625 145
1694692482047 0.2000258271303568 146
1694692483652 0.10520396491844962 147
1694692485249 0.10726992691503909 148
1694692486978 0.17148416249166895 149
1694692488423 0.12919123421394976 150
1694692489928 0.09460789550984414 151
1694692491596 0.08681348056144637 152
1694692493132 0.19364203676287153 153
1694692494690 0.11852506025118363 154
1694692496432 0.15728080196090496 155
1694692497950 0.19843257655746974 156
1694692499963 0.11105234981744429 157
1694692501301 0.11079719703909627 158
1694692502929 0.16434064447108543 159
1694692504256 0.1655457994859979 160
1694692505751 0.1511708609435659 161
1694692507239 0.18380125917004211 162
1694692508705 0.1266991456796314 163
1694692510075 0.1448049646032586 164
1694692511739 0.1277126034217579 165
1694692513237 0.13059023982271986 166
1694692514909 0.1757402801977652 167
1694692516317 0.14698909384151876 168
1694692517899 0.11764540932235824 169
1694692519529 0.14737252235970086 170
1694692521105 0.15448826345504155 171
1694692522656 0.12373237869829252 172
1694692524214 0.16534132236805324 173
1694692525628 0.18270654073869858 174
1694692527386 0.1377201612230472 175
1694692529058 0.14691812520105424 176
1694692530482 0.1611011165873256 177
1694692531893 0.10840638842156725 178
1694692533139 0.09659372165357076 179
1694692534672 0.20007846512959856 180
1694692536072 0.1530502624630561 181
1694692537377 0.16106437199581372 182
1694692538685 0.12660463514834164 183
1694692540162 0.11878919323955409 184
1694692541409 0.10711397623369281 185
1694692542868 0.1765997820889284 186
1694692544176 0.16070192165219416 187
1694692545457 0.12699332995397372 188
1694692546729 0.11637984542502365 189
1694692548050 0.08959317601912463 190
1694692549582 0.12131328318056574 191
1694692551143 0.11554725884093267 192
1694692552684 0.1266317035836391 193
1694692554102 0.19974526069050913 194
1694692555601 0.12916253279369003 195
1694692557231 0.1284672570502061 196
1694692558676 0.11496614929255591 197
1694692560779 0.14690910249926023 198
1694692562338 0.11560264508061152 199
1694692563708 0.1380441037415466 200
1694692565273 0.1322302828239546 201
1694692566609 0.1844083884502796 202
1694692568062 0.18608839721006615 203
1694692569585 0.0850190656143858 204
1694692571009 0.14099974264339118 205
1694692572493 0.19450254956993526 206
1694692573963 0.12312135622639761 207
1694692575427 0.128114974231919 208
1694692576899 0.15581161957881107 209
1694692578406 0.18353331422453725 210
1694692580026 0.17788502311387208 211
1694692581524 0.19498131767963023 212
1694692583062 0.1254127833322098 213
1694692584459 0.17561225175508302 214
1694692585982 0.12614776617925866 215
1694692587386 0.11367399853189575 216
1694692589029 0.1633458350267143 217
1694692590436 0.17740230572670768 218
1694692591806 0.08439768151601626 219
1694692593628 0.11241420647406365 220
1694692595163 0.2231260288015495 221
1694692596661 0.11815789968271166 222
1694692598124 0.13625547450289044 223
1694692599497 0.11769359658259818 224
1694692601501 0.15415274866787096 225
1694692602947 0.09945169505095594 226
1694692604365 0.19336349288950472 227
1694692605926 0.15579547555693163 228
1694692607628 0.13645052599944682 229
1694692609228 0.09620390386426549 230
1694692610914 0.11058575616238082 231
1694692612631 0.09045284511270447 232
1694692614014 0.20866376612973483 233
1694692616122 0.14209455268115595 234
1694692617683 0.16157096938294233 235
1694692619646 0.11532400185906978 236
1694692621333 0.08893951916620807 237
1694692622798 0.14653047050124463 238
1694692624258 0.251141882476581 239
1694692625469 0.0935255161972029 240
1694692626909 0.15757060691801872 241
1694692628351 0.1422820101812178 242
1694692629623 0.10546643357950876 243
1694692630757 0.13402221148255042 244
1694692631870 0.12265143333469741 245
1694692632901 0.15716944315093914 246
1694692634020 0.11739124784732657 247
1694692635166 0.1264456450733269 248
1694692636319 0.1197903480792338 249
1694692637361 0.2008587813518715 250
1694692638434 0.1508553599286999 251
1694692639528 0.1873861189714728 252
1694692640767 0.08927374491917392 253
1694692641825 0.10899380350755218 254
1694692642950 0.09218300750233452 255
1694692644130 0.13049916067758377 256
1694692645266 0.18072959113006704 257
1694692646358 0.11371147130168675 258
1694692647468 0.11636538176424452 259
1694692648642 0.11221440550975009 260
1694692649804 0.1613677144993423 261
1694692650853 0.14119240916530562 262
1694692651859 0.11115416787977504 263
1694692652962 0.11599213595754643 264
1694692654157 0.1784358641386469 265
1694692655290 0.12813313761871717 266
1694692656456 0.17118873771302914 267
1694692657599 0.11920030770546565 268
1694692658666 0.192265044115116 269
1694692659781 0.1754048846968086 270
1694692660970 0.23114874917489678 271
1694692662173 0.121230777152722 272
1694692663327 0.1066872198592938 273
1694692664376 0.14357051715689345 274
1694692665389 0.12087345291883549 275
1694692666518 0.16778241852089215 276
1694692667622 0.11441927910725215 277
1694692668684 0.12656052552622873 278
1694692669774 0.2130213609426289 279
1694692670909 0.17155231528258502 280
1694692671989 0.1418467821704769 281
1694692673067 0.13958767349841775 282
1694692674233 0.11980522356873867 283
1694692675564 0.08405778579119777 284
1694692676894 0.15815279189441384 285
1694692678136 0.12083262892410894 286
1694692680510 0.1863851691684113 287
1694692682448 0.16382399765255864 288
1694692683887 0.09106978279937765 289
1694692685210 0.14208765607439117 290
1694692686875 0.1307960798070865 291
1694692688287 0.16413911616427485 292
1694692689451 0.11658324686456412 293
1694692690624 0.14282905238543286 294
1694692691993 0.1486067851824203 295
1694692693241 0.06522624714181262 296
1694692694653 0.14539612760003967 297
1694692695784 0.14065242820649027 298
1694692697137 0.12302031210796317 299
