1694704846937 170.05657050751373 0
1694704848669 169.71507567415898 1
1694704850887 169.37433655137153 2
1694704852751 169.03435139471208 3
1694704854612 168.6951184638683 4
1694704856894 168.35663602264512 5
1694704858455 168.0189023389546 6
1694704860017 167.68191568480623 7
1694704861854 167.34567433629704 8
1694704863107 167.01017657360177 9
1694704864693 166.6754206809632 10
1694704866150 166.34140494668216 11
1694704867788 166.008127663108 12
1694704869052 165.67558712662884 13
1694704870301 165.34378163766178 14
1694704872018 165.01270950064327 15
1694704873373 164.68236902401952 16
1694704874931 164.35275852023682 17
1694704876691 164.02387630573196 18
1694704878414 163.69572070092266 19
1694704880312 163.36829003019798 20
1694704882387 163.0415826219089 21
1694704884581 162.7155968083586 22
1694704886495 162.39033092579325 23
1694704888548 162.0657833143923 24
1694704890489 161.7419523182592 25
1694704892347 161.41883628541186 26
1694704893834 161.09643356777352 27
1694704895753 160.774742521163 28
1694704897963 160.45376150528566 29
1694704900252 160.13348888372386 30
1694704901586 159.81392302392783 31
1694704903071 159.49506229720637 32
1694704904465 159.17690507871748 33
1694704906029 158.8594497474592 34
1694704907603 158.54269468626038 35
1694704909539 158.22663828177147 36
1694704911272 157.9112789244555 37
1694704912776 157.59661500857874 38
1694704914099 157.28264493220163 39
1694704915590 156.96936709716977 40
1694704917157 156.65677990910478 41
1694704918628 156.34488177739513 42
1694704920004 156.03367111518733 43
1694704921591 155.7231463393768 44
1694704923131 155.41330587059878 45
1694704924507 155.1041481332196 46
1694704925894 154.7956715553275 47
1694704927411 154.4878745687238 48
1694704929305 154.18075560891407 49
1694704932136 153.87431311509908 50
1694704934078 153.56854553016606 51
1694704936506 153.26345130067995 52
1694704938777 152.95902887687424 53
1694704940903 152.6552767126426 54
1694704942876 152.3521932655298 55
1694704944608 152.04977699672304 56
1694704946374 151.7480263710433 57
1694704948232 151.4469398569365 58
1694704949623 151.14651592646493 59
1694704951058 150.8467530552985 60
1694704952530 150.54764972270607 61
1694704953707 150.24920441154688 62
1694704955167 149.951415608262 63
1694704956881 149.6542818028656 64
1694704958458 149.35780148893645 65
1694704960257 149.06197316360937 66
1694704961977 148.76679532756677 67
1694704963710 148.47226648503008 68
1694704966077 148.17838514375126 69
1694704969087 147.88514981500435 70
1694704971997 147.59255901357702 71
1694704973966 147.30061125776226 72
1694704976029 147.00930506934975 73
1694704977807 146.71863897361771 74
1694704979506 146.42861149932443 75
1694704982043 146.1392211786999 76
1694704983849 145.85046654743752 77
1694704985346 145.5623461446859 78
1694704986691 145.27485851304044 79
1694704988208 144.9880021985351 80
1694704989789 144.70177575063417 81
1694704991658 144.41617772222418 82
1694704993881 144.13120666960543 83
1694704996080 143.84686115248408 84
1694704998434 143.5631397339638 85
1694705000380 143.28004098053776 86
1694705002821 142.99756346208042 87
1694705004553 142.71570575183944 88
1694705006237 142.43446642642763 89
1694705008298 142.15384406581492 90
1694705010220 141.87383725332026 91
1694705012360 141.59444457560357 92
1694705014704 141.3156646226578 93
1694705016412 141.03749598780098 94
1694705017912 140.75993726766808 95
1694705019931 140.4829870622033 96
1694705021618 140.20664397465194 97
1694705023861 139.93090661155267 98
1694705025860 139.65577358272944 99
