1694623731061 168.54379126551402 0
1694623732535 154.73661687003528 1
1694623734050 132.63756957026226 2
1694623735422 109.18651520682056 3
1694623736839 90.13921497887719 4
1694623738186 78.39380922745214 5
1694623739485 73.65700664827186 6
1694623740936 73.29724792942112 7
1694623742152 73.83787011582756 8
1694623743600 72.4233758647708 9
1694623744971 67.73653185179116 10
1694623746268 60.14909833533939 11
1694623747615 51.212188506046566 12
1694623749063 42.81226099575791 13
1694623750410 36.37550947825942 14
1694623751786 32.40825093449955 15
1694623753220 30.478589630766333 16
1694623754420 29.559299715597163 17
1694623755794 28.532462566073143 18
1694623757139 26.634256437118022 19
1694623758460 23.68288009240738 20
1694623759783 20.043380434615123 21
1694623761255 16.390304071081136 22
1694623762604 13.393574140613294 23
1694623764011 11.458915948554074 24
1694623765408 10.610241617534653 25
1694623766939 10.533134700565803 26
1694623768546 10.735651422845487 27
1694623769860 10.7472764242579 28
1694623771299 10.27698009232639 29
1694623772768 9.280356333335103 30
1694623774072 7.927822050832027 31
1694623775566 6.5030962743050615 32
1694623777052 5.2809546627745565 33
1694623778439 4.431622061206018 34
1694623779805 3.9807152251303606 35
1694623781257 3.828234847063956 36
1694623782481 3.808260723381173 37
1694623783963 3.7599649194442115 38
1694623785462 3.582258498227115 39
1694623786804 3.255760519385232 40
1694623788161 2.83082723859059 41
1694623789452 2.392924923967891 42
1694623790768 2.0225964363960722 43
1694623792074 1.7657714705212437 44
1694623793553 1.6232123417369608 45
1694623795015 1.559085308517873 46
1694623796492 1.5215887649614404 47
1694623797793 1.4655063303930616 48
1694623799123 1.3678339396020887 49
1694623800541 1.2319399900136636 50
1694623801815 1.0808796718802995 51
1694623803127 0.944426278007449 52
1694623804527 0.8458777847072577 53
1694623805829 0.7936568484575973 54
1694623807041 0.7800100914689366 55
1694623808440 0.7860457915541621 56
1694623809717 0.7901284067151313 57
1694623811104 0.7759372463566461 58
1694623812455 0.7372783080901231 59
1694623813767 0.6784496997313076 60
1694623815068 0.6108019941915048 61
1694623816504 0.547406305920014 62
1694623817941 0.49808446791356287 63
1694623819257 0.4665144203700781 64
1694623820622 0.4500606934072975 65
1694623821825 0.4418786809754548 66
1694623823203 0.43410944446234095 67
1694623824506 0.42081524516255353 68
1694623825900 0.39965832729363143 69
1694623827218 0.37197024299453635 70
1694623828579 0.34150658767322106 71
1694623829859 0.3125970926077533 72
1694623831173 0.2884779924741728 73
1694623832539 0.2703701954055623 74
1694623833829 0.2574828598754037 75
1694623835217 0.24774878723492239 76
1694623836665 0.23886967952213123 77
1694623837990 0.22922090239369075 78
1694623839377 0.21830813864734272 79
1694623841106 0.20669626197488433 80
1694623842452 0.1955433292367745 81
1694623843988 0.18599432509969427 82
1694623845497 0.17869274950602765 83
1694623846924 0.17357476258286458 84
1694623848357 0.16997348121877237 85
1694623849714 0.16693929718511813 86
1694623851066 0.1636180102752938 87
1694623852519 0.1595351343584955 88
1694623853992 0.15469641035980475 89
1694623855267 0.14949838493646966 90
1694623856731 0.14451389627612707 91
1694623858020 0.14025168029412877 92
1694623859399 0.13698116066626234 93
1694623860913 0.1346735955816485 94
1694623862226 0.1330595263212999 95
1694623863599 0.13176066508990117 96
1694623865027 0.1304354256829171 97
1694623866398 0.12888384485660614 98
1694623867748 0.12708250754952544 99
