1694685271930 169.42924729476263 0
1694685273367 166.07910194472845 1
1694685274508 159.80870777563172 2
1694685275700 151.13615039404786 3
1694685276836 140.6000717786063 4
1694685278266 128.7324884276738 5
1694685279910 116.03730198843091 6
1694685281406 102.97421305352421 7
1694685282564 89.94760036718449 8
1694685283758 77.29982383261108 9
1694685284917 65.30834599667378 10
1694685286073 54.18603795481394 11
1694685287265 44.08403635302177 12
1694685288650 35.096542765978384 13
1694685289849 27.266999748682263 14
1694685291131 20.595134168769004 15
1694685292651 15.04442336598299 16
1694685293804 10.549609144725745 17
1694685295025 7.023955081919558 18
1694685296392 4.366011247403285 19
1694685298768 2.465714926472562 20
1694685302769 1.2097146293140943 21
1694685308349 0.48585643474902496 22
1694685310966 0.18681589125906115 23
1694685313312 0.21289504651266844 24
1694685315585 0.4740328022498909 25
1694685317603 0.8910980745097032 26
1694685319530 1.3965497683440957 27
1694685321432 1.9345560861759208 28
1694685323226 2.4606690049168813 29
1694685325118 2.9411487454300866 30
1694685326987 3.352028585814025 31
1694685328870 3.6780032712689894 32
1694685330696 3.9112153233061564 33
1694685332675 4.0500034479061515 34
1694685334732 4.09766659482135 35
1694685336718 4.061286541877832 36
1694685338500 3.950641585196369 37
1694685340288 3.7772343305986316 38
1694685341766 3.5534479362275952 39
1694685343060 3.2918376039965613 40
1694685344218 3.0045577391587575 41
1694685345524 2.7029200136833658 42
1694685346801 2.3970735510297643 43
1694685347973 2.095795528956706 44
1694685349247 1.806378575774399 45
1694685350540 1.5346002967959187 46
1694685351884 1.2847599830653063 47
1694685353332 1.0597678908088641 48
1694685354538 0.8612733061616501 49
1694685355781 0.6898188005988339 50
1694685356985 0.5450095231160933 51
1694685358369 0.4256879629622455 52
1694685359621 0.33010626303347623 53
1694685360894 0.2560897950071361 54
1694685362118 0.20118726376546914 55
1694685363390 0.1628040456484298 56
1694685364634 0.1383167507718283 57
1694685365789 0.12516811411432113 58
1694685366958 0.12094225373426304 59
1694685368101 0.1234210864825823 60
1694685369292 0.13062326818181522 61
1694685370473 0.1408274381884879 62
1694685371754 0.15258181327998216 63
1694685372947 0.1647023112636351 64
1694685374208 0.17626141036751752 65
1694685375303 0.18656988650045092 66
1694685376488 0.19515343656840053 67
1694685377867 0.20172601078922434 68
1694685379274 0.20616145732606012 69
1694685380984 0.20846484357670877 70
1694685382468 0.20874457297705726 71
1694685384014 0.20718617483760007 72
1694685385256 0.2040284159650555 73
1694685386677 0.19954217295474602 74
1694685388058 0.1940123174633125 75
1694685389390 0.18772270614122943 76
1694685391057 0.1809442333752908 77
1694685392716 0.17392579846122758 78
1694685393908 0.16688795818404356 79
1694685395069 0.16001897914318655 80
1694685396331 0.1534729690832113 81
1694685397716 0.14736975018680376 82
1694685399229 0.14179613678552616 83
1694685400954 0.13680829224280008 84
1694685402408 0.13243486195073612 85
1694685403983 0.1286806087276305 86
1694685405284 0.1255303109279291 87
1694685406520 0.12295272010035763 88
1694685407740 0.12090441219504491 89
1694685409172 0.11933340260091102 90
1694685410853 0.11818242949028905 91
1694685413028 0.11739184116760613 92
1694685414834 0.11690205075520989 93
1694685416519 0.11665554524637677 94
1694685418085 0.11659845557458627 95
1694685419615 0.11668170993139737 96
1694685420949 0.11686180429923712 97
1694685422122 0.11710123234628307 98
1694685423261 0.11736862183195107 99
1694685424524 0.11763862691527616 100
1694685425794 0.11789162568985133 101
1694685427368 0.11811327033502474 102
1694685428831 0.11829393390547406 103
1694685430962 0.11842809338305413 104
1694685432232 0.11851368355054427 105
1694685433420 0.11855145083636774 106
1694685434600 0.11854433079398842 107
1694685436117 0.11849686754173458 108
1694685437485 0.11841468847226293 109
1694685438768 0.11830404297424939 110
1694685440124 0.11817140987903722 111
1694685441433 0.11802317490180872 112
1694685442686 0.11786537650857766 113
1694685444076 0.1177035163987761 114
1694685445589 0.11754242911932775 115
1694685447329 0.11738620417486724 116
1694685448562 0.11723815331408294 117
1694685450052 0.11710081539103354 118
1694685451758 0.11697599125654565 119
1694685453220 0.11686480146216391 120
1694685454628 0.11676776009377708 121
1694685456104 0.11668485873449706 122
1694685457694 0.11661565533293881 123
1694685459409 0.11655936357672717 124
1694685460897 0.1165149392020219 125
1694685462348 0.11648116047559068 126
1694685463902 0.11645670084109301 127
1694685465336 0.11644019240713091 128
1694685466587 0.11643027955876303 129
1694685467721 0.11642566248952607 130
