1694624057407 168.54379126551402 0
1694624059013 165.19807082103898 1
1694624060656 158.9663075721069 2
1694624062349 150.36032152986655 3
1694624063924 139.91176939841372 4
1694624066073 128.1455283899909 5
1694624067823 115.55866607573908 6
1694624069380 102.6047039902929 7
1694624070770 89.68274050897212 8
1694624072127 77.13089950458416 9
1694624073528 65.22351104370111 10
1694624074775 54.17140384495538 11
1694624076075 44.12469101978716 12
1694624077436 35.177455319293884 13
1694624078825 27.373782450720316 14
1694624080150 20.714646065521126 15
1694624081538 15.165211274722873 16
1694624082777 10.662191072156556 17
1694624084372 7.120958483755411 18
1694624085825 4.442183855456652 19
1694624087138 2.5178292796743778 20
1694624088418 1.2363891392067534 21
1694624089720 0.4873160322542604 22
1694624091117 0.1646143066688303 23
1694624092547 0.16961884515912073 24
1694624093900 0.41300470489063384 25
1694624095263 0.8160940868052986 26
1694624096719 1.3115414535455858 27
1694624098054 1.843486131889936 28
1694624099378 2.3672652149254443 29
1694624100669 2.8487788502611577 30
1694624101980 3.263595894362919 31
1694624103337 3.5958812302281915 32
1694624104642 3.8372175319177657 33
1694624105935 3.985384588036473 34
1694624107227 4.043149055858126 35
1694624108610 4.017107206545652 36
1694624109904 3.9166132456921994 37
1694624111203 3.752816467987001 38
1694624112473 3.537822061070603 39
1694624113781 3.283982964977181 40
1694624115071 3.0033239048071203 41
1694624116393 2.707093571561985 42
1694624117723 2.4054369070207398 43
1694624119031 2.107176492333778 44
1694624120342 1.8196900570573684 45
1694624121788 1.5488700061384406 46
1694624123124 1.2991504854227696 47
1694624124410 1.0735877450673197 48
1694624125877 0.873980288958819 49
1694624127288 0.7010163963902305 50
1694624128621 0.554437958238927 51
1694624129938 0.4332110835804777 52
1694624131257 0.33569551697705735 53
1694624132526 0.25980648839703685 54
1694624133915 0.20316413766297356 55
1694624135139 0.16322706789135746 56
1694624136559 0.13740785471402053 57
1694624137936 0.12316944884839096 58
1694624139319 0.11810234766511561 59
1694624140600 0.11998317429159362 60
1694624141913 0.12681589509187632 61
1694624143165 0.1368573382534649 62
1694624144674 0.1486289619926498 63
1694624146057 0.16091697766429788 64
1694624147432 0.17276297955034353 65
1694624148853 0.18344718862633333 66
1694624150283 0.19246630124580472 67
1694624151696 0.1995077635967654 68
1694624153122 0.20442208570032552 69
1694624154522 0.20719457957381596 70
1694624155803 0.2079176678894196 71
1694624157213 0.20676467282414626 72
1694624158512 0.20396576849291112 73
1694624159724 0.19978657101103622 74
1694624161042 0.19450965256495367 75
1694624162303 0.18841910287704863 76
1694624163649 0.18178812462168736 77
1694624164915 0.17486953889758283 78
1694624166249 0.16788899195904908 79
1694624167450 0.16104059341683508 80
1694624168786 0.154484676805436 81
1694624170232 0.1483473531492674 82
1694624171510 0.14272152409499686 83
1694624172813 0.13766903039087405 84
1694624174191 0.13322363111849858 85
1694624175399 0.12939453640221457 86
1694624176720 0.12617024884587985 87
1694624177975 0.12352250446263151 88
1694624179224 0.12141014046493377 89
1694624180511 0.11978275338533552 90
1694624181920 0.11858404533886943 91
1694624183195 0.11775478785860388 92
1694624184473 0.11723536096395204 93
1694624185927 0.11696784954026064 94
1694624187346 0.1168976995241975 95
1694624188782 0.11697495279657684 96
1694624190064 0.1171550922288491 97
1694624191394 0.11739953727564596 98
1694624192725 0.11767583620298977 99
