1694705061016 168.4518381496233 0
1694705062798 168.1184750569167 1
1694705064311 167.78577492418546 2
1694705065893 167.453736430111 3
1694705067393 167.12235825601218 4
1694705068904 166.79163908583948 5
1694705070465 166.4615776061701 6
1694705071933 166.13217250620264 7
1694705073355 165.80342247775164 8
1694705074890 165.47532621524272 9
1694705077173 165.1478824157071 10
1694705079259 164.8210897787765 11
1694705080979 164.49494700667785 12
1694705082547 164.16945280422826 13
1694705084231 163.84460587882967 14
1694705086772 163.5204049404639 15
1694705088770 163.19684870168714 16
1694705090860 162.87393587762534 17
1694705092573 162.5516651859685 18
1694705094064 162.23003534696593 19
1694705095555 161.9090450834211 20
1694705097156 161.58869312068637 21
1694705098618 161.26916040291903 22
1694705100073 160.9502630418783 23
1694705101617 160.63199977104975 24
1694705103031 160.3143693264476 25
1694705104360 159.9973704466096 26
1694705105664 159.68100187259188 27
1694705107040 159.36526234796403 28
1694705108393 159.05015061880408 29
1694705109749 158.73566543369338 30
1694705111251 158.42180554371177 31
1694705112690 158.1085697024324 32
1694705114125 157.79595666591683 33
1694705115523 157.48396519271017 34
1694705116856 157.17259404383586 35
1694705118216 156.861841982791 36
1694705120294 156.5517077755411 37
1694705122086 156.2421901905155 38
1694705123908 155.9332879986021 39
1694705125395 155.62499997314274 40
1694705127357 155.31732488992807 41
1694705128964 155.01026152719277 42
1694705130445 154.7038086656106 43
1694705131904 154.39796508828968 44
1694705133258 154.09272958076744 45
1694705134745 153.7881009310058 46
1694705136205 153.48407792938642 47
1694705137640 153.1806593687058 48
1694705139130 152.8778440441704 49
1694705140665 152.57563075339195 50
1694705142185 152.27401829638254 51
1694705143622 151.97300547554985 52
1694705144974 151.67259109569244 53
1694705146510 151.37277396399477 54
1694705148097 151.07355289002268 55
1694705149502 150.77492668571844 56
1694705150959 150.4768941653961 57
1694705152550 150.17945414573668 58
1694705153904 149.8826054457836 59
1694705155603 149.58634688693775 60
1694705157186 149.29067729295286 61
1694705158680 148.9955954899308 62
1694705160218 148.70110030631696 63
1694705161777 148.40719057289544 64
1694705163325 148.11386512278446 65
1694705164767 147.82112279143166 66
1694705166127 147.52896241660946 67
1694705167570 147.23738283841047 68
1694705168970 146.94638289924262 69
1694705170353 146.65596144382488 70
1694705171844 146.36611731918242 71
1694705173141 146.076849374642 72
1694705174585 145.78815646182744 73
1694705175981 145.50003743465498 74
1694705177340 145.21249114932888 75
1694705178745 144.9255164643364 76
1694705180144 144.63911224044384 77
1694705181481 144.35327734069142 78
1694705182893 144.06801063038915 79
1694705184346 143.78331097711214 80
1694705185702 143.4991772506959 81
1694705187130 143.2156083232322 82
1694705188514 142.93260306906419 83
1694705189886 142.65016036478212 84
1694705191279 142.36827908921885 85
1694705192605 142.08695812344524 86
1694705193993 141.80619635076567 87
1694705195455 141.52599265671387 88
1694705196832 141.246345929048 89
1694705198144 140.96725505774666 90
1694705199607 140.68871893500412 91
1694705200991 140.410736455226 92
1694705202353 140.13330651502497 93
1694705203843 139.85642801321617 94
1694705205174 139.5800998508129 95
1694705206630 139.30432093102215 96
1694705208073 139.02909015924027 97
1694705209611 138.75440644304874 98
1694705211196 138.48026869220945 99
