1694701215951 169.64084248330965 0
1694701217871 169.30027674315647 1
1694701219791 168.96039652439853 2
1694701221688 168.62120044370275 3
1694701223075 168.28268712053628 4
1694701224561 167.94485517716106 5
1694701226400 167.60770323862795 6
1694701228194 167.27122993277118 7
1694701230253 166.93543389020263 8
1694701232021 166.60031374430622 9
1694701234320 166.26586813123225 10
1694701236153 165.93209568989175 11
1694701238102 165.59899506195094 12
1694701240019 165.26656489182568 13
1694701241632 164.9348038266756 14
1694701243264 164.60371051639893 15
1694701245004 164.27328361362657 16
1694701246605 163.94352177371684 17
1694701248395 163.61442365474963 18
1694701249871 163.28598791752114 19
1694701251258 162.95821322553817 20
1694701252861 162.63109824501277 21
1694701254511 162.30464164485662 22
1694701256321 161.97884209667558 23
1694701258222 161.65369827476425 24
1694701260266 161.3292088561004 25
1694701262131 161.0053725203397 26
1694701263567 160.68218794981013 27
1694701265234 160.35965382950653 28
1694701266654 160.03776884708535 29
1694701268126 159.71653169285904 30
1694701269794 159.3959410597908 31
1694701271656 159.07599564348914 32
1694701273477 158.7566941422025 33
1694701275430 158.43803525681383 34
1694701277434 158.12001769083543 35
1694701279353 157.80264015040333 36
1694701281517 157.48590134427218 37
1694701283513 157.16979998380987 38
1694701285028 156.85433478299217 39
1694701287038 156.5395044583975 40
1694701288625 156.2253077292015 41
1694701290296 155.91174331717195 42
1694701291859 155.59880994666347 43
1694701293387 155.2865063446121 44
1694701294845 154.97483124053022 45
1694701296328 154.66378336650115 46
1694701297926 154.35336145717423 47
1694701299369 154.04356424975924 48
1694701300771 153.73439048402147 49
1694701302247 153.42583890227638 50
1694701303667 153.11790824938444 51
1694701304971 152.81059727274607 52
1694701306559 152.50390472229628 53
1694701308029 152.1978293504998 54
1694701309539 151.89236991234557 55
1694701311034 151.58752516534204 56
1694701312488 151.28329386951165 57
1694701314087 150.979674787386 58
1694701316076 150.6766666840006 59
1694701317715 150.3742683268899 60
1694701319378 150.07247848608216 61
1694701320995 149.7712959340943 62
1694701322639 149.47071944592696 63
1694701324112 149.17074779905946 64
1694701325462 148.87137977344466 65
1694701326929 148.572614151504 66
1694701328314 148.2744497181226 67
1694701329785 147.97688526064397 68
1694701331360 147.67991956886527 69
1694701332865 147.38355143503225 70
1694701334347 147.08777965383425 71
1694701336167 146.7926030223992 72
1694701338249 146.49802034028886 73
1694701339904 146.20403040949367 74
1694701341633 145.91063203442778 75
1694701343474 145.61782402192435 76
1694701345725 145.32560518123051 77
1694701347697 145.03397432400246 78
1694701349338 144.7429302643006 79
1694701350922 144.45247181858454 80
1694701353122 144.16259780570837 81
1694701355165 143.8733070469158 82
1694701357383 143.58459836583518 83
1694701359172 143.29647058847473 84
1694701361420 143.0089225432178 85
1694701363320 142.7219530608178 86
1694701365328 142.4355609743937 87
1694701367316 142.1497451194249 88
1694701368957 141.8645043337467 89
1694701370841 141.5798374575454 90
1694701372843 141.29574333335358 91
1694701374670 141.01222080604518 92
1694701376428 140.72926872283097 93
1694701378032 140.44688593325367 94
1694701379544 140.16507128918323 95
1694701381648 139.88382364481208 96
1694701383627 139.60314185665055 97
1694701385498 139.32302478352196 98
1694701387288 139.04347128655806 99
