1694670201131 168.8825024464592 0
1694670203786 136.8314587842399 1
1694670206464 110.86756453349602 2
1694670208615 89.83471235649003 3
1694670211249 72.79637578730502 4
1694670213454 58.99390258187348 5
1694670215409 47.81273006552256 6
1694670217720 38.75501764384686 7
1694670220211 31.417477517140416 8
1694670222386 25.47341619981206 9
1694670224606 20.658187014519086 10
1694670226769 16.75740566515453 11
1694670230676 13.59740406375602 12
1694670233229 11.037497277729381 13
1694670235613 8.963719217319298 14
1694670237891 7.283748096832581 15
1694670240184 5.922795690952484 16
1694670242498 4.820277330102597 17
1694670244701 3.9271143482811315 18
1694670247096 3.2035488618822163 19
1694670249171 2.617373573306874 20
1694670251189 2.14249777486525 21
1694670253205 1.7577856997562138 22
1694670255253 1.4461154945796408 23
1694670257755 1.193616912023927 24
1694670259736 0.9890537806082326 25
1694670261754 0.8233237550662734 26
1694670263771 0.6890530732348048 27
1694670265954 0.5802682757201257 28
1694670268576 0.4921302715501963 29
1694670271733 0.4207189090855016 30
1694670274239 0.3628584602793661 31
1694670276953 0.3159762480885358 32
1694670278950 0.27798812255774574 33
1694670280945 0.24720568655034958 34
1694670282787 0.2222611405025453 35
1694670284918 0.20204640006274077 36
1694670288032 0.18566377597125866 37
1694670290469 0.1723860203358985 38
1694670292075 0.16162396048824612 39
1694670293937 0.15290027943291884 40
1694670295881 0.14582827556946185 41
1694670297597 0.1400946560595465 42
1694670299542 0.13544559780159457 43
1694670301588 0.1316754554572039 44
1694670302987 0.1286176138264229 45
1694670306986 0.12613707733939028 46
1694670309708 0.12412446677091983 47
1694670312174 0.12249115593574669 48
1694670314201 0.12116533187485164 49
1694670315334 0.12008880315728236 50
1694670316486 0.11921441422771596 51
1694670317585 0.11850395071059167 52
1694670318838 0.1179264424382226 53
1694670319920 0.11745678867601574 54
1694670321028 0.11707464436110697 55
1694670322126 0.11676351778993488 56
1694670323234 0.11651003960286829 57
1694670324315 0.11630337053903082 58
1694670325453 0.11613472161142038 59
1694670326568 0.11599696535630512 60
1694670327682 0.11588432086447627 61
1694670328848 0.11579209858572483 62
1694670329865 0.1157164935580773 63
1694670330949 0.11565441786830946 64
1694670332000 0.11560336489599865 65
1694670333103 0.11556129930759129 66
1694670334182 0.11552656791261719 67
1694670335249 0.11549782742227015 68
1694670336268 0.11547398590242924 69
1694670337342 0.11545415532226184 70
1694670338382 0.11543761309297058 71
1694670339543 0.1154237708909604 72
1694670340608 0.11541214938352187 73
1694670341654 0.11540235773745336 74
1694670342860 0.11539407700356534 75
1694670343943 0.11538704664217105 76
1694670345051 0.11538105359414878 77
1694670346083 0.11537592341515267 78
1694670347252 0.11537151308209101 79
1694670348321 0.11536770515515403 80
1694670349384 0.1153644030387573 81
1694670350494 0.11536152713344201 82
1694670351584 0.11535901171021373 83
1694670352742 0.11535680237075242 84
1694670353806 0.11535485398281475 85
1694670355053 0.11535312900112309 86
1694670356111 0.11535159610103499 87
1694670357240 0.11535022906605132 88
