1694702900488 169.64084248330965 0
1694702901864 169.60677046948072 1
1694702903287 169.57270531709847 2
1694702904689 169.53864702477767 3
1694702906084 169.5045955911334 4
1694702907533 169.47055101478097 5
1694702908812 169.43651329433598 6
1694702910243 169.40248242841434 7
1694702911638 169.3684584156323 8
1694702912941 169.33444125460616 9
1694702914480 169.3004309439528 10
1694702916093 169.26642748228915 11
1694702917958 169.23243086823254 12
1694702919755 169.19844110040054 13
1694702921177 169.16445817741103 14
1694702922580 169.13048209788212 15
1694702923993 169.09651286043223 16
1694702925378 169.06255046368005 17
1694702926741 169.0285949062446 18
1694702928084 168.9946461867451 19
1694702929467 168.96070430380104 20
1694702930778 168.92676925603232 21
1694702932246 168.892841042059 22
1694702933634 168.85891966050144 23
1694702935310 168.82500510998028 24
1694702936817 168.79109738911654 25
1694702938348 168.7571964965313 26
1694702939706 168.72330243084616 27
1694702941220 168.68941519068287 28
1694702942810 168.6555347746634 29
1694702944195 168.6216611814102 30
1694702945831 168.58779440954578 31
1694702947282 168.55393445769306 32
1694702948640 168.52008132447523 33
1694702950023 168.4862350085157 34
1694702951525 168.45239550843823 35
1694702952952 168.41856282286676 36
1694702954398 168.38473695042563 37
1694702955763 168.35091788973938 38
1694702957148 168.31710563943287 39
1694702958526 168.28330019813117 40
1694702959932 168.24950156445968 41
1694702961363 168.21570973704408 42
1694702962748 168.18192471451036 43
1694702964115 168.14814649548472 44
1694702965501 168.11437507859367 45
1694702967001 168.080610462464 46
1694702968329 168.04685264572277 47
1694702969865 168.0131016269973 48
1694702971313 167.97935740491525 49
1694702972677 167.9456199781045 50
1694702974097 167.9118893451932 51
1694702975443 167.87816550480986 52
1694702976858 167.84444845558315 53
1694702978470 167.81073819614215 54
1694702980024 167.7770347251161 55
1694702981445 167.74333804113456 56
1694702982864 167.70964814282738 57
1694702984217 167.67596502882472 58
1694702985547 167.64228869775687 59
1694702986992 167.60861914825463 60
1694702988373 167.5749563789489 61
1694702989787 167.5413003884709 62
1694702991232 167.50765117545214 63
1694702992539 167.4740087385244 64
1694702994117 167.44037307631973 65
1694702995522 167.40674418747054 66
1694702996817 167.37312207060933 67
1694702998065 167.3395067243691 68
1694702999650 167.30589814738295 69
1694703001247 167.27229633828432 70
1694703002622 167.23870129570696 71
1694703004146 167.2051130182849 72
1694703005601 167.17153150465234 73
1694703007284 167.1379567534439 74
1694703008679 167.10438876329434 75
1694703010213 167.07082753283885 76
1694703011600 167.03727306071272 77
1694703013144 167.00372534555171 78
1694703014690 166.97018438599167 79
1694703016019 166.93665018066878 80
1694703017391 166.90312272821964 81
1694703018795 166.86960202728096 82
1694703020087 166.83608807648977 83
1694703021483 166.8025808744834 84
1694703022764 166.76908041989938 85
1694703024071 166.73558671137565 86
1694703025424 166.70209974755033 87
1694703026771 166.66861952706185 88
1694703028090 166.63514604854885 89
1694703029410 166.60167931065035 90
1694703030791 166.56821931200562 91
1694703032171 166.5347660512541 92
1694703033514 166.50131952703566 93
1694703034952 166.46787973799033 94
1694703036306 166.43444668275848 95
1694703037700 166.40102035998072 96
1694703039122 166.36760076829793 97
1694703040482 166.33418790635133 98
1694703041864 166.3007817727823 99
