1694685488353 168.83772543452676 0
1694685489592 165.48278493139884 1
1694685491031 159.24048592494327 2
1694685492728 150.63499152715585 3
1694685494481 140.2120230900529 4
1694685496113 128.50966589293745 5
1694685497411 116.03518324455274 6
1694685498726 103.24771698291283 7
1694685499966 90.54651298722867 8
1694685501282 78.2641324593196 9
1694685502538 66.6639897885752 10
1694685503651 55.941490240929234 11
1694685504765 46.228018639780394 12
1694685505822 37.597046005709366 13
1694685506940 30.071666892718955 14
1694685508097 23.632948142287002 15
1694685509247 18.228552679458566 16
1694685510385 13.781193212841682 17
1694685511562 10.196564561049318 18
1694685512786 7.370495066668068 19
1694685513909 5.195143428329462 20
1694685515094 3.564144513701437 21
1694685516296 2.3766744613453534 22
1694685517497 1.5404606153147997 23
1694685518681 0.973805257819974 24
1694685519904 0.6067240013170111 25
1694685520974 0.3813208292624684 26
1694685522133 0.2515332364840049 27
1694685523321 0.18238404672349667 28
1694685524576 0.14887273248014515 29
1694685525680 0.13462992193485043 30
1694685526790 0.13044570118326107 31
1694685527933 0.13276666104579407 32
1694685529055 0.14223960932639973 33
1694685530165 0.16236251533056148 34
1694685531357 0.19828643302938687 35
1694685532472 0.2557965333204783 36
1694685533598 0.34048645212968737 37
1694685534744 0.4571282469109817 38
1694685535903 0.6092305142748647 39
1694685537047 0.7987696899129332 40
1694685538299 1.0260741550342045 41
1694685539484 1.2898373538056762 42
1694685540656 1.5872344657912818 43
1694685541793 1.914117018958467 44
1694685542991 2.2652608953435722 45
1694685544212 2.6346451922748986 46
1694685545397 3.0157420864246953 47
1694685546629 3.401800955582892 48
1694685547770 3.786113321552663 49
1694685548929 4.162248497392695 50
1694685550031 4.524252999030512 51
1694685551116 4.866809696295485 52
1694685552270 5.185355247187626 53
1694685553467 5.476156528867771 54
1694685554678 5.736348524651402 55
1694685555878 5.96393744733514 56
1694685557028 6.157773794034961 57
1694685558294 6.317500569846756 58
1694685559687 6.443482131128789 59
1694685560896 6.536719034731613 60
1694685562011 6.598753990813901 61
1694685563219 6.631573557792438 62
1694685564341 6.637509639913485 63
1694685565459 6.619144198080881 64
1694685566599 6.579219904536236 65
1694685567691 6.5205587969602625 66
1694685568831 6.445990345975388 67
1694685569900 6.358289763521025 68
1694685570988 6.260126863313696 69
1694685572203 6.154025347829441 70
1694685573400 6.0423320429604335 71
1694685574503 5.927195331285432 72
1694685575605 5.810551843768988 73
1694685576748 5.694120350966697 74
1694685577874 5.579401739859769 75
1694685579016 5.46768396150918 76
1694685580208 5.360050877543089 77
1694685581282 5.257394009855112 78
1694685582428 5.160426298075286 79
1694685583581 5.069697084493967 80
1694685584802 4.985607668355055 81
1694685585984 4.908426894185139 82
1694685587148 4.838306356759714 83
1694685588276 4.775294914362804 84
1694685589413 4.719352299309424 85
1694685590519 4.670361698505676 86
1694685591686 4.628141246314072 87
1694685592903 4.592454427175595 88
1694685594005 4.563019426968481 89
1694685595044 4.539517501100478 90
1694685596135 4.521600445321561 91
1694685597185 4.50889726389743 92
1694685598410 4.501020130875891 93
1694685599526 4.497569735469452 94
1694685600715 4.498140093735335 95
1694685602783 4.502322897271655 96
1694685604043 4.509711456885041 97
1694685605225 4.519904286219829 98
1694685606383 4.53250835804576 99
1694685607665 4.547142054927386 100
1694685608859 4.563437826782946 101
1694685609975 4.5810445606300805 102
1694685611089 4.59962966269426 103
1694685612227 4.618880849969982 104
1694685613309 4.638507647115653 105
1694685614390 4.658242584993156 106
1694685615504 4.677842098945208 107
1694685616617 4.697087127723338 108
1694685617886 4.715783417517371 109
1694685619782 4.7337615394862365 110
1694685621663 4.750876633267276 111
1694685623093 4.767007892900154 112
1694685624287 4.782057815236025 113
1694685625556 4.795951234051557 114
1694685627169 4.8086341656348 115
1694685628447 4.820072493482491 116
1694685629634 4.830250520913563 117
1694685630832 4.839169420862947 118
1694685632391 4.846845611905802 119
1694685634047 4.853309088729949 120
1694685635714 4.858601733897146 121
1694685636989 4.862775635897433 122
1694685638516 4.865891436297045 123
1694685640529 4.868016726303392 124
1694685641845 4.86922451041266 125
1694685643646 4.869591752053109 126
1694685645115 4.869198013369525 127
1694685646505 4.868124198580466 128
1694685648214 4.866451407738845 129
1694685649654 4.8642599052857785 130
1694685651096 4.861628205543324 131
1694685652318 4.858632275270156 132
1694685653664 4.855344851621039 133
1694685655038 4.851834872312955 134
1694685656170 4.848167013508138 135
1694685657329 4.844401329869382 136
1694685658649 4.8405929904146605 137
1694685659808 4.836792103179656 138
1694685661042 4.833043621270851 139
1694685662939 4.829387322637194 140
1694685666003 4.82585785578512 141
1694685667432 4.8224848436883265 142
1694685668540 4.819293038280459 143
1694685669633 4.816302518146635 144
1694685670785 4.813528922330388 145
1694685671850 4.81098371353098 146
1694685672982 4.808674464367091 147
1694685674174 4.806605160814712 148
1694685675205 4.804776517378687 149
1694685676252 4.803186299019948 150
1694685677331 4.801829645326006 151
1694685678406 4.800699392875438 152
1694685679480 4.799786392201666 153
1694685680603 4.799079816204647 154
1694685681650 4.798567457286648 155
1694685682641 4.798236010898939 156
1694685683792 4.7980713435769715 157
