1694539940616 168.54379126551402 0
1694539941780 165.19807082103898 1
1694539942819 158.9929038804172 2
1694539944631 150.43513621016635 3
1694539946066 140.0508230859635 4
1694539947463 128.3590882795387 5
1694539948874 115.85140270749616 6
1694539950794 102.9760681299957 7
1694539952976 90.12770366716782 8
1694539954494 77.64057837097877 9
1694539956388 65.78615760855381 10
1694539958059 54.77317569709664 11
1694539959696 44.75033437388767 12
1694539961636 35.81131605039529 13
1694539963108 28.000366700348657 14
1694539965039 21.319032968364777 15
1694539966508 15.733863168266508 16
1694539968116 11.183159550248092 17
1694539970193 7.583956248212324 18
1694539971568 4.839138212464326 19
1694539972843 2.842756383703548 20
1694539973873 1.4853861312616363 21
1694539974885 0.6582809454777158 22
1694539975908 0.25754032922996345 23
1694539976942 0.18619706668152297 24
1694539978245 0.35641886023049335 25
1694539979776 0.6907956355804067 26
1694539981613 1.1228179787545307 27
1694539983123 1.5974634289071734 28
1694539984560 2.070858271532276 29
1694539985943 2.5092512062248504 30
1694539987259 2.8883634020486557 31
1694539988976 3.1923366628522074 32
1694539991040 3.4125781768365537 33
1694539993126 3.5465638740033225 34
1694539994537 3.5965147273400704 35
1694539996885 3.568573068847602 36
1694539999149 3.4715878689120636 37
1694540001233 3.3162484557294922 38
1694540002944 3.1140318156817717 39
1694540004693 2.876663870571415 40
1694540005919 2.6155569534891545 41
1694540007174 2.3413728783557652 42
1694540008339 2.0636439456398468 43
1694540009379 1.7906955197835253 44
1694540010149 1.529454866058678 45
1694540011092 1.2854277079222347 46
1694540011967 1.0626511516831192 47
1694540012777 0.8638397696391482 48
1694540013734 0.6905033021519514 49
1694540014738 0.5430692930597796 50
1694540015720 0.421081989350352 51
1694540016764 0.32335371041874816 52
1694540017827 0.248128491569887 53
1694540018863 0.1932190211279741 54
1694540020175 0.1561663600599288 55
1694540021459 0.13438570756965015 56
1694540022586 0.12528619744754294 57
1694540023712 0.12632975391414183 58
1694540025109 0.13510387299711887 59
1694540026591 0.14941531561581417 60
1694540027696 0.1673229666873857 61
1694540028940 0.18712840777558526 62
1694540030422 0.20740944143559625 63
1694540031958 0.22699327782877687 64
1694540033373 0.24498480847844495 65
1694540035033 0.26073817069539534 66
1694540036587 0.2738299172848898 67
1694540038018 0.2840097549302514 68
1694540039311 0.29119705240125016 69
1694540040724 0.2954401493411833 70
1694540042328 0.2969015705508508 71
1694540043708 0.2958298839879955 72
1694540045240 0.29251583099220685 73
1694540046759 0.2872818528947592 74
1694540048649 0.2804728512401096 75
1694540050753 0.27244411833609317 76
1694540052207 0.263526683519042 77
1694540053325 0.2540343157092265 78
1694540054376 0.24422419063945686 79
1694540055375 0.2343352752780615 80
1694540056424 0.22457769708825676 81
1694540057704 0.2151448297969562 82
1694540058743 0.20616795663628168 83
1694540059738 0.19774990269879705 84
1694540060724 0.1899658366054035 85
1694540062082 0.1828174772631087 86
1694540063281 0.17631498915393234 87
1694540064766 0.17045821600771327 88
1694540066234 0.16523776230414056 89
1694540067866 0.16065732565216237 90
1694540069313 0.15666811156169108 91
1694540070643 0.15322244744371227 92
1694540072046 0.15027436165158514 93
1694540073184 0.14777995714474615 94
1694540074726 0.14564318206348958 95
1694540076213 0.1438109083367622 96
1694540077421 0.14224348657522376 97
1694540078812 0.14091233828736735 98
1694540080053 0.1398242226265959 99
