1694704462288 169.34867500604804 0
1694704463863 169.0086439591105 1
1694704465750 168.6692974972349 2
1694704467699 168.33063423860398 3
1694704469250 167.99265280419874 4
1694704471749 167.65535181779276 5
1694704473714 167.31872990594655 6
1694704475765 166.98278569800195 7
1694704477529 166.64751782607635 8
1694704479549 166.31292492505705 9
1694704481416 165.97900563259583 10
1694704483003 165.64575858910302 11
1694704484834 165.31318243774217 12
1694704486553 164.98127582442427 13
1694704488038 164.6500373978022 14
1694704489341 164.31946580926527 15
1694704490835 163.98955971293344 16
1694704492225 163.66031776565202 17
1694704493550 163.3317386269859 18
1694704495122 163.00382095921418 19
1694704497024 162.67656342732457 20
1694704498671 162.34996469900796 21
1694704500171 162.02402344465273 22
1694704502094 161.6987383373396 23
1694704503455 161.3741080528358 24
1694704504802 161.05013126958985 25
1694704506098 160.72680666872603 26
1694704507583 160.4041329340389 27
1694704508991 160.0821087519879 28
1694704510551 159.76073281169204 29
1694704512168 159.44000380492426 30
1694704514792 159.1199204261063 31
1694704516590 158.80048137230307 32
1694704518842 158.48168534321746 33
1694704520855 158.16353104118494 34
1694704522852 157.84601717116803 35
1694704524483 157.52914244075131 36
1694704526250 157.2129055601357 37
1694704527932 156.89730524213348 38
1694704529698 156.58234020216273 39
1694704531599 156.26800915824217 40
1694704533153 155.9543108309858 41
1694704534962 155.64124394359774 42
1694704536530 155.3288072218668 43
1694704537690 155.01699939416136 44
1694704539034 154.70581919142407 45
1694704540301 154.3952653471666 46
1694704542073 154.08533659746445 47
1694704543647 153.77603168095183 48
1694704545136 153.4673493388162 49
1694704546875 153.15928831479334 50
1694704548826 152.85184735516205 51
1694704550362 152.54502520873908 52
1694704552143 152.2388206268737 53
1694704553941 151.93323236344295 54
1694704555667 151.6282591748462 55
1694704557492 151.32389982000015 56
1694704559234 151.02015306033368 57
1694704561927 150.71701765978275 58
1694704563819 150.41449238478535 59
1694704565645 150.11257600427626 60
1694704567410 149.81126728968223 61
1694704569039 149.51056501491666 62
1694704571058 149.2104679563747 63
1694704572578 148.91097489292827 64
1694704574094 148.61208460592067 65
1694704575459 148.31379587916206 66
1694704577075 148.01610749892404 67
1694704578359 147.7190182539349 68
1694704579832 147.42252693537452 69
1694704581394 147.1266323368693 70
1694704582930 146.83133325448745 71
1694704584877 146.5366284867337 72
1694704586560 146.24251683454466 73
1694704588255 145.94899710128362 74
1694704589931 145.65606809273584 75
1694704591558 145.3637286171034 76
1694704593014 145.0719774850005 77
1694704595173 144.78081350944845 78
1694704597313 144.49023550587083 79
1694704599382 144.20024229208846 80
1694704601847 143.91083268831477 81
1694704603959 143.62200551715077 82
1694704606340 143.33375960358023 83
1694704608882 143.04609377496487 84
1694704610976 142.75900686103947 85
1694704612929 142.47249769390717 86
1694704614643 142.1865651080345 87
1694704615927 141.90120794024668 88
1694704617900 141.6164250297228 89
1694704619065 141.33221521799106 90
1694704620261 141.0485773489239 91
1694704621697 140.76551026873352 92
1694704623187 140.4830128259666 93
1694704625066 140.20108387150017 94
1694704626562 139.91972225853644 95
1694704628329 139.6389268425982 96
1694704630110 139.3586964815243 97
1694704632130 139.07903003546448 98
1694704633982 138.7999263668752 99
