1694346492715 -239.94810618499753 0
1694346493375 -194.0361062538573 1
1694346493929 -157.6693988354025 2
1694346494504 -128.7872733333974 3
1694346495078 -105.78413531008951 4
1694346495673 -87.40763249149849 5
1694346496407 -72.67977050476239 6
1694346497148 -60.83580273318166 7
1694346497778 -51.27686657357511 8
1694346498445 -43.53325481116918 9
1694346499063 -37.2359180337281 10
1694346499746 -32.09433991055692 11
1694346500405 -27.879348671183084 12
1694346501056 -24.40975366796128 13
1694346501612 -21.541947410934036 14
1694346502229 -19.16180781627901 15
1694346502814 -17.178385639572074 16
1694346503408 -15.518978221248119 17
1694346504002 -14.125280507893155 18
1694346504723 -12.950373813598906 19
1694346505344 -11.956366570236215 20
1694346505912 -11.112542951308699 21
1694346506537 -10.393907496121955 22
1694346507084 -9.780038837741525 23
1694346507662 -9.254184994254759 24
1694346508271 -8.802547689328296 25
1694346509055 -8.413714807641123 26
1694346509667 -8.078209123334508 27
1694346510188 -7.7881284528639 28
1694346510750 -7.536857832233856 29
1694346511364 -7.318838554384522 30
1694346511999 -7.12938219781298 31
1694346512664 -6.964520343212648 32
1694346513292 -6.820882674305386 33
1694346513936 -6.695597718642998 34
1694346514507 -6.586211702019429 35
1694346515166 -6.490621942280563 36
1694346515774 -6.407021953704425 37
1694346516551 -6.333856017500895 38
1694346517238 -6.2697814328612305 39
1694346517841 -6.213637023961213 40
1694346518464 -6.164416762825716 41
1694346519107 -6.121247592671261 42
1694346519724 -6.0833707142314415 43
1694346520423 -6.050125738745175 44
1694346521091 -6.020937223627416 45
1694346521652 -5.995303196494235 46
1694346522169 -5.972785344981435 47
1694346522761 -5.953000607433621 48
1694346523425 -5.935613945990656 49
1694346524143 -5.920332121167674 50
1694346524828 -5.906898317524738 51
1694346525585 -5.895087494880479 52
1694346526220 -5.884702359862992 53
1694346526786 -5.875569869301824 54
1694346527360 -5.8675381907485145 55
1694346528001 -5.860474056830449 56
1694346528663 -5.854260459637305 57
1694346529299 -5.848794639267017 58
1694346529884 -5.843986327302954 59
1694346530493 -5.8397562115852075 60
1694346531211 -5.836034593359563 61
1694346531879 -5.832760211888554 62
1694346532615 -5.829879215010174 63
1694346533243 -5.82734425702995 64
1694346533823 -5.825113707813358 65
1694346534360 -5.8231509590726365 66
1694346534919 -5.821423815671596 67
1694346535521 -5.819903961348242 68
1694346536150 -5.8185664896161775 69
1694346536801 -5.817389491784101 70
1694346537374 -5.816353695053158 71
1694346537911 -5.815442144538954 72
1694346538507 -5.814639923835216 73
1694346539230 -5.813933909407599 74
1694346539944 -5.813312554690565 75
1694346540766 -5.812765700270896 76
1694346541495 -5.812284406986889 77
1694346542139 -5.811860809162043 78
1694346542894 -5.811487985532693 79
1694346543743 -5.811159845727547 80
1694346544447 -5.810871030418148 81
1694346545145 -5.810616823488666 82
1694346545804 -5.810393074773667 83
1694346546454 -5.810196132089212 84
1694346546995 -5.810022781436626 85
1694346547544 -5.80987019439434 86
1694346548198 -5.809735881832069 87
1694346548798 -5.809617653186255 88
1694346549393 -5.809513580627628 89
1694346550005 -5.809421967532348 90
1694346550587 -5.809341320739361 91
1694346551165 -5.80927032613867 92
1694346551711 -5.8092078271902885 93
