1694710232784 58.557214925936556 0
1694710234403 27.715727138388583 1
1694710236147 11.6251893321969 2
1694710237695 5.288988239298405 3
1694710239408 5.860761835827224 4
1694710241084 1.8035533002385324 5
1694710242643 2.6236312518796288 6
1694710244485 0.7432951964094774 7
1694710246215 0.635534648610958 8
1694710247768 0.6256744215458588 9
1694710249443 0.821748200429889 10
1694710251271 0.18337372084763023 11
1694710253055 0.276388401217683 12
1694710254743 0.33080853529610776 13
1694710256842 0.21236186095767423 14
1694710258417 0.08405118599855471 15
1694710260055 0.13833390600443093 16
1694710261670 0.07429077947986922 17
1694710263285 0.19027019306329263 18
1694710264877 0.1127150354825264 19
1694710266459 0.1984532331132226 20
1694710268133 0.09173551534554417 21
1694710269790 0.12336104155618366 22
1694710271516 0.049219457947194546 23
1694710272983 0.05211476868653883 24
1694710274623 0.13876843881337572 25
1694710276256 0.06932635661414044 26
1694710277773 0.10706161737431973 27
1694710279647 0.030304220087075746 28
1694710281244 0.13064468023174095 29
1694710282794 0.09017263847086772 30
1694710284603 0.1288421924424544 31
1694710286310 0.14056422942573155 32
1694710287931 0.07978981725148168 33
1694710289519 0.24917632727499836 34
1694710291190 0.088528863148371 35
1694710292886 0.0434712247760955 36
1694710294482 0.04489896312126504 37
1694710296191 0.0904208762831284 38
1694710297639 0.18622736232000647 39
1694710299401 0.05349308687648809 40
1694710301012 0.20773479542010942 41
1694710302625 0.2880066974458106 42
1694710304310 0.10142634878020143 43
1694710306090 0.07589141280839086 44
1694710307842 0.03284917981974694 45
1694710309509 0.08247446131403004 46
1694710311717 0.12498487446052153 47
1694710313510 0.30153144371277535 48
1694710315402 0.1201272538813226 49
1694710316914 0.0724068196129824 50
1694710318405 0.15042598889865844 51
1694710320186 0.1303693741947345 52
1694710321966 0.10131197138861686 53
1694710323625 0.15635195385135708 54
1694710325329 0.05697568128523115 55
1694710326977 0.030849007290707886 56
1694710328648 0.12880415934099654 57
1694710330246 0.06235649658894303 58
1694710331944 0.10538826415063207 59
1694710333386 0.24517951856605982 60
1694710335065 0.02020751115402256 61
1694710336683 0.07840990610210098 62
1694710338247 0.06752816984552296 63
1694710339915 0.05673516204394851 64
1694710341536 0.06743222487814379 65
1694710343142 0.0859050915431295 66
1694710344789 0.08648725003562621 67
1694710346456 0.12377416163227256 68
1694710348274 0.11533378803090041 69
1694710349857 0.1017829271850341 70
1694710351629 0.3618874012316342 71
1694710353187 0.06265547541107008 72
1694710355030 0.02700573552205412 73
1694710356702 0.05032613886453037 74
1694710358442 0.11761392402707022 75
1694710360388 0.12262965025388592 76
1694710362008 0.06444216640582147 77
1694710363652 0.13723455179684932 78
1694710365253 0.19210349459146728 79
1694710367175 0.048355799850342 80
1694710368959 0.023684908766284665 81
1694710370536 0.07712149101147987 82
1694710372299 0.053761253259887766 83
1694710374065 0.29784526159735675 84
1694710376033 0.08767984122860584 85
1694710377493 0.06093774294858609 86
1694710379057 0.13452811451835592 87
1694710380732 0.08896017735900036 88
1694710382646 0.1397680968640127 89
1694710384335 0.06900582444302923 90
1694710385904 0.2097124537528347 91
1694710387644 0.09015077193259834 92
1694710389459 0.0524389608893496 93
1694710391547 0.08330315934337755 94
1694710393326 0.08858543258196885 95
1694710395084 0.09195143621845941 96
1694710396745 0.17163855108337162 97
1694710398450 0.14328211373878247 98
1694710400131 0.0333602364651808 99
