1694670449224 168.8148749839276 0
1694670450325 136.7758794711031 1
1694670451423 110.82171096032327 2
1694670452564 89.79673315507671 3
1694670453684 72.76479102323611 4
1694670454807 58.96752602338658 5
1694670455917 47.79060835415372 6
1694670457082 38.73638255876645 7
1694670458147 31.40170841089712 8
1694670459295 25.46001035729433 9
1694670460436 20.646736201035857 10
1694670461544 16.74757752250234 11
1694670462650 13.58892731423542 12
1694670463718 11.030149927349445 13
1694670464877 8.957319127531372 14
1694670465964 7.278145431651158 15
1694670467149 5.9178668527857266 16
1694670468230 4.815920080266432 17
1694670469377 3.923243872511725 18
1694670470433 3.2000945913886154 19
1694670471515 2.614276611222654 20
1694670472650 2.1397088088200378 21
1694670473724 1.7552633055787197 22
1694670474910 1.4438247553134056 23
1694670476101 1.191528291604471 24
1694670477351 0.9871422035812651 25
1694670478400 0.8215678532930166 26
1694670479530 0.6874345681549876 27
1694670480592 0.5787714708334297 28
1694670481804 0.49074163465215137 29
1694670482958 0.41942672770423944 30
1694670484083 0.36165255690219705 31
1694670485340 0.3148477442973378 32
1694670486715 0.2769292432325477 33
1694670487950 0.2462095969485775 34
1694670489085 0.22132181035468576 35
1694670490202 0.2011584899052277 36
1694670491318 0.184822541813577 37
1694670492397 0.1715872334704849 38
1694670493520 0.1608638398304453 39
1694670494629 0.15217543424935182 40
1694670495786 0.14513565683707888 41
1694670497041 0.13943151501087173 42
1694670498212 0.13480945046746953 43
1694670499365 0.13106405222743964 44
1694670500491 0.12802891321990187 45
1694670501560 0.12556922331531145 46
1694670502624 0.12357576902782198 47
1694670503746 0.12196007273926777 48
1694670504848 0.12065045503270592 49
1694670506105 0.11958884482369865 50
1694670507229 0.11872819527209919 51
1694670508333 0.11803039042848094 52
1694670509417 0.11746454941838094 53
1694670510502 0.11700565266706855 54
1694670511676 0.11663342900564098 55
1694670512811 0.11633145411429804 56
1694670513877 0.1160864201678068 57
1694670514996 0.1158875441703727 58
1694670516201 0.11572608864176034 59
1694670517314 0.11559497331847172 60
1694670518410 0.11548846058580435 61
1694670519527 0.11540190063908484 62
1694670520627 0.11533152503145748 63
1694670521654 0.11527427941968763 64
1694670522788 0.11522768806443498 65
1694670523889 0.11518974405504141 66
1694670524994 0.115158820374013 67
1694670526081 0.11513359784403131 68
1694670527198 0.11511300675181363 69
1694670528311 0.11509617955190643 70
1694670529436 0.11508241254665613 71
1694670530546 0.11507113483809821 72
1694670531667 0.11506188317113883 73
1694670532811 0.11505428154957378 74
1694670533881 0.11504802471887247 75
1694670535022 0.11504286478170535 76
1694670536237 0.11503860035156911 77
1694670537370 0.11503506776277464 78
1694670538481 0.11503213394652877 79
1694670539582 0.1150296906569397 80
1694670540668 0.115027649790803 81
1694670541765 0.11502593959365315 82
1694670542896 0.11502450158396017 83
1694670544118 0.11502328805926551 84
1694670545161 0.11502226007390434 85
1694670546387 0.11502138579890615 86
1694670547544 0.11502063919163688 87
1694670548718 0.11501999891648693 88
1694670549830 0.11501944746905157 89
1694670550946 0.11501897046526931 90
1694670552017 0.11501855606429354 91
1694670553117 0.1150181944997975 92
1694670554505 0.11501787769920578 93
