1694745586064 1.0592768987176295 0
1694745587527 9.71630994287695 1
1694745588973 0.00994890826914824 2
1694745590459 0.29267978944578843 3
1694745591937 899.3571474890122 4
1694745593439 1.9046091266264245 5
1694745594951 2.2672995552148776 6
1694745596552 59.70582913338866 7
1694745598026 8.917731773471374 8
1694745599305 120.08550985368436 9
1694745600675 53.32718913216973 10
1694745602250 6.435207159935865 11
1694745603913 1.1481522424625146 12
1694745605911 0.10850860832575798 13
1694745607648 0.538450936114036 14
1694745609656 0.07536043998364877 15
1694745611375 0.016818632821762217 16
1694745612766 1.6928252505305603 17
1694745614333 0.6514402345391287 18
1694745615586 0.0061820667699668255 19
1694745616890 0.7194641001368683 20
1694745618350 0.0006512099927198075 21
1694745619834 0.07126395719547836 22
1694745621209 0.17012690263215322 23
1694745622608 73.53381840312514 24
1694745624123 0.12702865114613082 25
1694745625656 199.19372439315498 26
1694745627076 138.12912606418232 27
1694745628368 51.418503965060864 28
1694745629498 1.1854694453631358 29
1694745630694 0.005145341800538341 30
1694745632047 45.83666205850344 31
1694745633585 0.2916882277806915 32
1694745635078 0.011509907537506943 33
1694745636459 0.001744325084030289 34
1694745637851 0.7805245297810361 35
1694745639302 9.200505645734072 36
1694745640822 704.6487485783732 37
1694745642293 6.8639486188279015 38
1694745643681 0.32369234891618337 39
1694745645109 0.9780485543085252 40
1694745646599 0.06632895630796845 41
1694745648062 0.49539959483608004 42
1694745649589 0.00015165496056126015 43
1694745651073 0.011725648189423173 44
1694745652527 0.11826338587580416 45
1694745654057 0.06368663700156309 46
1694745655580 0.4755908451448218 47
1694745657389 0.35241723127303015 48
1694745659007 571.9620141742881 49
1694745660696 298.71417208519296 50
1694745662385 1011.6653472585435 51
1694745663937 0.010861306952630283 52
1694745665597 0.09526588308820268 53
1694745667535 0.018255038338631315 54
1694745669115 0.2964546906770251 55
1694745670485 0.1844602167855072 56
1694745672081 0.021911328408385777 57
1694745673759 0.08336310724735727 58
1694745675389 0.19099343994175144 59
1694745677079 0.0032814838522364003 60
1694745678658 15.865240327897395 61
1694745680402 0.00014211505401052918 62
1694745682094 0.034576003596862866 63
1694745683715 15.333134780336323 64
1694745685288 0.00758530081315952 65
1694745686810 0.4100534025353899 66
1694745688401 0.0014673066748444534 67
1694745689957 0.23036943957852343 68
1694745691565 9974.84469118114 69
1694745693128 32828.0094282761 70
1694745694649 0.12065780009288916 71
1694745696118 0.09366596662861684 72
1694745697670 0.01510965604940505 73
1694745699209 5.564235436870941e-05 74
1694745700796 0.11745309350737791 75
1694745702381 0.6219539955857624 76
1694745703843 12.897386808624665 77
1694745705364 0.10125036526709746 78
1694745706957 0.07617980982796706 79
1694745708547 0.26937753982472207 80
1694745710104 0.08327978837306031 81
1694745711621 1.7126102418069764 82
1694745713215 1.4402302825259246 83
1694745714708 4.479798568049088 84
1694745716227 4936.638960067878 85
1694745717820 10424.190420106765 86
1694745719369 0.6746974861716372 87
1694745720956 0.1795663254493817 88
1694745722503 0.058476618661964144 89
1694745724055 21805.988771556018 90
1694745725627 52.94386650914602 91
1694745727209 0.4602309889537524 92
1694745728810 0.005504520325748108 93
1694745730787 0.16307482008609067 94
1694745732605 108.17997889856238 95
1694745734847 0.07859396191669839 96
1694745736768 0.00024635865235709143 97
1694745738436 9.217868088069762 98
1694745740226 7.031954575988605 99
