1694700862083 169.64084248330963 0
1694700863579 168.12611485538284 1
1694700865013 166.63687537639197 2
1694700866491 165.17263757279915 3
1694700867894 163.73292459160822 4
1694700869578 162.31726900744738 5
1694700871002 160.92521263354402 6
1694700872380 159.5563063365141 7
1694700873838 158.21010985488758 8
1694700875249 156.8861916212956 9
1694700876648 155.5841285882443 10
1694700878099 154.30350605740298 11
1694700879500 153.04391751233587 12
1694700880863 151.8049644546075 13
1694700882259 150.586256243193 14
1694700883704 149.38740993712767 15
1694700885046 148.20805014132875 16
1694700886481 147.04780885552663 17
1694700887879 145.90632532624124 18
1694700889253 144.7832459017434 19
1694700890733 143.67822388993972 20
1694700892070 142.59091941912206 21
1694700893525 141.5209993015243 22
1694700895049 140.4681368996286 23
1694700896625 139.43201199516636 24
1694700898670 138.412310660759 25
1694700900483 137.40872513414536 26
1694700902631 136.42095369494294 27
1694700904341 135.44870054389253 28
1694700905968 134.49167568453527 29
1694700907751 133.54959480727342 30
1694700909709 132.62217917576615 31
1694700911474 131.70915551561396 32
1694700913001 130.81025590528452 33
1694700914877 129.92521766923514 34
1694700916533 129.0537832731874 35
1694700918051 128.19570022151035 36
1694700919740 127.3507209566696 37
1694700921473 126.51860276070097 38
1694700923034 125.69910765866676 39
1694700924651 124.89200232405575 40
1694700926407 124.0970579860872 41
1694700927940 123.31405033887955 42
1694700929540 122.54275945244787 43
1694700931230 121.78296968549121 44
1694700932693 121.03446959993505 45
1694700934287 120.29705187719269 46
1694700935809 119.57051323611124 47
1694700937257 118.85465435256769 48
1694700938920 118.14927978068218 49
1694700940365 117.45419787561558 50
1694700941870 116.76922071791945 51
1694700943449 116.09416403940682 52
1694700944898 115.42884715051338 53
1694700946425 114.7730928691188 54
1694700947988 114.12672745079853 55
1694700949497 113.48958052047752 56
1694700951084 112.86148500545731 57
1694700952564 112.24227706978884 58
1694700954092 111.63179604996367 59
1694700955782 111.02988439189735 60
1694700957365 110.43638758917828 61
1694700958937 109.85115412255693 62
1694700960598 109.27403540065049 63
1694700962131 108.70488570183772 64
1694700963712 108.14356211732087 65
1694700965184 107.58992449533037 66
1694700966717 107.04383538644974 67
1694700968149 106.50515999003774 68
1694700969715 105.9737661017257 69
1694700971480 105.44952406196866 70
1694700972928 104.93230670562845 71
1694700974606 104.42198931256853 72
1694700976379 103.91844955923953 73
1694700977910 103.42156747123612 74
1694700979545 102.9312253768051 75
1694700981013 102.44730786128584 76
1694700982724 101.96970172246418 77
1694700984355 101.49829592682116 78
1694700986006 101.03298156665899 79
1694700987601 100.5736518180859 80
1694700989070 100.12020189984337 81
1694700990977 99.67252903295788 82
1694700992570 99.23053240120122 83
1694700994071 98.79411311234281 84
1694700995744 98.3631741601779 85
1694700997248 97.93762038731634 86
1694700998815 97.51735844871632 87
1694701000286 97.10229677594805 88
1694701001786 96.6923455421731 89
1694701003379 96.28741662782417 90
1694701004844 95.88742358697205 91
1694701006371 95.49228161436528 92
1694701007850 95.10190751312932 93
1694701009371 94.71621966311157 94
1694701011003 94.33513798985977 95
1694701012500 93.95858393422047 96
1694701014040 93.58648042254549 97
1694701015704 93.2187518374937 98
1694701017191 92.85532398941669 99
