1694670363657 169.12044505583495 0
1694670364753 136.9831030244171 1
1694670365797 110.95808989684376 2
1694670367051 89.88261746583251 3
1694670368075 72.81516251624672 4
1694670369211 58.99334857474422 5
1694670370249 47.799848283050515 6
1694670371434 38.73477823122935 7
1694670372423 31.393349434322573 8
1694670373486 25.44777239234954 9
1694670374521 20.63260645745538 10
1694670375608 16.73289763007046 11
1694670376800 13.574573863825286 12
1694670377799 11.016668094911463 13
1694670378875 8.945021070558846 14
1694670379946 7.267182310300139 15
1694670381001 5.908281167688898 16
1694670382009 4.807683376269458 17
1694670383085 3.9162836096791285 18
1694670384171 3.1943130380132514 19
1694670385281 2.6095638965881385 20
1694670386293 2.13595173133794 21
1694670387354 1.7523510828035882 22
1694670388475 1.4416525942738923 23
1694670389518 1.189999426496422 24
1694670390591 0.9861688745609638 25
1694670391655 0.8210715707286341 26
1694670392754 0.6873459104705514 27
1694670393791 0.5790295928272472 28
1694670394866 0.4912936106791163 29
1694670395981 0.42022681567222325 30
1694670397035 0.3626614410867162 31
1694670398110 0.31603179483820854 32
1694670399178 0.2782598158166677 33
1694670400302 0.24766238608309496 34
1694670401389 0.2228762626547942 35
1694670402494 0.20279727910941178 36
1694670403557 0.18653110416301247 37
1694670404670 0.17335336017936273 38
1694670405755 0.1626773222844125 39
1694670406876 0.15402775704683067 40
1694670407943 0.1470197336486824 41
1694670409015 0.1413414623426578 42
1694670410096 0.136740394679652 43
1694670411159 0.1330119655147174 44
1694670412239 0.12999047465668231 45
1694670413289 0.12754170147767732 46
1694670414373 0.12555692310373995 47
1694670415655 0.1239480694166643 48
1694670416893 0.12264379880437762 49
1694670418058 0.12158631966512656 50
1694670419191 0.1207288159321515 51
1694670420327 0.12003336182442047 52
1694670421540 0.11946923284729755 53
1694670422603 0.11901153773815264 54
1694670423761 0.11864011036422568 55
1694670424972 0.11833861217201477 56
1694670426136 0.11809380517615904 57
1694670427375 0.11789496308003858 58
1694670428550 0.11773339427928245 59
1694670429676 0.11760205548779043 60
1694670430770 0.11749523876620842 61
1694670431890 0.11740831800525782 62
1694670432980 0.11733754356684668 63
1694670434026 0.11727987593269432 64
1694670435095 0.1172328509490134 65
1694670436218 0.11719447066416079 66
1694670437266 0.1171631148968869 67
1694670438428 0.1171374695967576 68
1694670439501 0.11711646880667756 69
1694670440617 0.11709924764359742 70
1694670441616 0.11708510420444483 71
1694670442711 0.11707346870198702 72
