1694516874141 169.64084248330963 0
1694516875005 137.2826479650575 1
1694516875863 111.36682989475426 2
1694516876689 90.48698148192018 3
1694516877542 73.64982395965575 4
1694516878362 60.0600667129458 5
1694516879231 49.0799941416006 6
1694516880063 40.198907280421984 7
1694516880929 33.00706753597462 8
1694516881845 27.17518302856739 9
1694516882817 22.440128609686173 10
1694516883951 18.589663602711852 11
1694516885164 15.452960591344898 12
1694516886086 12.894077456978442 13
1694516887107 10.802413156724873 14
1694516888043 9.089269789003929 15
1694516889068 7.682666634592607 16
1694516889936 6.526047830044871 17
1694516890807 5.57239891012595 18
1694516891714 4.784151437389489 19
1694516892551 4.130442072569892 20
1694516893425 3.5876701626763 21
1694516894389 3.1354112082077297 22
1694516895241 2.7570699180396327 23
1694516896135 2.4403287994225664 24
1694516896955 2.174076642379458 25
1694516897832 1.949581082586408 26
1694516898737 1.7593153183031331 27
1694516899575 1.5982390570861194 28
1694516900404 1.46118006727568 29
1694516901276 1.3438566037688568 30
1694516902279 1.2437113718241741 31
1694516903299 1.1577460477027122 32
1694516904255 1.0834278128340284 33
1694516905252 1.0195277775605607 34
1694516906112 0.9642345468031481 35
1694516906979 0.9159710222896621 36
1694516907959 0.8742322062684094 37
1694516908836 0.8378650107932412 38
1694516909712 0.8058229483823793 39
1694516910493 0.7780056522701418 40
1694516911317 0.753407288983486 41
1694516912048 0.7319657225387428 42
1694516912931 0.7131265179139576 43
1694516913878 0.6963033324027341 44
1694516914865 0.6816449880718218 45
1694516915791 0.6685268834389108 46
1694516916698 0.657060886372113 47
1694516917771 0.646940575474203 48
1694516918758 0.6377698835485175 49
1694516919805 0.629804449803086 50
1694516920799 0.6225802981022361 51
1694516921849 0.6162890233295371 52
1694516922805 0.610579849785301 53
1694516923903 0.6055968687623963 54
1694516925493 0.6012019210728726 55
1694516926782 0.5971180375342684 56
1694516928223 0.5936253457238634 57
1694516929505 0.5903821405536044 58
1694516931152 0.5876014092423057 59
1694516932644 0.5850208939833992 60
1694516933628 0.5828039890446199 61
1694516934702 0.5808693152521964 62
1694516935948 0.5789804645197417 63
1694516936878 0.5774347389611391 64
1694516937761 0.5759293820052394 65
1694516938618 0.5746932346269692 66
1694516939492 0.5734916105184038 67
1694516940367 0.5725025570656773 68
1694516941259 0.5716639051965815 69
1694516942138 0.5707531220358807 70
1694516942982 0.5700805421591673 71
1694516943857 0.5693540203749121 72
1694516944841 0.5688143653904366 73
1694516945779 0.5682335874204153 74
1694516946642 0.5678007023625778 75
1694516947561 0.5673356539710668 76
1694516948455 0.5669886851586478 77
1694516949338 0.5667263614889977 78
1694516950234 0.5663419131179833 79
1694516951125 0.5661300011421363 80
1694516952046 0.5658233681147713 81
1694516952937 0.5656522834357168 82
1694516953912 0.5654067767182509 83
1694516954841 0.5652689777550637 84
1694516955665 0.5650718104592644 85
1694516956521 0.5649612111279241 86
1694516957489 0.5649109483379466 87
1694516958415 0.564718326913539 88
1694516959255 0.5646762260075298 89
1694516960161 0.5645229061132079 90
1694516961028 0.5644878700263388 91
1694516961857 0.5643649469052734 92
1694516962658 0.564336187804189 93
1694516963518 0.5642370617445898 94
1694516964416 0.5642138804963709 95
