1694718137999 0.0021638534241196885 0
1694718140191 0.013306839623326286 1
1694718143003 0.19383125170890816 2
1694718145249 0.39001147812159664 3
1694718147903 0.042435072765839375 4
1694718150774 0.007799115847844704 5
1694718152780 0.000829399041122447 6
1694718154416 0.05839576375152155 7
1694718156214 1.2779978481863916 8
1694718157974 0.4032404071560874 9
1694718160039 0.007326380824068692 10
1694718161827 0.1266791363368095 11
1694718163901 0.00534418515725594 12
1694718165757 0.1464129383645739 13
1694718167669 0.03897160401684968 14
1694718169711 0.0379155810311249 15
1694718171888 0.029236079657629654 16
1694718173975 0.0744361965494271 17
1694718176378 0.005634402074561971 18
1694718178442 0.029015531014434222 19
1694718180610 0.034276433287789974 20
1694718182536 0.0002153713792692029 21
1694718184508 0.02082684717558884 22
1694718186765 0.08869513816724428 23
1694718188642 0.00036205941611916736 24
1694718190645 0.1303390093833211 25
1694718193239 0.04619371378227609 26
1694718195423 0.00016971777593049512 27
1694718197947 0.13130868626760017 28
1694718200529 0.0604654814214193 29
1694718203273 0.11099520644034196 30
1694718206328 0.05437417381697281 31
1694718208916 0.10157894087758389 32
1694718211120 0.041476982298189656 33
1694718213666 0.00011513336401283528 34
1694718216754 0.043012348589136114 35
1694718219051 0.014340020171754495 36
1694718221952 0.0008841127857432819 37
1694718224902 2.6548851506076997e-05 38
1694718227622 0.11399301443565653 39
1694718230583 0.013673446561854371 40
1694718233273 0.026543826903449256 41
1694718236793 0.00011222887325972762 42
1694718239266 0.0035157037542265283 43
1694718242077 0.12528386565586652 44
1694718244826 0.0021605956592160385 45
1694718247635 0.5048171315663857 46
1694718250079 0.007971969133841825 47
1694718252336 0.0031254759488502596 48
1694718255068 0.32290362380286153 49
1694718257864 2.2141752962262036 50
1694718260732 0.03087925144828117 51
1694718263061 0.0010999424094215227 52
1694718265863 0.34386098286131583 53
1694718268610 0.12147797873463122 54
1694718271211 6.451389650607797e-07 55
1694718273229 0.15191801933985372 56
1694718275554 5.343364094726152e-05 57
1694718278877 0.1867340191233335 58
1694718280846 0.33160763289565515 59
1694718283504 0.003577030350680989 60
1694718285082 0.00796451011557336 61
1694718286739 0.2209988506027298 62
1694718288488 0.03698710085633449 63
1694718290500 0.047210539835164794 64
1694718292335 0.00036399098267348476 65
1694718294241 0.06786687793796074 66
1694718296372 0.011020615262303036 67
1694718298486 0.1962010087536581 68
1694718300316 0.14120983007736623 69
1694718302915 0.3418946484271275 70
1694718305462 0.0005054997065642499 71
1694718307842 0.04695298408255987 72
1694718310229 0.2843046097515829 73
1694718312982 0.010155858388949866 74
1694718315261 0.08734510974760738 75
1694718317176 0.037662163637175984 76
1694718319672 0.19115343628216908 77
1694718322329 0.00010560023818893593 78
1694718324853 0.2586433648986463 79
1694718327464 0.09006722670518877 80
1694718330385 0.14276196098459712 81
1694718333037 0.25901232075233066 82
1694718336053 0.0011227063134228636 83
1694718338899 0.04199472910045221 84
1694718341486 0.5359402237199764 85
1694718344122 0.005428093120288146 86
1694718346753 0.16098373110935632 87
1694718349664 0.04870579055009917 88
1694718352881 0.02655054253182714 89
1694718355550 0.09057215879354912 90
1694718358208 0.0014217154776850632 91
1694718360795 0.3171809613039311 92
1694718363914 3.999426046395835e-05 93
1694718366581 0.12333591411006299 94
1694718368070 0.12834558032694385 95
1694718369550 0.00372291942635601 96
1694718371061 0.22992224166752237 97
1694718372602 0.10512689729080771 98
1694718374265 0.9474495865527105 99
