1694706693941 169.77374313676205 0
1694706695541 169.73934574549503 1
1694706696834 169.70495531868497 2
1694706698533 169.67057185492038 3
1694706700612 169.6361953527901 4
1694706702973 169.60234561618748 5
1694706705010 169.56850268204832 6
1694706707396 169.53466654899896 7
1694706708784 169.500837215666 8
1694706710350 169.46701468067633 9
1694706712063 169.43319894265707 10
1694706713950 169.3993900002357 11
1694706716261 169.36558785203997 12
1694706718525 169.3317924966978 13
1694706720068 169.29800393283753 14
1694706722123 169.2642221590877 15
1694706723430 169.23044717407714 16
1694706724868 169.19667897643492 17
1694706726979 169.16291756479046 18
1694706728881 169.12916293777351 19
1694706731213 169.09541509401387 20
1694706732804 169.06167403214187 21
1694706734509 169.02793975078797 22
1694706736038 168.99421224858295 23
1694706737477 168.96049152415785 24
1694706738757 168.92677757614405 25
1694706740810 168.8930704031731 26
1694706742594 168.85937000387696 27
1694706744134 168.82567637688777 28
1694706745738 168.79198952083794 29
1694706747746 168.75830943436023 30
1694706750643 168.72463611608765 31
1694706752803 168.69100739695315 32
1694706754995 168.6573854248678 33
1694706756932 168.623770198472 34
1694706758667 168.59016171640616 35
1694706760296 168.5565599773111 36
1694706761845 168.52296497982795 37
1694706763406 168.489376722598 38
1694706764934 168.45579520426293 39
1694706766836 168.42222042346458 40
1694706768877 168.3886523788452 41
1694706770898 168.35509106904718 42
1694706773682 168.3215364927133 43
1694706775060 168.28798864848653 44
1694706776824 168.2544475350101 45
1694706778898 168.22091315092766 46
1694706780560 168.18738549488296 47
1694706783239 168.15386456552014 48
1694706785254 168.12035036148356 49
1694706787208 168.08684288141785 50
1694706789662 168.05334212396795 51
1694706791735 168.01984808777905 52
1694706793389 167.98636077149663 53
1694706795222 167.95288017376643 54
1694706796798 167.91940629323446 55
1694706798650 167.88593912854702 56
1694706800223 167.8524786783507 57
1694706801709 167.81902494129233 58
1694706803421 167.78557791601898 59
1694706805005 167.75213760117808 60
1694706807373 167.7187039954173 61
1694706809767 167.68527709738453 62
1694706811534 167.65185690572807 63
1694706812998 167.61844341909628 64
1694706814967 167.58503663613803 65
1694706817456 167.55163655550226 66
1694706819943 167.51824317583834 67
1694706822034 167.4848564957958 68
1694706823709 167.45147651402453 69
1694706825176 167.41810322917465 70
1694706826701 167.38473663989652 71
1694706828311 167.35137674484082 72
1694706829801 167.31802354265852 73
1694706831321 167.28467703200081 74
1694706832739 167.25133721151923 75
1694706834239 167.21800407986547 76
1694706836007 167.1846776356916 77
1694706837315 167.15135787764993 78
1694706838700 167.11804480439298 79
1694706840006 167.08473841457374 80
1694706841570 167.0514387068452 81
1694706843064 167.01814567986085 82
1694706844537 166.98485933227428 83
1694706846000 166.95157966273948 84
1694706847446 166.9183066699107 85
1694706848897 166.88504035244233 86
1694706850310 166.85178070898922 87
1694706851782 166.81852773820637 88
1694706853151 166.78528143874908 89
1694706854574 166.75204180927292 90
1694706856107 166.71880884843378 91
1694706857466 166.68558255488773 92
1694706858950 166.65236292729116 93
1694706860498 166.6191499643008 94
1694706861898 166.58594366457353 95
1694706863360 166.5527440267666 96
1694706864753 166.5195510495374 97
1694706866228 166.48636473154377 98
1694706867775 166.45318507144376 99
