1694706527307 168.1162790869999 0
1694706528622 168.08299475104846 1
1694706530097 168.04971703882742 2
1694706531641 168.01644594901543 3
1694706532970 167.98318148029148 4
1694706534631 167.9499236313347 5
1694706536204 167.91667240082467 6
1694706537738 167.88342778744106 7
1694706539485 167.8501897898639 8
1694706541182 167.81695840677335 9
1694706542863 167.78373363685006 10
1694706544481 167.75051547877476 11
1694706546002 167.7173039312285 12
1694706547648 167.68409899289264 13
1694706549103 167.65090066244875 14
1694706550692 167.6177089385786 15
1694706552259 167.5845238199644 16
1694706553674 167.55134530528844 17
1694706555366 167.51817339323338 18
1694706556876 167.48500808248215 19
1694706558475 167.45184937171788 20
1694706560068 167.418697259624 21
1694706561619 167.3855517448842 22
1694706563292 167.35241282618236 23
1694706564935 167.3192805022028 24
1694706566650 167.28615477162992 25
1694706568324 167.25303563314853 26
1694706569907 167.21992308544353 27
1694706571605 167.18681712720027 28
1694706573032 167.15371775710426 29
1694706574802 167.12062497384122 30
1694706576484 167.0875387760973 31
1694706577991 167.05445916255871 32
1694706579610 167.02138613191215 33
1694706581085 166.98831968284435 34
1694706582703 166.95525981404245 35
1694706584335 166.92220652419383 36
1694706585802 166.88915981198608 37
1694706587490 166.85611967610714 38
1694706589038 166.8230861152451 39
1694706590992 166.7900591280884 40
1694706592793 166.75703871332573 41
1694706594460 166.72402486964597 42
1694706596397 166.69101759573837 43
1694706598511 166.6580168902924 44
1694706599988 166.62502275199773 45
1694706601514 166.59203517954438 46
1694706603193 166.5590541716226 47
1694706605287 166.52607972692286 48
1694706606860 166.49311184413594 49
1694706608609 166.46015052195293 50
1694706611184 166.427195759065 51
1694706612584 166.3942475541638 52
1694706614001 166.36130590594115 53
1694706615542 166.3283708130891 54
1694706617146 166.29544227429992 55
1694706618698 166.2625202882663 56
1694706620164 166.22960485368108 57
1694706621529 166.19669596923737 58
1694706623060 166.16379363362853 59
1694706624535 166.13089784554822 60
1694706626211 166.09800860369035 61
1694706627818 166.06512590674907 62
1694706629374 166.03224975341885 63
1694706631179 165.99938014239433 64
1694706632558 165.9665170723705 65
1694706633892 165.9336605420425 66
1694706635390 165.90081055010583 67
1694706636877 165.86796709525626 68
1694706638224 165.8351301761897 69
1694706639811 165.80229979160248 70
1694706641271 165.76947594019109 71
1694706642696 165.73665862065226 72
1694706644221 165.70384783168308 73
1694706645591 165.6710435719808 74
1694706647271 165.63824584024297 75
1694706648620 165.60545463516743 76
1694706649892 165.57266995545223 77
1694706651356 165.53989179979573 78
1694706652608 165.50712016689647 79
1694706654168 165.4743550554534 80
1694706655849 165.4415964641655 81
1694706657391 165.4088443917323 82
1694706659046 165.3760988368533 83
1694706660569 165.34335979822842 84
1694706662336 165.31062727455785 85
1694706663761 165.27790126454198 86
1694706665126 165.24518176688147 87
1694706666539 165.2124687802773 88
1694706667953 165.17976230343058 89
1694706669374 165.14706233504285 90
1694706670898 165.11436887381578 91
1694706672413 165.0816819184513 92
1694706673924 165.0490014676517 93
1694706675840 165.01632752011943 94
1694706677477 164.9836600745572 95
1694706679946 164.95099912966813 96
1694706682858 164.91834468415541 97
1694706684840 164.88569673672256 98
1694706686254 164.85305528607336 99
