1694628414756 168.54379126551402 0
1694628416175 165.19807082103898 1
1694628417867 158.99290388041717 2
1694628419276 150.43513621016635 3
1694628420815 140.0508230859635 4
1694628422102 128.3590882795387 5
1694628423444 115.85140270749616 6
1694628424974 102.9760681299957 7
1694628426378 90.12770366716782 8
1694628427845 77.64057837097877 9
1694628429358 65.78615760855381 10
1694628431078 54.77317569709664 11
1694628432767 44.75033437388767 12
1694628434261 35.81131605039529 13
1694628435804 28.000366700348657 14
1694628437303 21.319032968364777 15
1694628438951 15.733863168266508 16
1694628440357 11.183159550248094 17
1694628441872 7.583956248212324 18
1694628443571 4.839138212464326 19
1694628445355 2.842756383703548 20
1694628446770 1.4853861312616363 21
1694628448020 0.6582809454777157 22
1694628449844 0.2575403292299625 23
1694628451462 0.1861970666815233 24
1694628452919 0.3564188602304949 25
1694628455161 0.6907956355804092 26
1694628456894 1.1228179787545343 27
1694628458304 1.5974634289071776 28
1694628459785 2.0708582715322814 29
1694628461206 2.5092512062248558 30
1694628462537 2.8883634020486615 31
1694628463947 3.192336662852213 32
1694628465459 3.4125781768365604 33
1694628466786 3.5465638740033305 34
1694628468056 3.596514727340077 35
1694628469637 3.5685730688476087 36
1694628470961 3.4715878689120707 37
1694628472244 3.316248455729499 38
1694628473588 3.1140318156817774 39
1694628474927 2.876663870571421 40
1694628476287 2.6155569534891603 41
1694628477694 2.3413728783557706 42
1694628479000 2.0636439456398517 43
1694628480275 1.7906955197835293 44
1694628481667 1.5294548660586822 45
1694628482939 1.2854277079222385 46
1694628484641 1.0626511516831192 47
1694628486680 0.8638397696391482 48
1694628488685 0.6905033021519514 49
1694628490195 0.5430692930597796 50
1694628491926 0.421081989350352 51
1694628493914 0.32335371041874816 52
1694628495793 0.248128491569887 53
1694628498186 0.19321902112797404 54
1694628500344 0.1561663600599288 55
1694628501892 0.13438570756965015 56
1694628503364 0.12528619744754294 57
1694628504749 0.12632975391414186 58
1694628506230 0.13510387299711887 59
1694628507510 0.14941531561581473 60
1694628508911 0.16732296668738636 61
1694628510282 0.18712840777558606 62
1694628511616 0.20740944143559725 63
1694628512990 0.22699327782877798 64
1694628514305 0.24498480847844611 65
1694628515681 0.2607381706953965 66
1694628516976 0.27382991728489114 67
1694628518422 0.28400975493025277 68
1694628519719 0.29119705240125154 69
1694628521028 0.2954401493411846 70
1694628522372 0.29690157055085226 71
1694628523683 0.29582988398799687 72
1694628525346 0.29251583099220824 73
1694628526663 0.2872818528947606 74
1694628527943 0.28047285124011095 75
1694628529292 0.2724441183360945 76
1694628530805 0.263526683519042 77
1694628532081 0.25403431570922647 78
1694628533435 0.24422419063945686 79
1694628534736 0.23433527527806144 80
1694628536086 0.22457769708825676 81
1694628537435 0.2151448297969562 82
1694628538864 0.2061679566362817 83
1694628540192 0.19774990269879705 84
1694628541445 0.1899658366054035 85
1694628542840 0.1828174772631087 86
1694628544113 0.17631498915393232 87
1694628545439 0.1704582160077133 88
1694628546654 0.16523776230414053 89
1694628548049 0.16065732565216242 90
1694628549343 0.15666811156169108 91
1694628550676 0.15322244744371227 92
1694628552032 0.15027436165158517 93
1694628553377 0.14777995714474615 94
1694628554726 0.14564318206348958 95
1694628556010 0.1438109083367622 96
1694628557318 0.14224348657522376 97
1694628558602 0.14091233828736707 98
1694628559976 0.13982422262659563 99
