1694680891518 169.0102707533208 0
1694680892722 136.91225775867926 1
1694680893840 111.16581301647152 2
1694680894940 90.3974322786996 3
1694680896095 73.63192625786594 4
1694680897288 60.086057676768654 5
1694680898418 49.131602592620375 6
1694680899564 40.263521304993624 7
1694680900701 33.07669140933941 8
1694680901848 27.245226891304615 9
1694680903012 22.507007739914755 10
1694680904302 18.65190852707625 11
1694680905629 15.510127828433337 12
1694680907783 12.945672131951556 13
1694680910613 10.848413902999328 14
1694680913116 9.130150217287705 15
1694680915471 7.719419980458072 16
1694680917649 6.558424714273454 17
1694680918947 5.601044246831444 18
1694680920467 4.809362267799336 19
1694680921748 4.15325346175661 20
1694680922929 3.6078392116496243 21
1694680924109 3.153357864042155 22
1694680925308 2.773520244241798 23
1694680926486 2.4549478043994095 24
1694680927725 2.187222407387985 25
1694680929086 1.9613128157832076 26
1694680930412 1.7702996563762206 27
1694680931720 1.6081261323603362 28
1694680933044 1.4701608167897489 29
1694680935378 1.3523109449495803 30
1694680938284 1.2514481147897165 31
1694680941402 1.1648644851632548 32
1694680943765 1.0901680358738846 33
1694680946337 1.0257738891415917 34
1694680948680 0.9699223890939094 35
1694680951262 0.9215241168558334 36
1694680953827 0.8793414452778888 37
1694680956211 0.8426152859798925 38
1694680958814 0.8104663163068676 39
1694680961621 0.7823577949512326 40
1694680964031 0.7576586287338624 41
1694680966446 0.7359834109163543 42
1694680968854 0.7168747052546369 43
1694680971315 0.7000514187620647 44
1694680974115 0.6851788248394168 45
1694680976385 0.6720487520967171 46
1694680978747 0.66041405812055 47
1694680981267 0.6501183304332592 48
1694680983923 0.6409775575059755 49
1694680986606 0.6328726580509749 50
1694680989096 0.6256655544139348 51
1694680991192 0.6192645347451984 52
1694680992587 0.6135652353787557 53
1694680994680 0.6084963389112588 54
1694680996586 0.6039784219832716 55
1694680998999 0.5999556042193498 56
1694681000187 0.59636703903209 57
1694681001342 0.5931687042805166 58
1694681002483 0.5903136697622559 59
1694681003812 0.5877671470070333 60
1694681005124 0.5854926781211931 61
1694681006451 0.5834627535649479 62
1694681007617 0.5816488214879936 63
1694681008813 0.5800291737831355 64
1694681009968 0.5785812384154222 65
1694681011285 0.577287976499001 66
1694681012637 0.5761313408363089 67
1694681013839 0.5750980832254282 68
1694681015108 0.5741735764801671 69
1694681016340 0.5733476737036054 70
1694681017686 0.5726083252436084 71
1694681018948 0.5719479391709735 72
1694681021602 0.5713563989227866 73
1694681022999 0.5708282307713207 74
1694681024256 0.5703547572591223 75
1694681025489 0.5699322710047209 76
1694681026698 0.5695531546278908 77
1694681027914 0.5692151817170144 78
1694681029108 0.568911504176754 79
1694681030266 0.5686411437045196 80
1694681031419 0.568397798676275 81
1694681032654 0.5681815478457954 82
1694681034177 0.5679864657675114 83
1694681036917 0.5678135307070112 84
1694681038334 0.5676570637627913 85
1694681040871 0.5675188121809128 86
1694681042815 0.5673932454814561 87
1694681044524 0.5672827712490794 88
1694681045903 0.567181933734533 89
1694681047023 0.5670937100385389 90
1694681048474 0.5670126643848571 91
1694681050389 0.5669422671347998 92
1694681052454 0.5668770623804154 93
1694681053803 0.5668209494433653 94
1694681056522 0.5667684234941591 95
1694681059010 0.5667237583631621 96
1694681061390 0.5666813802182115 97
1694681063509 0.5666458910897176 98
1694681065625 0.5666116347344492 99
1694681067812 0.5665835018315517 100
1694681069786 0.5665557454007508 101
1694681071707 0.5665335108467339 102
1694681073873 0.5665109559671356 103
1694681075937 0.5664934516741291 104
1694681078091 0.5664750589312385 105
1694681080052 0.5664613488886061 106
1694681081955 0.5664462861835153 107
1694681084092 0.5664356202611124 108
1694681086329 0.5664232214757625 109
1694681088273 0.5664149984383778 110
1694681090351 0.5664047303472691 111
1694681092425 0.566398468239525 112
1694681094463 0.566389904019965 113
1694681096597 0.5663852164501139 114
1694681098894 0.5663780144734354 115
1694681101262 0.566374591619206 116
1694681103740 0.5663684784691502 117
1694681106241 0.5663660718641512 118
1694681108576 0.5663608287393023 119
1694681110921 0.5663592390865569 120
1694681112922 0.5663546909121417 121
1694681115479 0.5663537583217536 122
1694681117963 0.5663497650308067 123
1694681120441 0.5663493611990429 124
1694681122930 0.5663458107506633 125
1694681125756 0.5663458326939527 126
1694681127713 0.5663426354825821 127
1694681129508 0.5663430005169835 128
1694681131292 0.5663400848956033 129
1694681133108 0.5663407266139099 130
1694681135037 0.5663380353092906 131
1694681137132 0.566338900357323 132
1694681139528 0.5663363875996549 133
1694681142044 0.5663374330927694 134
1694681145216 0.5663350623173855 135
1694681149075 0.566336253769895 136
1694681151648 0.5663339957771572 137
1694681153691 0.5663353054426933 138
1694681154936 0.566333136924771 139
1694681156316 0.5663345424658839 140
1694681157994 0.5663324448273602 141
1694681159737 0.5663339282489444 142
1694681161006 0.5663318866627101 143
1694681162155 0.5663334334568114 144
1694681163374 0.5663314361083753 145
1694681164508 0.5663330345684083 146
1694681165672 0.5663310720510828 147
1694681166814 0.5663327127217975 148
1694681168088 0.5663307775526902 149
1694681169492 0.5663324527889584 150
1694681170607 0.5663305390217007 151
1694681171732 0.5663322426344953 152
1694681172865 0.5663303455494076 153
1694681174427 0.5663320725217063 154
1694681176309 0.5663301883779712 155
1694681177724 0.5663319346366873 156
1694681178987 0.5663300604741524 157
1694681180145 0.566331822707008 158
1694681181465 0.5663299561877233 159
1694681182646 0.5663317316961644 160
1694681183793 0.566329870977721 161
1694681184965 0.5663316575587072 162
1694681186163 0.566329801193019 163
1694681187355 0.5663315970440111 164
1694681188509 0.5663297438964648 165
1694681189663 0.5663315475390043 166
1694681190981 0.566329696723906 167
1694681193080 0.5663315069421163 168
1694681194479 0.5663296577711626 169
1694681195655 0.5663314735622305 170
1694681198596 0.5663296255034093 171
1694681201534 0.5663314460376827 172
1694681204201 0.5663295986825109 173
1694681206519 0.5663314232713181 174
1694681208703 0.5663295763087343 175
1694681211095 0.5663314043784194 176
1694681213428 0.566329557574011 177
1694681215583 0.5663313886449446 178
1694681218102 0.5663295418244241 179
1694681220450 0.5663313754940298 180
1694681222769 0.5663295285301095 181
1694681225500 0.5663313644591207 182
1694681227812 0.5663295172610934 183
1694681230025 0.5663313551624064 184
1694681232304 0.5663295076678997 185
1694681234555 0.5663313472975183 186
1694681237056 0.5663294994659734 187
1694681240046 0.5663313406156378 188
1694681242630 0.5663294924231506 189
1694681245102 0.5663313349143405 190
1694681247736 0.5663294863496131 191
1694681250012 0.566331330028631 192
1694681252403 0.5663294810897804 193
1694681255030 0.5663313258237421 194
1694681256728 0.5663294765158187 195
1694681258243 0.566331322189354 196
1694681260104 0.5663294725223851 197
1694681261323 0.5663313190349194 198
1694681262594 0.5663294690224078 199
1694681263677 0.566331316285927 200
1694681265171 0.56632946594369 201
1694681266465 0.5663313138808802 202
1694681267543 0.5663294632261536 203
1694681268669 0.5663313117688639 204
1694681269840 0.5663294608196255 205
1694681270944 0.5663313099075817 206
1694681272079 0.5663294586820489 207
1694681273120 0.5663313082617693 208
1694681274211 0.5663294567780176 209
1694681275338 0.5663313068019191 210
1694681276455 0.5663294550776107 211
1694681277569 0.5663313055032413 212
1694681278749 0.5663294535554321 213
1694681279795 0.5663313043448229 214
1694681281454 0.5663294521898373 215
1694681283151 0.5663313033089526 216
1694681284851 0.5663294509622919 217
1694681286383 0.5663313023805606 218
1694681287907 0.5663294498568591 219
1694681289170 0.56633130154677 220
1694681290350 0.5663294488597821 221
1694681291512 0.5663313007965343 222
1694681292630 0.5663294479591302 223
1694681295118 0.566331300120336 224
1694681297182 0.5663294471445145 225
1694681299740 0.5663312995099345 226
1694681302435 0.5663294464068571 227
1694681304973 0.5663312989581698 228
1694681307568 0.5663294457381903 229
1694681310319 0.5663312984587964 230
1694681312688 0.5663294451314976 231
1694681315226 0.56633129800634 232
1694681317971 0.5663294445805792 233
1694681320186 0.5663312975959923 234
1694681322587 0.5663294440799447 235
1694681324676 0.5663312972235107 236
1694681327152 0.5663294436247052 237
1694681329257 0.5663312968851351 238
1694681331422 0.5663294432105062 239
1694681333952 0.5663312965775337 240
1694681336526 0.5663294428334592 241
1694681339149 0.5663312962977372 242
1694681341605 0.5663294424900766 243
1694681342889 0.5663312960430933 244
1694681344455 0.5663294421772246 245
1694681346150 0.5663312958112326 246
1694681347514 0.5663294418920939 247
1694681349660 0.5663312956000248 248
1694681351121 0.5663294416321448 249
1694681352544 0.5663312954075631 250
1694681353766 0.5663294413950918 251
1694681354966 0.566331295232124 252
1694681356069 0.5663294411788654 253
1694681357157 0.5663312950721551 254
1694681358295 0.5663294409815943 255
1694681359985 0.5663312949262568 256
1694681361710 0.5663294408015834 257
1694681362873 0.5663312947931621 258
1694681363949 0.5663294406372962 259
1694681365038 0.5663312946717215 260
1694681366238 0.5663294404873381 261
1694681367425 0.5663312945608977 262
1694681368511 0.5663294403504412 263
1694681369651 0.5663312944597467 264
1694681370794 0.5663294402254558 265
1694681372027 0.5663312943674106 266
1694681373139 0.5663294401113328 267
1694681374272 0.5663312942831111 268
1694681375409 0.5663294400071179 269
1694681376644 0.5663312942061431 270
1694681377878 0.566329439911948 271
1694681379102 0.5663312941358614 272
1694681380228 0.5663294398250311 273
1694681381572 0.5663312940716814 274
1694681383038 0.5663294397456459 275
1694681384679 0.566331294013068 276
1694681387856 0.5663294396731363 277
1694681390443 0.5663312939595346 278
1694681392515 0.5663294396069039 279
1694681394669 0.566331293910638 280
1694681397488 0.5663294395464004 281
1694681399481 0.5663312938659754 282
1694681401520 0.5663294394911312 283
1694681402788 0.5663312938251778 284
1694681403864 0.5663294394406415 285
1694681405024 0.5663312937879106 286
1694681406168 0.5663294393945189 287
1694681407256 0.5663312937538663 288
1694681408452 0.5663294393523804 289
1694681409869 0.5663312937227665 290
1694681411241 0.566329439313885 291
1694681412430 0.5663312936943552 292
1694681413641 0.5663294392787167 293
1694681414727 0.5663312936684004 294
1694681415895 0.5663294392465861 295
1694681417091 0.5663312936446869 296
1694681418414 0.5663294392172289 297
1694681419670 0.5663312936230218 298
1694681420905 0.5663294391904078 299
