1694713969681 53.415826682239114 0
1694713971686 14.431988662893493 1
1694713974045 5.2883709367786205 2
1694713976206 1.37735542727227 3
1694713978456 0.5969514433596179 4
1694713980833 0.18701520326037038 5
1694713983447 0.12206354160451216 6
1694713985768 0.08381170800424262 7
1694713988048 0.29079499625433863 8
1694713990431 0.3524016418357357 9
1694713992478 0.10056922309940616 10
1694713994738 0.0377836311493462 11
1694713996812 0.0945199679019744 12
1694713998916 0.09827611566635469 13
1694714001050 0.126896579236034 14
1694714003347 0.09946661069149579 15
1694714005921 0.024611141847266798 16
1694714007866 0.1045710677827471 17
1694714010178 0.16575744443948073 18
1694714012187 0.07977970030551361 19
1694714014392 0.19320192740138237 20
1694714016213 0.029142603793114303 21
1694714018649 0.09550494561586764 22
1694714021002 0.06562282590767948 23
1694714023017 0.039457045886872856 24
1694714025038 0.08178757430358045 25
1694714027130 0.09727762316541262 26
1694714029067 0.07716941465750507 27
1694714031204 0.04627525682433153 28
1694714033367 0.02054982211897586 29
1694714035730 0.13628034656923846 30
1694714038015 0.11095428910914958 31
1694714039806 0.09394711606820215 32
1694714042085 0.19606725838859787 33
1694714044269 0.12340891954087879 34
1694714046487 0.09038475511044614 35
1694714048479 0.03189776445648074 36
1694714050757 0.17972507143994018 37
1694714052665 0.09651634602699104 38
1694714054667 0.15668131556473253 39
1694714056605 0.08752273472214758 40
1694714058862 0.10560872277645296 41
1694714060937 0.07980330249223462 42
1694714063009 0.09546938761439028 43
1694714065027 0.029495452583312334 44
1694714067083 0.02615507533441952 45
1694714069082 0.5669647397296086 46
1694714071269 0.1603506563009915 47
1694714073536 0.08494794858965209 48
1694714075419 0.09107424986780573 49
1694714077627 0.05680601463778144 50
1694714079594 0.1356694345348978 51
1694714081842 0.10155953338876073 52
1694714083798 0.14204986180489518 53
1694714085937 0.05432448758932787 54
1694714087832 0.03514860510521987 55
1694714090050 0.15010848279295574 56
1694714091958 0.1151629893029032 57
1694714094101 0.028556283844562342 58
1694714096266 0.04008644086803506 59
1694714098335 0.14668307432620126 60
1694714100354 0.0802633274948811 61
1694714103247 0.06814959654484984 62
1694714105965 0.11506401275027361 63
1694714108214 0.026636229137910295 64
1694714110452 0.2874825488947739 65
1694714112599 0.1240965969154605 66
1694714114722 0.10307822859116861 67
1694714116713 0.09002346763259483 68
1694714118862 0.052249479403212735 69
1694714120901 0.06663687559721058 70
1694714122875 0.12958890622799327 71
1694714124888 0.032263833577931396 72
1694714126963 0.043225800622582654 73
1694714129262 0.09976042398923517 74
1694714131317 0.057619479358265946 75
1694714133541 0.10671140980585848 76
1694714135625 0.17905696814451702 77
1694714137859 0.11628922460900694 78
1694714139846 0.3862287201681007 79
1694714142070 0.11769747993980831 80
1694714143985 0.1730935060385065 81
1694714146162 0.0793942745266099 82
1694714148175 0.1308835179841492 83
1694714150387 0.1621515301346418 84
1694714152188 0.20941210664806723 85
1694714154347 0.02880030132504645 86
1694714156877 0.04891853365925 87
1694714158956 0.1498067971506264 88
1694714161140 0.0776489382925359 89
1694714163520 0.08021816810324227 90
1694714165917 0.15267874385810037 91
1694714167911 0.06921399919900786 92
1694714170141 0.16341106444504938 93
1694714172083 0.024343009971113567 94
1694714174407 0.044618149981137056 95
1694714176527 0.1055195993642683 96
1694714178668 0.07547105045330967 97
1694714180627 0.03871519812629534 98
1694714182679 0.1176043784007808 99
