1694346421712 -239.42525920837832 0
1694346422314 -193.75534896139501 1
1694346422883 -157.5461567058226 2
1694346423524 -128.764061842104 3
1694346424151 -105.82224636845642 4
1694346424856 -87.4813054188927 5
1694346425493 -72.7721188047744 6
1694346426139 -60.93597869264158 7
1694346426743 -51.37809616268207 8
1694346427343 -43.631482636253736 9
1694346428017 -37.328878462423766 10
1694346428778 -32.180924766321674 11
1694346429467 -27.95918040005578 12
1694346430039 -24.482900142516197 13
1694346430692 -21.608733794504214 14
1694346431324 -19.22269448055457 15
1694346432006 -17.23389066396707 16
1694346432707 -15.569629681630254 17
1694346433379 -14.171588424358067 18
1694346433985 -12.992814868105278 19
1694346434413 -11.995376947922043 20
1694346434895 -11.148516203432234 21
1694346435391 -10.427195379113456 22
1694346436242 -9.81095380062204 23
1694346436982 -9.283003470169561 24
1694346437633 -8.829513669288938 25
1694346438223 -8.439043386769573 26
1694346438903 -8.102089847365837 27
1694346439620 -7.81072837986097 28
1694346440364 -7.558324278214181 29
1694346441114 -7.339301523337671 30
1694346441716 -7.148956514175158 31
1694346442333 -6.98330751348748 32
1694346442979 -6.838972507644054 33
1694346443597 -6.713069736094748 34
1694346444183 -6.603136362296599 35
1694346444834 -6.507061709169815 36
1694346445434 -6.42303222725782 37
1694346446048 -6.349485948181258 38
1694346446615 -6.285074635071105 39
1694346447243 -6.2286322029335555 40
1694346448008 -6.1791482667217075 41
1694346448970 -6.135745899906744 42
1694346449733 -6.097662864513362 43
1694346450403 -6.064235715009124 44
1694346451095 -6.034886290992437 45
1694346451814 -6.0091102034576025 46
1694346452808 -5.98646699133383 47
1694346453551 -5.966571682757927 48
1694346454181 -5.94908754209255 49
1694346454747 -5.933719821354583 50
1694346455351 -5.920210365286383 51
1694346456001 -5.908332944215848 52
1694346456761 -5.897889209236023 53
1694346457388 -5.888705180981711 54
1694346457992 -5.880628197095464 55
1694346458579 -5.873524254917297 56
1694346459214 -5.867275695448219 57
1694346459813 -5.861779182583072 58
1694346460528 -5.856943938268135 59
1694346461133 -5.852690199842533 60
1694346461707 -5.848947870555048 61
1694346462263 -5.845655338258001 62
1694346462858 -5.84275844068949 63
1694346463450 -5.8402095586636 64
1694346464108 -5.837966820975282 65
1694346464876 -5.835993406960606 66
1694346465644 -5.83425693448726 67
1694346466274 -5.8327289227316514 68
1694346466895 -5.831384320464557 69
1694346467502 -5.830201091749055 70
1694346468227 -5.8291598519791386 71
1694346469113 -5.828243548077123 72
1694346469829 -5.827437177441537 73
1694346470511 -5.8267275409108334 74
1694346471204 -5.826103025595531 75
1694346471916 -5.825553413943842 76
1694346472965 -5.825069715853506 77
1694346473976 -5.824644021033884 78
1694346474807 -5.8242693691647025 79
1694346477314 -5.823939635697645 80
1694346478122 -5.823649431409589 81
1694346479043 -5.823394014046261 82
1694346480185 -5.823169210597133 83
1694346481143 -5.822971348919232 84
1694346481947 -5.822797197582888 85
1694346482662 -5.822643912948943 86
1694346483380 -5.822508992606655 87
1694346484246 -5.822390234406558 88
1694346485046 -5.822285700415214 89
1694346485717 -5.822193685199767 90
1694346486426 -5.822112687921693 91
1694346487202 -5.8220413877817885 92
1694346487880 -5.8219786224135985 93
