1694707485212 170.02623708885756 0
1694707487080 168.42087423975894 1
1694707489057 166.6459625270419 2
1694707490885 164.7237088216223 3
1694707492644 162.67434372748508 4
1694707494324 160.51625171186024 5
1694707496287 158.26610036578882 6
1694707497772 155.93896678770355 7
1694707499286 153.54845964266548 8
1694707501061 151.10683589232028 9
1694707502760 148.6251115377845 10
1694707504550 146.11316598781457 11
1694707506269 143.57983987270657 12
1694707507930 141.03302628262708 13
1694707509624 138.4797555274488 14
1694707511371 135.9262736017719 15
1694707513091 133.3781146002417 16
1694707514812 130.8401673698791 17
1694707516686 128.3167367122461 18
1694707518308 125.81159946237145 19
1694707520110 123.3280557762691 20
1694707521709 120.86897595684903 21
1694707523288 118.43684314084874 22
1694707525129 116.03379215852816 23
1694707526787 113.66164486440813 24
1694707528503 111.32194222217456 25
1694707530109 109.01597341070966 26
1694707531786 106.74480220158095 27
1694707533424 104.50929084161984 28
1694707535038 102.31012165776313 29
1694707536771 100.1478165853276 30
1694707538431 98.02275480550341 31
1694707540102 95.93518866319145 32
1694707541848 93.88525802243852 33
1694707543643 91.87300320368206 34
1694707545366 89.89837663481445 35
1694707547095 87.96125333671107 36
1694707548977 86.06144035331951 37
1694707550757 84.19868522665162 38
1694707552433 82.37268360802126 39
1694707554045 80.58308608859201 40
1694707555739 78.82950432469715 41
1694707557451 77.11151652642987 42
1694707559025 75.42867237163014 43
1694707560532 73.78049740157599 44
1694707562339 72.16649694937887 45
1694707564061 70.58615964724858 46
1694707565672 69.0389605543926 47
1694707567485 67.52436394331598 48
1694707569322 66.04182577865458 49
1694707570834 64.5907959193784 50
1694707572468 63.170720072211516 51
1694707574088 61.78104152140691 52
1694707575816 60.421202657560094 53
1694707577514 59.0906463259245 54
1694707579162 57.788817012683076 55
1694707580887 56.51516188581238 56
1694707582482 55.26913170553429 57
1694707584234 54.05018161786537 58
1694707586213 52.85777184343451 59
1694707588113 51.691368272528734 60
1694707589840 50.55044297623491 61
1694707591532 49.43447464255919 62
1694707593376 48.342948945516945 63
1694707595146 47.27535885438388 64
1694707597088 46.231204889575494 65
1694707598800 45.209995330970685 66
1694707600492 44.211246383907074 67
1694707602119 43.234482307546266 68
1694707604017 42.279235509830386 69
1694707605736 41.3450466128211 70
1694707607411 40.4314644918253 71
1694707609338 39.53804629136333 72
1694707611080 38.664357420721124 73
1694707612832 37.80997153154596 74
1694707614462 36.974470479690304 75
1694707616142 36.15744427327992 76
1694707617727 35.358491008776404 77
1694707619276 34.57721679661862 78
1694707620966 33.81323567786138 79
1694707622659 33.0661695330794 80
1694707624392 32.33564798466999 81
1694707625986 31.621308293566564 82
1694707627709 30.922795251266244 83
1694707629465 30.239761067976804 84
1694707631125 29.57186525760049 85
1694707632901 28.91877452019259 86
1694707634587 28.28016262246245 87
1694707636221 27.655710276820187 88
1694707637947 27.04510501941559 89
1694707639667 26.448041087563855 90
1694707641532 25.864219296907326 91
1694707643376 25.293346918620532 92
1694707645278 24.73513755692894 93
1694707647235 24.189311027178867 94
1694707651329 23.65559323466566 95
1694707653800 23.133716054401315 96
1694707656273 22.623417211978165 97
1694707658613 22.12444016566444 98
1694707660814 21.636533989848132 99
