1694771394506 53.54146419814184 0
1694771396273 17.353045759123127 1
1694771397976 5.617634063360536 2
1694771399729 1.5539227148466144 3
1694771401527 0.9677864398105154 4
1694771403213 0.4579773192109376 5
1694771404967 0.1522765965558476 6
1694771406690 0.1910126273871873 7
1694771408371 0.12732620363194788 8
1694771410135 0.13539314948286074 9
1694771411858 0.17706287887252442 10
1694771413584 0.12995210991683778 11
1694771415354 0.11746309024757459 12
1694771417063 0.0672544999172017 13
1694771418890 0.1257711632491259 14
1694771420613 0.056732575031519836 15
1694771422331 0.0805711271357466 16
1694771424030 0.08865845434046433 17
1694771425821 0.07925538281147544 18
1694771427430 0.21717522725098903 19
1694771429169 0.09296278864457405 20
1694771430842 0.07259720513622117 21
1694771432521 0.12342054277210501 22
1694771434405 0.14680189250235018 23
1694771436150 0.14915529863443502 24
1694771437888 0.22211628840952372 25
1694771439610 0.1442578262185605 26
1694771441368 0.07775839786978085 27
1694771443020 0.22277955489866544 28
1694771444860 0.0955688819792154 29
1694771446560 0.10891982027485855 30
1694771448233 0.20569196203066994 31
1694771450104 0.1476518896543309 32
1694771451819 0.18259090258184818 33
1694771453534 0.1282092061316335 34
1694771455301 0.07200323153110502 35
1694771456992 0.057357777442169314 36
1694771458698 0.09517986241661247 37
1694771460355 0.08399938042695974 38
1694771462202 0.07780628580432583 39
1694771464126 0.2211506550815976 40
1694771466390 0.1311791977453513 41
1694771468365 0.06653997495351402 42
1694771470105 0.20394074838346027 43
1694771471825 0.06541500608690605 44
1694771473576 0.08367628198320602 45
1694771475377 0.07811896967482013 46
1694771477085 0.058658309401200724 47
1694771478791 0.333100599861926 48
1694771480593 0.09313985052163966 49
1694771482354 0.12290644866039332 50
1694771484089 0.08268868104183937 51
1694771485861 0.12089407765080509 52
1694771487573 0.06518228766643905 53
1694771489348 0.04881588959765902 54
1694771490998 0.1499080027955692 55
1694771492698 0.17697276732247694 56
1694771494495 0.11313287460489749 57
1694771496173 0.04929960244652126 58
1694771497898 0.03424180591277172 59
1694771500331 0.09188924438230198 60
1694771502460 0.17010658460050232 61
1694771504295 0.051591574391998254 62
1694771506086 0.1682090273612217 63
1694771507849 0.2757516057127546 64
1694771509630 0.13601001506339366 65
1694771511441 0.1826432991231625 66
1694771513091 0.2240301252524799 67
1694771514824 0.09699354576406073 68
1694771516548 0.10716860242380333 69
1694771518347 0.10802543810390981 70
1694771520049 0.06671490416165642 71
1694771521894 0.1379561996647666 72
1694771523688 0.11921993427220116 73
1694771525929 0.0851842753523704 74
1694771527825 0.11452340299825692 75
1694771529605 0.0329027547946736 76
1694771531258 0.20941869752930226 77
