1694672340176 169.12044505583495 0
1694672341428 136.9831030244171 1
1694672343051 111.18784421953521 2
1694672344399 90.27399841329523 3
1694672346409 73.31737515868026 4
1694672348554 59.565890205564486 5
1694672350127 48.41338780185133 6
1694672351657 39.3667837683919 7
1694672353521 32.02610268230714 8
1694672355074 26.069996827028632 9
1694672356315 21.234968854722723 10
1694672357656 17.310186994354922 11
1694672359344 14.123113780900708 12
1694672360552 11.533479001230027 13
1694672361787 9.429888435749975 14
1694672362928 7.719452650524044 15
1694672364216 6.329048275185122 16
1694672365507 5.1980779827847625 17
1694672366943 4.276946198868311 18
1694672369170 3.5274288478018727 19
1694672371107 2.916300835012993 20
1694672372770 2.4184555779631207 21
1694672374594 2.012007816503606 22
1694672376688 1.6804271155148416 23
1694672378267 1.4093165290158507 24
1694672380194 1.1877519491231336 25
1694672381493 1.0065452363297085 26
1694672382954 0.8576335346526593 27
1694672384401 0.7358376798237612 28
1694672385653 0.6355115273959833 29
1694672386927 0.5532410028967646 30
1694672388095 0.48529616218742955 31
1694672389370 0.42940181447352976 32
1694672390878 0.38311071391225354 33
1694672392264 0.3448819860013508 34
1694672394595 0.3131283210112704 35
1694672396905 0.286782338207678 36
1694672399097 0.2648338925952722 37
1694672400856 0.2465213417222516 38
1694672402526 0.23122210429507753 39
1694672404041 0.21837265582141302 40
1694672405621 0.20761051932247981 41
1694672407240 0.1985014331204791 42
1694672408711 0.19085711061482102 43
1694672410480 0.184328618721047 44
1694672412488 0.17884379655720675 45
1694672414017 0.17411107515258284 46
1694672415812 0.17013507745143727 47
1694672417614 0.1666638298282024 48
1694672419212 0.16375202429592897 49
1694672420695 0.16117599521888484 50
1694672422157 0.159022334113536 51
1694672424212 0.15708849591995694 52
1694672425815 0.1554806058121138 53
1694672427468 0.1540126309039631 54
1694672429008 0.15280182071255435 55
1694672430613 0.15167565835134764 56
1694672432123 0.15075681580897998 57
1694672433589 0.14988429717947252 58
1694672435080 0.14918235453770523 59
1694672436577 0.14850013549123509 60
1694672437987 0.14796091122177113 61
1694672439945 0.14742297412306427 62
1694672441726 0.147006939036855 63
1694672443264 0.14657947599118062 64
1694672444735 0.14625748119547818 65
1694672446414 0.14591537718164313 66
1694672448410 0.14566570407025797 67
1694672449998 0.1453901001378823 68
1694672452083 0.14519640595965516 69
1694672453590 0.1449729956525772 70
1694672455413 0.14482286945954193 71
1694672456977 0.14464069622843512 72
1694672458495 0.1445246337178227 73
1694672460024 0.14437523316262482 74
1694672461512 0.14428590124849988 75
1694672463011 0.14416268266568166 76
1694672464507 0.14409438618185164 77
1694672465924 0.14399218169634667 78
1694672467479 0.14394047245057354 79
1694672468862 0.14385520466435547 80
1694672470405 0.1438165917576932 81
1694672471883 0.14374502609208611 82
1694672473277 0.14371675903953676 83
1694672474809 0.14365631726081587 84
1694672476181 0.14363622201986107 85
1694672477866 0.14358484045488376 86
1694672480584 0.14357119432488902 87
1694672482850 0.14352721508080454 88
1694672484664 0.1435186504673849 89
1694672486531 0.14348073728818345 90
1694672488081 0.143476167123897 91
1694672489459 0.1434432398272295 92
1694672490912 0.1434417993985366 93
1694672492701 0.14341298246016637 94
1694672494083 0.14341398377524062 95
