1694448562862 -239.3175665924314 0
1694448563681 -193.81557919362123 1
1694448564575 -157.00792854683743 2
1694448565340 -127.19837153769527 3
1694448566218 -103.04973244743618 4
1694448567173 -83.48279503221715 5
1694448568058 -67.62534406123663 6
1694448568864 -54.771303687261955 7
1694448569684 -44.34867438991757 8
1694448570499 -35.89642092146705 9
1694448571352 -29.03897061307676 10
1694448572224 -23.47523558562996 11
1694448573071 -18.959501120212916 12
1694448573877 -15.29153842551029 13
1694448574699 -12.31346353984288 14
1694448575515 -9.89250051663347 15
1694448576420 -7.925589825908329 16
1694448577215 -6.3262768239559835 17
1694448577974 -5.02372273432497 18
1694448578822 -3.964589432163974 19
1694448579739 -3.1009308503101414 20
1694448580553 -2.397981306807929 21
1694448581352 -1.8249314989733243 22
1694448582139 -1.356125663854176 23
1694448582914 -0.9742644080790492 24
1694448583772 -0.6612947285687141 25
1694448584662 -0.40598291472217896 26
1694448585442 -0.19710425098778828 27
1694448586318 -0.024865858424496734 28
1694448587174 0.11561854444681507 29
1694448588031 0.2317769711511063 30
1694448588847 0.3267345007153658 31
1694448589690 0.40547923343632497 32
1694448590577 0.47003705762041004 33
1694448591443 0.5231764827078302 34
1694448592239 0.567950429345613 35
1694448593075 0.6044205057518485 36
1694448593762 0.6352803175631634 37
1694448594528 0.6605126020348762 38
1694448595335 0.681950725101379 39
1694448596582 0.6995653896920667 40
1694448597415 0.7145861751589466 41
1694448598175 0.7270046062984299 42
1694448598969 0.7376252082555366 43
1694448599787 0.7464736677251895 44
1694448600553 0.7537115949174876 45
1694448601304 0.7604301039104914 46
1694448601965 0.7656565999813058 47
1694448602640 0.7705278738955346 48
1694448603521 0.7743490993457616 49
1694448604355 0.7779167761040728 50
1694448605153 0.7807454335367787 51
1694448605906 0.7833837278067789 52
1694448606938 0.7855032294179577 53
1694448607949 0.7874719834620418 54
1694448608738 0.7890787946723283 55
1694448609647 0.7905601173214003 56
1694448610477 0.7917918252186397 57
1694448611367 0.792914602200181 58
1694448612275 0.7938686133396872 59
1694448613259 0.7947249954230715 60
1694448614331 0.7954710598231802 61
1694448615368 0.796127622217472 62
1694448616546 0.7967162737639393 63
1694448617757 0.7972216196833868 64
1694448618819 0.7976899038497869 65
1694448619914 0.7980798834807655 66
1694448620733 0.7984552743864056 67
1694448621532 0.7987565959449088 68
1694448622364 0.799059698286561 69
1694448623223 0.7992924483143671 70
1694448624105 0.7995388788303488 71
1694448624902 0.7997182975931072 72
1694448625663 0.7999200086905038 73
1694448626549 0.8000577531188672 74
1694448627427 0.8002239742617374 75
1694448628292 0.8003290254988024 76
1694448629140 0.8004669403972635 77
1694448630035 0.8005462627236738 78
1694448630876 0.8006615021609389 79
1694448631797 0.800720526368204 80
1694448632610 0.8008175310422085 81
1694448633466 0.8008605126320972 82
1694448634409 0.8009428033402379 83
1694448635430 0.8009730905647487 84
1694448636585 0.8010434715831083 85
1694448637477 0.8010637078750747 86
1694448638893 0.8011244216088114 87
1694448640550 0.8011366997772615 88
1694448642757 0.8011895454547786 89
1694448644021 0.8011955260615725 90
1694448645295 0.8012419515975335 91
1694448646496 0.8012429544787067 92
1694448647643 0.8012841281000931 93
1694448648706 0.8012812035689553 94
1694448649676 0.8013180700250533 95
1694448650642 0.8013120545731285 96
1694448651738 0.8013453794946773 97
1694448652775 0.8013369395739472 98
1694448653537 0.8013673446475905 99
