1694338744812 -239.28286563535374 0
1694338745284 -193.51201076754774 1
1694338745727 -157.25534244429946 2
1694338746124 -128.45917651757617 3
1694338746586 -105.52333106165088 4
1694338747000 -87.19962778160755 5
1694338747424 -72.5132948845767 6
1694338747850 -60.70207677265514 7
1694338748255 -51.1690387775085 8
1694338748711 -43.44596777371675 9
1694338749152 -37.16497382389287 10
1694338749530 -32.03644171887135 11
1694338749946 -27.831901118629965 12
1694338750380 -24.370708281086138 13
1694338750787 -21.509682904378792 14
1694338751209 -19.135037225093342 15
1694338751653 -17.156084183003532 16
1694338752102 -15.500327189923713 17
1694338752560 -14.109623548406798 18
1694338753060 -12.937182815527331 19
1694338753559 -11.945214999295004 20
1694338753967 -11.10308496362427 21
1694338754408 -10.385861546758276 22
1694338754808 -9.773174787948353 23
1694338755198 -9.248313946512548 24
1694338755592 -8.797513952570709 25
1694338755990 -8.409389528866672 26
1694338756441 -8.074485225252063 27
1694338756907 -7.784916597226088 28
1694338757309 -7.534083190459102 29
1694338757724 -7.31643821507593 30
1694338758119 -7.127303078024937 31
1694338758578 -6.962717499239146 32
1694338759042 -6.819317930251738 33
1694338759477 -6.694238548549017 34
1694338759886 -6.585030314948741 35
1694338760358 -6.489594530443908 36
1694338760835 -6.406128072014843 37
1694338761310 -6.33307806948253 38
1694338761684 -6.2691042429531105 39
1694338762071 -6.21304748028235 40
1694338762464 -6.163903517639792 41
1694338762859 -6.12080081029411 42
1694338763322 -6.082981858108319 43
1694338763754 -6.049787390999673 44
1694338764170 -6.020642931638022 45
1694338764626 -5.995047342056229 46
1694338765048 -5.972563032414592 47
1694338765436 -5.952807567641617 48
1694338765865 -5.935446453999132 49
1694338766261 -5.920186925089606 50
1694338766650 -5.906772577245342 51
1694338767069 -5.894978729033428 52
1694338767478 -5.88460839989994 53
1694338768011 -5.875488819645767 54
1694338768480 -5.867468394177916 55
1694338768958 -5.860414064370572 56
1694338769374 -5.854209004343175 57
1694338769789 -5.848750613372681 58
1694338770209 -5.843948762287553 59
1694338770700 -5.839724260770131 60
1694338771161 -5.836007516705069 61
1694338771627 -5.832737362704052 62
1694338772059 -5.829860028331172 63
1694338772500 -5.827328239448188 64
1694338772963 -5.825100428574967 65
1694338773409 -5.823140042283675 66
1694338773855 -5.821414933471306 67
1694338774253 -5.81989682792853 68
1694338774647 -5.818560855981455 69
1694338775070 -5.81738514115915 70
1694338775476 -5.816350438858474 71
1694338775903 -5.8154398188631635 72
1694338776397 -5.814638386343092 73
1694338776827 -5.813933036629843 74
1694338777259 -5.8133122396482735 75
1694338777675 -5.812765850393502 76
1694338778087 -5.812284942287423 77
1694338778456 -5.811861660638167 78
1694338778855 -5.811489093765676 79
1694338779274 -5.811161159654924 80
1694338779691 -5.810872506258794 81
1694338780174 -5.810618423801383 82
1694338780700 -5.8103947676331575 83
1694338781156 -5.810197890364765 84
1694338781583 -5.81002458216111 85
1694338781974 -5.809872018212266 86
1694338782356 -5.809737712517036 87
1694338782781 -5.809619477219284 88
1694338783189 -5.809515386828779 89
1694338783646 -5.809423746739168 90
1694338784170 -5.809343065526287 91
1694338784643 -5.8092720305723535 92
1694338785125 -5.8092094866164015 93
