1694701950411 169.64084248330963 0
1694701952205 169.30027674315647 1
1694701953673 168.9633357475829 2
1694701955051 168.62704975151175 3
1694701956540 168.29145706719615 4
1694701958300 167.95653644434856 5
1694701960189 167.6222865316318 6
1694701961762 167.28868644365636 7
1694701963410 166.95577402904811 8
1694701965103 166.62352828632322 9
1694701966886 166.2919478750229 10
1694701968471 165.96101215477748 11
1694701969946 165.63075851548362 12
1694701971392 165.30116620187488 13
1694701972951 164.97223388428313 14
1694701974849 164.64394116480187 15
1694701977168 164.31632497945822 16
1694701978793 163.98936481663736 17
1694701980589 163.6630593573744 18
1694701982386 163.33738844368972 19
1694701983952 163.01238856256242 20
1694701985371 162.6880394434835 21
1694701986861 162.36433977810486 22
1694701988365 162.04126964585734 23
1694701990096 161.71886508945548 24
1694701991996 161.39710607697066 25
1694701993484 161.0759913105856 26
1694701994928 160.75550110464494 27
1694701996666 160.4356710623449 28
1694701998293 160.1164813878312 29
1694701999939 159.79791258986413 30
1694702001552 159.47999990533057 31
1694702002998 159.16272373370677 32
1694702004422 158.84608279540095 33
1694702005764 158.5300578296648 34
1694702007173 158.21468364228411 35
1694702008540 157.89994086437096 36
1694702010008 157.585828226632 37
1694702011399 157.27232669636788 38
1694702012787 156.9594706529065 39
1694702014227 156.6472409565442 40
1694702015737 156.33561876388427 41
1694702017189 156.02463809767303 42
1694702018606 155.71428000840558 43
1694702020120 155.40454324461177 44
1694702021509 155.0954091866154 45
1694702022854 154.78691143894372 46
1694702024227 154.4790312769318 47
1694702025664 154.17175026698214 48
1694702027113 153.8651016631771 49
1694702028555 153.55906692781463 50
1694702029850 153.25364482699646 51
1694702031319 152.9488171465767 52
1694702032730 152.64461673054439 53
1694702034276 152.34102526175292 54
1694702036064 152.03802470895522 55
1694702037408 151.7356475717482 56
1694702038841 151.43387571675666 57
1694702040342 151.13270792740644 58
1694702041760 150.83212638769155 59
1694702043337 150.53216319513055 60
1694702044900 150.23280043267746 61
1694702046275 149.93402046408914 62
1694702047589 149.63585504846156 63
1694702048916 149.33828644937267 64
1694702050213 149.04131346732822 65
1694702051574 148.74491867717344 66
1694702052905 148.44913344383082 67
1694702054224 148.15394024303956 68
1694702055700 147.85932182631487 69
1694702056982 147.56530922604426 70
1694702058358 147.27188509548657 71
1694702059625 146.97903236147104 72
1694702061034 146.68678172643553 73
1694702062313 146.39511601979754 74
1694702063725 146.1040340660462 75
1694702065123 145.81351899720866 76
1694702066458 145.52360113276848 77
1694702067845 145.2342635083921 78
1694702069106 144.94548942838895 79
1694702070396 144.6573088880645 80
1694702071811 144.36970509620085 81
1694702073193 144.08266152805996 82
1694702074611 143.7962078573048 83
1694702076003 143.5103274644986 84
1694702077541 143.22500399453395 85
1694702078914 142.9402668019521 86
1694702080504 142.65609943777048 87
1694702081890 142.3725007569385 88
1694702083336 142.08945460202085 89
1694702084649 141.8069899589425 90
1694702086015 141.52509057741634 91
1694702087512 141.24374046668402 92
1694702088969 140.96296829917173 93
1694702090354 140.68275799208203 94
1694702091674 140.40309372003682 95
1694702093071 140.12400384443623 96
1694702094593 139.84547244867093 97
1694702096103 139.56748387145453 98
1694702097434 139.29006616561875 99
