1694698154031 169.64084248330965 0
1694698155533 168.26454072926285 1
1694698157177 166.694383319907 2
1694698158837 164.95490104860372 3
1694698160426 163.06852998543494 4
1694698161999 161.05573200759068 5
1694698163505 158.93511868226648 6
1694698165024 156.72357559858798 7
1694698166535 154.43638496255284 8
1694698168165 152.0873448435576 9
1694698169576 149.6888839189138 10
1694698171082 147.25217092541854 11
1694698172482 144.7872183122784 12
1694698173822 142.30297981210077 13
1694698175177 139.80744181825895 14
1694698176548 137.30770858755324 15
1694698178406 134.8100813847929 16
1694698180262 132.3201317573157 17
1694698181791 129.84276917792113 18
1694698183444 127.382303328617 19
1694698184962 124.94250131852496 20
1694698186576 122.52664014015863 21
1694698188182 120.13755467140507 22
1694698189618 117.77768152779716 23
1694698191137 115.4490990625623 24
1694698192517 113.15356380168126 25
1694698193952 110.89254358874321 26
1694698195674 108.66724770049288 27
1694698197242 106.47865417922517 28
1694698198903 104.32753461304378 29
1694698200486 102.21447657981658 30
1694698202552 100.13990395569206 31
1694698204869 98.10409527448249 32
1694698206557 96.10720031020774 33
1694698208067 94.14925504172787 34
1694698209639 92.2301951457266 35
1694698211134 90.34986815238206 36
1694698212868 88.50804438688537 37
1694698214345 86.7044268095388 38
1694698215795 84.93865985747189 39
1694698217339 83.21033738203066 40
1694698219298 81.51900976759397 41
1694698221296 79.86419030991974 42
1694698223430 78.24536092508532 43
1694698225274 76.66197725362612 44
1694698227131 75.11347321855452 45
1694698229025 73.5992650905241 46
1694698231087 72.11875510845255 47
1694698232920 70.67133469939888 48
1694698234579 69.25638733737124 49
1694698236476 67.87329107699006 50
1694698239265 66.52142079451934 51
1694698241134 65.20015016567427 52
1694698242828 63.90885340679617 53
1694698244503 62.646906803425935 54
1694698246147 61.41369004798631 55
1694698247858 60.208587406178026 56
1694698249589 59.03098872978791 57
1694698251479 57.880290331878946 58
1694698253007 56.7558957387687 59
1694698254788 55.657216331786294 60
1694698257027 54.58367189051831 61
1694698258761 53.534691048095524 62
1694698260605 52.50971166802621 63
1694698262196 51.50818115113486 64
1694698263698 50.529556680311636 65
1694698265412 49.57330541000521 66
1694698266943 48.63890460669495 67
1694698268495 47.725841745949594 68
1694698269907 46.83361457111117 69
1694698271399 45.961731118131084 70
1694698272924 45.10970971062329 71
1694698274676 44.27707892878221 72
1694698276244 43.46337755543774 73
1694698278257 42.66815450218096 74
1694698279995 41.89096871818851 75
1694698281560 41.13138908409899 76
1694698283039 40.38899429304671 77
1694698284648 39.66337272073494 78
1694698286153 38.95412228623014 79
1694698287639 38.26085030497721 80
1694698289260 37.583173335373864 81
1694698291116 36.92071702009492 82
1694698292794 36.2731159232261 83
1694698294317 35.64001336414845 84
1694698295952 35.02106124900762 85
1694698297621 34.41591990050726 86
1694698299160 33.82425788667906 87
1694698300551 33.24575184920552 88
1694698301956 32.680086331801725 89
1694698303358 32.12695360910076 90
1694698304785 31.586053516431054 91
1694698306348 31.057093280824816 92
1694698307749 30.539787353551304 93
1694698309019 30.03385724442904 94
1694698310373 29.539031358135173 95
1694698311723 29.0550448326981 96
1694698313138 28.58163938033111 97
1694698314856 28.118563130739002 98
1694698316615 27.66557047700719 99
