1694679888766 169.0102707533208 0
1694679889979 136.91225775867923 1
1694679891325 111.1431259303127 2
1694679892685 90.24831902130774 3
1694679893895 73.30449694743768 4
1694679895176 59.562112529617394 5
1694679896607 48.41534176123894 6
1694679897918 39.37184001996182 7
1694679899474 32.034093678430416 8
1694679900849 26.078608462200762 9
1694679902165 21.2445358017917 10
1694679903389 17.31925335381803 11
1694679904549 14.131573408877799 12
1694679905720 11.541694021934457 13
1694679906999 9.43725018250669 14
1694679908249 7.726644694589512 15
1694679909472 6.3349633822946885 16
1694679910666 5.203172883225615 17
1694679911866 4.28151219982911 18
1694679913092 3.5312809029474304 19
1694679914350 2.9196376229822993 20
1694679916035 2.4212047093827413 21
1694679917419 2.0142893286448875 22
1694679919222 1.6822416881382647 23
1694679920865 1.4107212057406826 24
1694679922351 1.1887946760832953 25
1694679923669 1.0069750597043197 26
1694679924922 0.8580727398582749 27
1694679926137 0.7360642999692809 28
1694679927285 0.6353969860517388 29
1694679928454 0.5529717886092006 30
1694679929699 0.48474338560459523 31
1694679930860 0.4287390743766659 32
1694679932007 0.382210620999577 33
1694679933421 0.34390612429048467 34
1694679934917 0.3119522028669007 35
1694679936296 0.2855564301554021 36
1694679937577 0.2634376215162189 37
1694679938831 0.24509491681787304 38
1694679940123 0.2296495471948163 39
1694679941473 0.21678471978547859 40
1694679942747 0.20589623274904598 41
1694679944021 0.1967828317867087 42
1694679945248 0.18902843422342516 43
1694679946769 0.18250386421954523 44
1694679948064 0.17692246426821814 45
1694679949364 0.1721997474670814 46
1694679950696 0.16813845207170675 47
1694679952528 0.16468165003383842 48
1694679954028 0.16169404301203544 49
1694679955462 0.15913564811532901 50
1694679957063 0.1569142341294418 51
1694679958260 0.15500026273088124 52
1694679959442 0.15333148360657717 53
1694679960711 0.15188487841947615 54
1694679961924 0.15061906551083615 55
1694679963365 0.14951521949568206 56
1694679965203 0.1485464477708939 57
1694679966504 0.1476967691887945 58
1694679967972 0.14694929045677513 59
1694679969578 0.14629011523458404 60
1694679971251 0.14570917474285472 61
1694679973018 0.1451942451378939 62
1694679974498 0.14473982810034658 63
1694679975739 0.144335158135099 64
1694679977674 0.14397770224204534 65
1694679979538 0.14365804709898256 66
1694679981514 0.1433754802023154 67
1694679984341 0.14312188875057252 68
1694679986274 0.1428975645328587 69
1694679987946 0.1426956674178798 70
1694679989622 0.14251691330352287 71
1694679991320 0.1423557138192803 72
1694679992988 0.142212799237866 73
1694679995270 0.14208381041561519 74
1694679997645 0.14196920594985277 75
1694680000510 0.14186582803194434 76
1694680003331 0.14177366762144997 77
1694680007590 0.14169073396708634 78
1694680009180 0.14161642021089813 79
1694680010645 0.1415498623872476 80
1694680012066 0.141489773720948 81
1694680013507 0.14143637181858068 82
1694680014919 0.14138764299344414 83
1694680016245 0.14134483754790705 84
1694680018792 0.14130519343183137 85
1694680020356 0.14127094237338095 86
1694680021827 0.14123857096661988 87
1694680023173 0.14121123984506326 88
1694680024566 0.14118469444787443 89
1694680026025 0.1411629715118116 90
1694680027444 0.14114109478866174 91
1694680028841 0.14112392481972044 92
1694680030204 0.14110578947139954 93
1694680031697 0.14109232190636725 94
1694680033913 0.14107718405258882 95
1694680036227 0.14106673208577908 96
1694680040273 0.1410539944552021 97
1694680043217 0.14104600264576816 98
1694680046959 0.14103518538878684 99
1694680050119 0.14102920390182944 100
1694680053615 0.1410199213662214 101
1694680056778 0.1410155854198997 102
1694680060952 0.14100752761690988 103
1694680064996 0.1410045410367014 104
1694680069702 0.14099745881433637 105
1694680078642 0.1409955808422177 106
1694680083211 0.1409892740005512 107
1694680086631 0.14098830869362797 108
1694680090129 0.14098261644286664 109
1694680093400 0.1409824041387264 110
1694680096957 0.14097719742818407 111
1694680100499 0.1409776078642567 112
1694680103210 0.14097278320897516 113
1694680104762 0.14097370996861516 114
1694680106184 0.14096918447718856 115
1694680107583 0.14097054050198385 116
1694680108951 0.14096624786936665 117
1694680110339 0.14096796182967877 118
1694680111756 0.14096384910622423 119
1694680114254 0.14096586246346277 120
1694680116618 0.14096188744901872 121
1694680119831 0.14096415207606913 122
1694680123217 0.14096028121782164 123
1694680125783 0.1409627574702723 124
1694680128518 0.14095896416684064 125
1694680131587 0.1409616193185908 126
1694680133541 0.14095788255191355 127
1694680136564 0.14096068952552082 128
1694680139220 0.14095699275732934 129
1694680142130 0.14095992909290384 130
1694680143806 0.1409562593748231 131
1694680145559 0.14095930639210466 132
1694680149778 0.1409556536482663 133
1694680158091 0.1409587957652186 134
1694680162867 0.14095515221419508 135
1694680165180 0.14095837639247538 136
1694680166905 0.14095473608173628 137
1694680168491 0.14095803137505844 138
1694680170097 0.1409543898062922 139
1694680171869 0.1409577469922736 140
1694680173437 0.1409541008200818 141
1694680175653 0.14095751209985788 142
1694680178347 0.1409538588896818 143
1694680180317 0.1409573176425568 144
1694680181887 0.1409536556764107 145
1694680183380 0.1409571562592285 146
1694680185586 0.14095348437999977 147
1694680188176 0.14095702196287568 148
1694680190176 0.14095333944973046 149
1694680192384 0.14095690988136095 150
1694680193926 0.14095321635022082 151
1694680195685 0.1409568160472731 152
1694680197538 0.14095311137148506 153
1694680199216 0.14095673722760452 154
1694680201545 0.1409530214748698 155
1694680206020 0.1409566707856821 156
1694680208201 0.14095294416805823 157
1694680211651 0.14095661456922565 158
1694680213528 0.14095287740363507 159
1694680215087 0.14095656681957694 160
1694680216629 0.14095281949674515 161
1694680218118 0.14095652609808101 162
1694680220161 0.1409527690582338 163
1694680222349 0.14095649122636775 164
1694680224526 0.14095272494033373 165
1694680226568 0.1409564612378989 166
1694680228113 0.14095268619253323 167
1694680230276 0.14095643533864577 168
1694680234141 0.14095265202569368 169
1694680237047 0.14095641287516614 170
1694680240180 0.14095262178286536 171
1694680242870 0.14095639330868334 172
1694680245388 0.1409525949155331 173
1694680247864 0.14095637619402832 174
1694680250382 0.14095257096427305 175
1694680252870 0.14095636116252808 176
1694680255762 0.14095254954298644 177
1694680258728 0.1409563479080924 178
1694680261207 0.14095253032604013 179
1694680264546 0.1409563361758977 180
1694680268071 0.14095251303776848 181
1694680271726 0.14095632575317565 182
1694680275418 0.14095249744389385 183
1694680277625 0.1409563164617115 184
1694680280170 0.1409524833445067 185
1694680282477 0.14095630815173057 186
1694680284899 0.14095247056831406 187
1694680287181 0.14095630069691178 188
1694680289823 0.14095245896792324 189
1694680292125 0.14095629399031576 190
1694680294376 0.14095244841596277 191
1694680297147 0.14095628794105652 192
1694680300544 0.14095243880189243 193
1694680302689 0.14095628247158004 194
1694680304816 0.14095243002937052 195
1694680306985 0.14095627751543302 196
1694680309276 0.14095242201407884 197
1694680311018 0.14095627301543356 198
1694680313126 0.1409524146819207 199
1694680316251 0.14095626892216703 200
1694680318605 0.1409524079675236 201
1694680320358 0.1409562651927481 202
1694680321800 0.1409524018129927 203
1694680323173 0.14095626178979967 204
1694680324612 0.14095239616686925 205
1694680326334 0.14095625868060954 206
1694680328067 0.14095239098325868 207
1694680329570 0.14095625583643107 208
1694680331043 0.1409523862210958 209
1694680332999 0.1409562532319017 210
1694680334384 0.14095238184352676 211
1694680335768 0.1409562508445605 212
1694680339182 0.14095237781738404 213
1694680342250 0.14095624865444387 214
1694680344255 0.1409523741127401 215
1694680345809 0.14095624664374617 216
1694680347169 0.14095237070252722 217
1694680348806 0.14095624479653615 218
1694680350484 0.14095236756221138 219
1694680352079 0.14095624309851662 220
1694680353491 0.14095236466951033 221
1694680354868 0.14095624153681965 222
1694680356266 0.14095236200415037 223
1694680357809 0.14095624009983515 224
1694680359154 0.14095235954765717 225
1694680360761 0.14095623877706281 226
1694680362250 0.140952357283169 227
1694680363931 0.14095623755898484 228
1694680365896 0.14095235519527824 229
1694680367539 0.1409562364369569 230
1694680369314 0.1409523532698871 231
1694680373366 0.14095623540311422 232
1694680377731 0.14095235149408478 233
1694680382172 0.1409562344502908 234
1694680388315 0.1409523498560355 235
1694680392557 0.14095623357194484 236
1694680396754 0.14095234834487924 237
1694680400622 0.14095623276209965 238
1694680404546 0.14095234695064546 239
1694680411101 0.14095623201528606 240
1694680419084 0.1409523456641736 241
1694680425355 0.14095623132649673 242
1694680430236 0.1409523444770417 243
1694680435152 0.14095623069113936 244
1694680440304 0.14095234338150398 245
1694680443194 0.14095623010500213 246
1694680445097 0.14095234237043214 247
1694680446543 0.14095622956421744 248
1694680447969 0.14095234143726496 249
1694680449735 0.1409562290652312 250
1694680451326 0.1409523405759593 251
1694680453005 0.14095622860477702 252
1694680454926 0.14095233978094918 253
1694680456501 0.14095622817985054 254
1694680457845 0.14095233904710505 255
1694680459014 0.1409562277876862 256
1694680460183 0.14095233836969998 257
1694680461384 0.14095622742573952 258
1694680462894 0.1409523377443758 259
1694680464752 0.14095622709166597 260
1694680466371 0.1409523371671146 261
1694680467820 0.14095622678330705 262
1694680469193 0.14095233663421042 263
1694680470572 0.14095622649867243 264
1694680472676 0.1409523361422462 265
1694680474583 0.1409562262359295 266
1694680476007 0.1409523356880689 267
1694680477495 0.14095622599338672 268
1694680478904 0.14095233526876993 269
1694680480152 0.14095622576948627 270
1694680481590 0.14095233488166622 271
1694680482757 0.14095622556279094 272
1694680483933 0.14095233452428194 273
1694680485209 0.14095622537197455 274
1694680486416 0.14095233419433184 275
1694680488095 0.14095622519581502 276
1694680489536 0.14095233388970763 277
1694680491745 0.14095622503318378 278
1694680494444 0.14095233360846315 279
1694680497160 0.14095622488304005 280
1694680500065 0.140952333348802 281
1694680503209 0.14095622474442318 282
1694680505995 0.1409523331090665 283
1694680508860 0.14095622461644688 284
1694680511529 0.14095233288772666 285
1694680514197 0.1409562244982941 286
1694680516424 0.1409523326833702 287
1694680518873 0.1409562243892095 288
1694680521836 0.14095233249469294 289
1694680523167 0.14095622428849636 290
1694680524579 0.14095233232049137 291
1694680525819 0.14095622419551146 292
1694680527058 0.14095233215965408 293
1694680528807 0.14095622410966155 294
1694680531322 0.14095233201115562 295
1694680533096 0.140956224030399 296
1694680534988 0.14095233187404935 297
1694680536185 0.14095622395721777 298
1694680537703 0.14095233174746072 299
