1694703564445 169.64084248330965 0
1694703565788 169.60677046948072 1
1694703567285 169.57299980383792 2
1694703568664 169.53923390881434 3
1694703570185 169.5054767754329 4
1694703571599 169.471726405524 5
1694703572981 169.437982797727 6
1694703574565 169.40424395749923 7
1694703576403 169.37051387107633 8
1694703578178 169.33679054268455 9
1694703579628 169.3030739709644 10
1694703580995 169.26936216376538 11
1694703582544 169.2356591025408 12
1694703584297 169.20196279391038 13
1694703585895 169.16827323651572 14
1694703587397 169.13458844059593 15
1694703588824 169.10091238282712 16
1694703590123 169.0672430722199 17
1694703591472 169.03358050741687 18
1694703592886 168.9999227010444 19
1694703594160 168.96627362500632 20
1694703595602 168.9326312907016 21
1694703597142 168.89899569677402 22
1694703598522 168.8653648582345 23
1694703600026 168.83174274221963 24
1694703602113 168.79812736251432 25
1694703604301 168.76451871776345 26
1694703605663 168.73091482536 27
1694703607049 168.69731964767846 28
1694703608482 168.66373120088699 29
1694703609815 168.63014948363158 30
1694703611146 168.59657251568493 31
1694703612655 168.5630042546642 32
1694703614398 168.52944271911852 33
1694703615810 168.49588790769496 34
1694703617238 168.46233784254326 35
1694703618614 168.42879647652845 36
1694703620143 168.395261830578 37
1694703621592 168.36173390334005 38
1694703622864 168.32821071933898 39
1694703624108 168.29469622669262 40
1694703625522 168.26118844870433 41
1694703627080 168.22768738402334 42
1694703628603 168.19419105954603 43
1694703630113 168.16070341864818 44
1694703631404 168.12722248700643 45
1694703632893 168.09374826327112 46
1694703634347 168.06027877670826 47
1694703635671 168.02681796595638 48
1694703637062 167.99336385906304 49
1694703638334 167.9599164546796 50
1694703639834 167.92647378443922 51
1694703641486 167.89303978224828 52
1694703643352 167.8596124785226 53
1694703644817 167.82619187191472 54
1694703646297 167.79277599642236 55
1694703647740 167.75936878122468 56
1694703649218 167.72596825910344 57
1694703650665 167.69257442871216 58
1694703652416 167.65918532641078 59
1694703653983 167.6258048766562 60
1694703655310 167.59243111459347 61
1694703656790 167.5590640388773 62
1694703658119 167.52570168822717 63
1694703659379 167.49234798238285 64
1694703661211 167.45900095885023 65
1694703662647 167.42566061628509 66
1694703664171 167.39232499576403 67
1694703665688 167.3589980123145 68
1694703667068 167.32567770580087 69
1694703668645 167.29236407487994 70
1694703670219 167.25905516298306 71
1694703671637 167.22575488043034 72
1694703673176 167.192461269442 73
1694703674804 167.159174328676 74
1694703676360 167.12589210391573 75
1694703677933 167.0926185007791 76
1694703679394 167.0593515638397 77
1694703681104 167.0260912917566 78
1694703682907 166.99283573266283 79
1694703684610 166.95958878747896 80
1694703686118 166.9263485031295 81
1694703687593 166.89311292970712 82
1694703689635 166.85988596421467 83
1694703691126 166.82666565553725 84
1694703692617 166.79345200233575 85
1694703694060 166.76024305704806 86
1694703695641 166.72704271198862 87
1694703697327 166.69384901838893 88
1694703698796 166.66066197491102 89
1694703700273 166.62747963633552 90
1694703701827 166.59430589029336 91
1694703703375 166.56113879036002 92
1694703704908 166.52797833519864 93
1694703706371 166.49482258193012 94
1694703707827 166.4616754135068 95
1694703709496 166.42853488584578 96
1694703711069 166.39540099761112 97
1694703712576 166.36227180826165 98
1694703714024 166.3291511960761 99
