1694678052884 169.0102707533208 0
1694678054907 83.5773540504313 1
1694678058217 68.13897700153103 2
1694678059733 58.11356564808241 3
1694678061294 50.5933125264496 4
1694678063001 44.531941294846305 5
1694678064703 39.46630732457129 6
1694678066440 35.14769661579166 7
1694678068202 31.420711136378973 8
1694678069788 28.177494130496942 9
1694678071495 25.337824670713502 10
1694678073078 22.839299685344987 11
1694678075083 20.631932668434953 12
1694678076494 18.674888172002376 13
1694678077927 16.934343851161188 14
1694678079289 15.381998456739112 15
1694678081004 13.993979225822832 16
1694678082397 12.750013529107672 17
1694678083948 11.632785370019668 18
1694678085723 10.627426813599103 19
1694678087965 9.721110995968044 20
1694678090190 8.902723298428898 21
1694678092245 8.162593608184878 22
1694678094287 7.4922768620730045 23
1694678096533 6.884372084928274 24
1694678099104 6.332372334771418 25
1694678103027 5.830539613054966 26
1694678106457 5.373800051141621 27
1694678109771 4.957655649835025 28
1694678112250 4.57810959978739 29
1694678114788 4.231602798715033 30
1694678116840 3.914959644436993 31
1694678119332 3.625341549092386 32
1694678121959 3.3602069109037616 33
1694678126321 3.1172765119215065 34
1694678128758 2.8945034959381237 35
1694678131255 2.6900472299936915 36
1694678133042 2.5022504732310447 37
1694678136540 2.3296193742632574 38
1694678139007 2.1708058973622255 39
1694678140531 2.0245923423429315 40
1694678142414 1.889877675903613 41
1694678144216 1.7656654356806045 42
1694678145918 1.6510530042057843 43
1694678147778 1.5452220797592267 44
1694678149231 1.4474301959407359 45
1694678150524 1.3570031625615422 46
1694678151892 1.2733283179182306 47
1694678153240 1.1958484972474765 48
1694678154808 1.124056634649678 49
1694678156424 1.0574909263982089 50
1694678157972 0.995730492632106 51
1694678159359 0.9383914822186632 52
1694678160766 0.8851235722771308 53
1694678162474 0.835606819646568 54
1694678163988 0.7895488266008358 55
1694678165575 0.7466821874780968 56
1694678166986 0.7067621866978904 57
1694678168660 0.6695647219663885 58
1694678170332 0.6348844293873588 59
1694678172076 0.6025329897593973 60
1694678173459 0.5723375975969728 61
1694678174829 0.5441395764043807 62
1694678176045 0.5177931254922677 63
1694678177263 0.4931641851854811 64
1694678178532 0.4701294086538151 65
1694678179737 0.4485752298255004 66
1694678180978 0.42839701793575335 67
1694678182220 0.4094983102355486 68
1694678183568 0.39179011525311513 69
1694678184828 0.3751902797746972 70
1694678186092 0.35962291340259617 71
1694678187313 0.3450178651667545 72
1694678188608 0.33131024721938174 73
1694678190317 0.31844000113754795 74
1694678192191 0.30635150280268214 75
1694678194764 0.2949932022240456 76
1694678197532 0.28431729503053965 77
1694678200890 0.2742794226759695 78
1694678203802 0.26483839869105563 79
1694678206376 0.2559559585744767 80
1694678209154 0.24759653114814936 81
1694678212114 0.23972702941147653 82
1694678215160 0.23231665911791424 83
1694678219093 0.2253367434670304 84
1694678222088 0.21876056245822784 85
1694678225533 0.21256320559018915 86
1694678227944 0.20672143671440427 87
1694678229836 0.20121356996326636 88
1694678231334 0.1960193557743809 89
1694678232766 0.19111987612403886 90
1694678234408 0.18649744816524993 91
1694678236094 0.18213553554020165 92
1694678237655 0.17801866670429978 93
1694678239201 0.17413235965976362 94
1694678240460 0.17046305255175231 95
1694678241673 0.16699803962975246 96
1694678242911 0.16372541212196093 97
1694678244203 0.16063400361115934 98
1694678246106 0.15771333953747796 99
1694678248446 0.15495359048686547 100
1694678249949 0.15234552895438455 101
1694678251619 0.14988048929891246 102
1694678253265 0.14755033063072975 103
1694678255187 0.1453474023960817 104
1694678257109 0.143264512443303 105
1694678259195 0.14129489737371892 106
1694678260889 0.13943219499745357 107
1694678262597 0.137670418729645 108
1694678265773 0.13600393377654546 109
1694678268982 0.13442743497369208 110
1694678272896 0.13293592614990152 111
1694678275935 0.13152470090137 112
1694678278825 0.1301893246697474 113
1694678282640 0.1289256180267943 114
1694678286160 0.12772964107619342 115
1694678289735 0.1265976788903508 116
1694678293095 0.12552622790665377 117
1694678295675 0.12451198321370106 118
1694678298019 0.12355182666355079 119
1694678300445 0.12264281575108232 120
1694678302932 0.12178217320618924 121
1694678305293 0.1209672772487445 122
1694678307676 0.12019565246015045 123
1694678309974 0.11946496122882705 124
1694678312468 0.11877299573023974 125
1694678314814 0.11811767040504514 126
1694678316758 0.11749701490166725 127
1694678318296 0.11690916745211734 128
1694678319920 0.11635236865218285 129
1694678321437 0.11582495561921986 130
1694678323083 0.11532535650273498 131
1694678324409 0.11485208532473133 132
1694678325747 0.11440373712844354 133
1694678327329 0.1139789834156067 134
1694678328696 0.11357656785380209 135
1694678330487 0.11319530223672014 136
1694678331955 0.11283406268136624 137
1694678333226 0.11249178604734267 138
1694678334807 0.11216746656435493 139
1694678336193 0.11186015265503145 140
1694678337794 0.11156894394101849 141
1694678339400 0.11129298842111604 142
1694678340859 0.1110314798109687 143
1694678342265 0.11078365503451788 144
1694678343801 0.11054879185806327 145
1694678345014 0.11032620665837668 146
1694678346393 0.11011525231686736 147
1694678347846 0.10991531623230834 148
1694678349181 0.10972581844511461 149
1694678350601 0.10954620986660575 150
1694678351942 0.10937597060710322 151
1694678353177 0.10921460839709242 152
1694678354500 0.10906165709604453 153
1694678355813 0.10891667528382298 154
1694678357013 0.10877924492991514 155
1694678358389 0.10864897013601896 156
1694678359810 0.10852547594778733 157
1694678361049 0.10840840723178648 158
1694678362414 0.10829742761396305 159
1694678363899 0.10819221847613604 160
1694678365183 0.10809247800723565 161
1694678366599 0.10799792030621118 162
1694678367935 0.1079082745337045 163
1694678369210 0.10782328410976166 164
1694678370649 0.10774270595501353 165
1694678372016 0.10766630977290544 166
1694678373273 0.10759387737069627 167
1694678374603 0.1075252020170811 168
1694678375974 0.10746008783441224 169
1694678377221 0.10739834922361215 170
1694678378588 0.10733981031998048 171
1694678380069 0.10728430447819738 172
1694678381394 0.10723167378492598 173
1694678382813 0.10718176859750331 174
1694678384336 0.10713444710729682 175
1694678386109 0.10708957492638262 176
1694678387731 0.1070470246962774 177
1694678389132 0.1070066757175254 178
1694678390722 0.1069684135990127 179
1694678392197 0.10693212992593817 180
1694678393791 0.10689772194543519 181
1694678395238 0.10686509226889043 182
1694678396621 0.10683414859006002 183
1694678398143 0.10680480341813339 184
1694678399436 0.1067769738249412 185
1694678400930 0.10675058120554774 186
1694678402964 0.1067255510515101 187
1694678404762 0.10670181273612632 188
1694678406015 0.10667929931103023 189
1694678407285 0.10665794731352739 190
1694678408573 0.10663769658409752 191
1694678409954 0.10661849009352242 192
1694678411265 0.10660027377912572 193
1694678412601 0.10658299638963876 194
1694678413907 0.10656660933823532 195
1694678415217 0.10655106656329924 196
1694678416521 0.1065363243965157 197
1694678417755 0.10652234143789613 198
1694678418971 0.10650907843737085 199
1694678420301 0.10649649818259876 200
1694678421587 0.10648456539266865 201
1694678422781 0.10647324661737598 202
1694678424067 0.10646251014178423 203
1694678425367 0.10645232589578875 204
1694678426565 0.10644266536842059 205
1694678427854 0.10643350152663902 206
1694678429336 0.10642480873837684 207
1694678430738 0.10641656269961364 208
1694678431982 0.10640874036526465 209
1694678433260 0.10640131988368504 210
1694678434418 0.10639428053459839 211
1694678435717 0.10638760267026981 212
1694678437016 0.10638126765975241 213
1694678438234 0.10637525783604683 214
1694678439473 0.106369556446019 215
1694678440702 0.1063641476029327 216
1694678441893 0.10635901624145909 217
1694678443216 0.10635414807503311 218
1694678444508 0.10634952955543406 219
1694678445793 0.10634514783447314 220
1694678447016 0.10634099072767869 221
1694678448326 0.10633704667987198 222
1694678449582 0.10633330473253824 223
1694678450783 0.1063297544928957 224
1694678452100 0.10632638610457465 225
1694678453472 0.10632319021982384 226
1694678454772 0.10632015797316192 227
1694678456217 0.1063172809564003 228
1694678457817 0.10631455119496437 229
1694678459138 0.10631196112544676 230
1694678460529 0.10630950357432631 231
1694678461835 0.10630717173779361 232
1694678463119 0.10630495916262482 233
1694678464434 0.10630285972804845 234
1694678465812 0.10630086762855408 235
1694678467095 0.10629897735759342 236
1694678468439 0.10629718369212766 237
1694678469771 0.10629548167797634 238
1694678471017 0.10629386661592662 239
1694678472385 0.10629233404856253 240
1694678473761 0.10629087974777791 241
1694678475103 0.10628949970293625 242
1694678476454 0.10628819010964387 243
1694678477753 0.10628694735910621 244
1694678479068 0.10628576802803416 245
1694678480520 0.10628464886907348 246
1694678481870 0.10628358680173078 247
1694678483102 0.10628257890376798 248
1694678484442 0.10628162240304344 249
1694678485739 0.10628071466977415 250
1694678486978 0.10627985320919944 251
1694678488275 0.10627903565462325 252
1694678489613 0.10627825976081688 253
1694678490804 0.10627752339776235 254
1694678492097 0.1062768245447198 255
1694678493459 0.10627616128460086 256
1694678494768 0.10627553179863343 257
1694678496252 0.10627493436130145 258
1694678497602 0.10627436733554683 259
