1694695831960 169.64084248330963 0
1694695833594 155.0725909909531 1
1694695834925 142.83701897868315 2
1694695836360 132.51030658814497 3
1694695837731 123.74846956188645 4
1694695839084 116.27210291238181 5
1694695840477 109.85405921652504 6
1694695841801 104.30949523015848 7
1694695843142 99.48782997865787 8
1694695844484 95.26624576501774 9
1694695845917 91.54443474478252 10
1694695847189 88.24035115261687 11
1694695848564 85.28677559356339 12
1694695849909 82.62853518241059 13
1694695851185 80.22025346036405 14
1694695852640 78.02452833715033 15
1694695853923 76.01045592601554 16
1694695855639 74.15243396787064 17
1694695857324 72.42919131221132 18
1694695858666 70.8230002276543 19
1694695860272 69.31903663083052 20
1694695861616 67.9048600335326 21
1694695862956 66.56999042460842 22
1694695864267 65.30556367528952 23
1694695865683 64.10405058622293 24
1694695866973 62.95902754419278 25
1694695868384 61.864989057649986 26
1694695869918 60.817194298614474 27
1694695871245 59.8115412796982 28
1694695872652 58.84446350783145 29
1694695874106 57.91284493635851 30
1694695875643 57.01394982935477 31
1694695877129 56.145364792499166 32
1694695878652 55.30495074281628 33
1694695880188 54.490803008647184 34
1694695881594 53.70121809033699 35
1694695883137 52.93466588668903 36
1694695884507 52.189766414622866 37
1694695885952 51.46527022968676 38
1694695887269 50.76004190119317 39
1694695888775 50.07304601428781 40
1694695890164 49.40333526749769 41
1694695891452 48.750040312483904 42
1694695892895 48.11236104629046 43
1694695894322 47.489559118106406 44
1694695895722 46.880951454692365 45
1694695897080 46.285904642977954 46
1694695898451 45.70383003638233 47
1694695899795 45.134179474334104 48
1694695901196 44.576441523229505 49
1694695902666 44.03013816244759 50
1694695903991 43.49482185166933 51
1694695905387 42.97007292613283 52
1694695906688 42.455497275015276 53
1694695908064 41.950724265198716 54
1694695909387 41.45540487852413 55
1694695910737 40.969210035488096 56
1694695912091 40.49182908236899 57
1694695913464 40.022968422130795 58
1694695914941 39.56235027226292 59
1694695916514 39.10971153506971 60
1694695917957 38.66480276790405 61
1694695919431 38.227387242510076 62
1694695920892 37.79724008405355 63
1694695922173 37.37414748161833 64
1694695923524 36.957905962970024 65
1694695925031 36.54832172726116 66
1694695926554 36.14521003010201 67
1694695927945 35.7483946160657 68
1694695929266 35.357707194254026 69
1694695930704 34.972986953032006 70
1694695932048 34.594080110460006 71
1694695933477 34.22083949731788 72
1694695934742 33.85312416993598 73
1694695936194 33.490799050329784 74
1694695937756 33.13373459138229 75
1694695939127 32.78180646503748 76
1694695940533 32.43489527166205 77
1694695941847 32.09288626890472 78
1694695943466 31.75566911853614 79
1694695944910 31.423137649889078 80
1694695946321 31.0951896386411 81
1694695947801 30.771726599792274 82
1694695949675 30.452653593788554 83
1694695951123 30.13787904483113 84
1694695952554 29.82731457049178 85
1694695953994 29.520874821827036 86
1694695955609 29.218477333249705 87
1694695957519 28.920042381475664 88
1694695959048 28.625492852918217 89
1694695960609 28.33475411895124 90
1694695961930 28.047753918507414 91
1694695963295 27.764422247518645 92
1694695964633 27.484691254742987 93
1694695966188 27.20849514355686 94
1694695969076 26.93577007932223 95
1694695970876 26.6664541019673 96
1694695972803 26.400487043445562 97
1694695974489 26.137810449761965 98
1694695976386 25.878367507277485 99
