1694451734891 -239.50563140254084 0
1694451735683 -193.91946596117162 1
1694451736559 -157.30112174046886 2
1694451737436 -127.5998581801023 3
1694451738276 -103.5073399514594 4
1694451739276 -83.95947942136763 5
1694451740090 -68.09848690228755 6
1694451740896 -55.22443909711334 7
1694451741893 -44.77499231055158 8
1694451742775 -36.290975706766396 9
1694451743578 -29.39911833686608 10
1694451744418 -23.80206888796622 11
1694451745344 -19.254213660649622 12
1694451746362 -15.555711214415165 13
1694451747292 -12.550001544656872 14
1694451748298 -10.105216736334075 15
1694451749391 -8.113896573179085 16
1694451750398 -6.494269898962809 17
1694451752167 -5.17512088624782 18
1694451754007 -4.098243589503809 19
1694451755788 -3.2215850949667404 20
1694451757492 -2.5063138869653665 21
1694451758756 -1.9205113040973094 22
1694451759815 -1.443214443997325 23
1694451760877 -1.0515101508442375 24
1694451761971 -0.731901043194753 25
1694451763062 -0.47009128618967977 26
1694451764058 -0.2539322814915317 27
1694451764890 -0.07751935271857313 28
1694451765808 0.06745355498815209 29
1694451766687 0.18825027898145164 30
1694451767476 0.2866990570301642 31
1694451768317 0.36908602240002397 32
1694451769217 0.43638192861933756 33
1694451770071 0.492023978275531 34
1694451770887 0.5394374326699236 35
1694451772039 0.577875570702066 36
1694451773182 0.6108410075356361 37
1694451774097 0.6376322004660708 38
1694451774944 0.6607625900858675 39
1694451775826 0.6796194928048608 40
1694451776734 0.6953108095889835 41
1694451777622 0.7095164671901713 42
1694451778458 0.7207066167665139 43
1694451779331 0.7309342805331138 44
1694451780206 0.7390070251936489 45
1694451781087 0.7464520970232615 46
1694451782003 0.7523447787685165 47
1694451782860 0.7571948366241188 48
1694451783688 0.762258258561802 49
1694451784524 0.76583622807096 50
1694451785401 0.7696174856661042 51
1694451786204 0.7722895864950774 52
1694451787004 0.7751432685089352 53
1694451787828 0.7771617314328274 54
1694451788734 0.7793365674048618 55
1694451789662 0.7808771516942529 56
1694451790538 0.7820035493311412 57
1694451791341 0.7838051836541928 58
1694451792327 0.7846618427446769 59
1694451793222 0.7860511566906644 60
1694451794094 0.786710421903843 61
1694451794940 0.7877913194491684 62
1694451795757 0.7883033272670374 63
1694451796678 0.7891508992921126 64
1694451797528 0.7895511865651513 65
1694451798447 0.7902204621578672 66
1694451799454 0.7905347751752322 67
1694451800527 0.7910665967045163 68
1694451801629 0.7913139750337671 69
1694451802674 0.7912914618513189 70
1694451803609 0.7919894476014704 71
1694451804472 0.7919642942117613 72
1694451805343 0.7925081978187215 73
1694451806226 0.7924837106024643 74
1694451807088 0.7929119217365472 75
1694451808067 0.7928889768964044 76
1694451809102 0.7932292558281184 77
1694451810021 0.7932077336283995 78
1694451810847 0.7934804794002605 79
1694451811715 0.7934599522394681 80
1694451812619 0.7936803618154475 81
1694451813526 0.793660397141327 82
1694451814449 0.7933961039251173 83
1694451815331 0.793874113605095 84
1694451816316 0.7936552736217145 85
1694451817277 0.7940255691483025 86
1694451818398 0.7938451450727878 87
1694451819614 0.7941359657977325 88
1694451820610 0.7939869439745711 89
1694451822005 0.7942182852011811 90
1694451823216 0.7940944559347287 91
1694451824250 0.7942807201409846 92
1694451825232 0.7941769077202723 93
1694451826111 0.7943286240895124 94
1694451826993 0.7942406628285602 95
1694451827838 0.7943656277682117 96
1694451828739 0.7942902358072531 97
1694451829611 0.7939719952154642 98
1694451830476 0.7943801047937151 99
