1694347242341 -239.69536037529204 0
1694347243008 -193.64828994170583 1
1694347243832 -157.011519009028 2
1694347244633 -127.30551811220522 3
1694347245398 -103.2158870382934 4
1694347246279 -83.67873637889234 5
1694347246844 -67.83088450405576 6
1694347247460 -54.974218811088804 7
1694347248201 -44.54173252905539 8
1694347249087 -36.07529566188681 9
1694347249860 -29.202344045987626 10
1694347250522 -23.62219952556956 11
1694347251131 -19.090508412939815 12
1694347251799 -15.408240263207542 13
1694347252558 -12.41653885523186 14
1694347253569 -9.98388315641455 15
1694347254377 -8.006071159506805 16
1694347255081 -6.396469268694796 17
1694347255803 -5.086711434583957 18
1694347256848 -4.019695915261762 19
1694347257766 -3.1505515609605546 20
1694347258504 -2.4416177815587 21
1694347259181 -1.863425756359522 22
1694347259857 -1.3915504818237556 23
1694347260583 -1.0052615606214084 24
1694347261385 -0.6899113987314156 25
1694347262173 -0.4312229380637269 26
1694347262805 -0.2196615946720435 27
1694347263441 -0.04569417641681128 28
1694347264155 0.09688614919543792 29
1694347264845 0.21445710190120137 30
1694347265599 0.31106204586604214 31
1694347266280 0.3909752231584288 32
1694347266868 0.4568351005645074 33
1694347267454 0.5115103334235357 34
1694347268063 0.5567281676437128 35
1694347268770 0.5944155409788228 36
1694347269560 0.6257093385428029 37
1694347270297 0.651903786119403 38
1694347271022 0.6737536286659125 39
1694347271777 0.6921267478262138 40
1694347272362 0.7075306337007492 41
1694347273181 0.720545045008081 42
1694347273936 0.7315174193818192 43
1694347274472 0.7408322728867318 44
1694347275087 0.7487332380786279 45
1694347275815 0.7554722277932284 46
1694347276771 0.7612252588497489 47
1694347277647 0.7661540538082818 48
1694347278384 0.7703902348036707 49
1694347280218 0.7740341748329338 50
1694347281652 0.7771879600155844 51
1694347283326 0.7799103136758142 52
1694347284454 0.7822832691487127 53
1694347285460 0.7843374179820244 54
1694347286495 0.7861407814256609 55
1694347287315 0.787705136728932 56
1694347288155 0.789088338816966 57
1694347289010 0.7902897994341543 58
1694347289987 0.791359660742346 59
1694347290771 0.7922894476792762 60
1694347291648 0.7931231655476876 61
1694347292461 0.7938475701672529 62
1694347293425 0.7945015565037234 63
1694347294197 0.7950692829060408 64
1694347294906 0.7955852193801736 65
1694347295755 0.7960324367382059 66
1694347296563 0.7964414554121015 67
1694347297344 0.7967953029309386 68
1694347298072 0.7971208974168076 69
1694347298676 0.7974019377601217 70
