1694346350741 -239.40695649642797 0
1694346351372 -193.7986283060956 1
1694346351964 -157.6281803780374 2
1694346352704 -128.8690037906385 3
1694346353375 -105.93928796664538 4
1694346353969 -87.60318362931487 5
1694346354512 -72.89407786090752 6
1694346355088 -61.05501592230506 7
1694346355914 -51.49242172879248 8
1694346356711 -43.74013444616365 9
1694346357459 -37.43144930011183 10
1694346358158 -32.27737031550865 11
1694346358861 -28.04968534946843 12
1694346359592 -24.567785809842253 13
1694346360372 -21.688395274041287 14
1694346361146 -19.29755865509558 15
1694346361957 -17.30438885172427 16
1694346362663 -15.636180455543741 17
1694346363562 -14.234587421865909 18
1694346364304 -13.052629335236109 19
1694346365026 -12.052343428540555 20
1694346366134 -11.20294026314444 21
1694346367232 -10.479352595368805 22
1694346368144 -9.861091493694117 23
1694346369005 -9.331342821508517 24
1694346369603 -8.876251994278391 25
1694346370173 -8.484356412760134 26
1694346370852 -8.146133905552484 27
1694346371537 -7.853642458744979 28
1694346372097 -7.600231912529379 29
1694346372727 -7.380312509357907 30
1694346373289 -7.189168453062772 31
1694346373972 -7.022807190783205 32
1694346374606 -6.877837120543874 33
1694346375171 -6.751367981793078 34
1694346375788 -6.640929401081583 35
1694346376422 -6.544404015605829 36
1694346377014 -6.459972341999568 37
1694346377564 -6.3860671419462465 38
1694346378186 -6.32133549518971 39
1694346378772 -6.264607151785777 40
1694346379407 -6.21486802030855 41
1694346379981 -6.171237873821013 42
1694346380651 -6.132951533682519 43
1694346381635 -6.099342932785532 44
1694346383007 -6.069831572461167 45
1694346384114 -6.0439109772131765 46
1694346385531 -6.021138823437467 47
1694346386729 -6.001128476117212 48
1694346388112 -5.983541714098312 49
1694346389490 -5.9680824622569855 50
1694346390257 -5.954491379486667 51
1694346390974 -5.942541176385633 52
1694346391934 -5.932032556946393 53
1694346392796 -5.92279069532529 54
1694346393615 -5.914662172611161 55
1694346394316 -5.907512309976366 56
1694346394989 -5.9012228441284105 57
1694346395706 -5.895689898942029 58
1694346396579 -5.890822213825716 59
1694346397314 -5.886539594992862 60
1694346398017 -5.882771560550197 61
1694346398679 -5.879456154335852 62
1694346399366 -5.876538906856987 63
1694346400026 -5.87397192459187 64
1694346400673 -5.871713091414932 65
1694346401276 -5.869725368042146 66
1694346401890 -5.867976177233483 67
1694346402451 -5.86643686407431 68
1694346403056 -5.865082222027318 69
1694346403649 -5.86389007663121 70
1694346404233 -5.8628409197502425 71
1694346404837 -5.861917588170722 72
1694346405528 -5.861104981116598 73
1694346406123 -5.860389811932 74
1694346406754 -5.85976038976748 75
1694346407334 -5.859206427620959 76
1694346407959 -5.858718873533487 77
1694346408588 -5.858289762132457 78
1694346409274 -5.857912084058527 79
1694346409867 -5.857579671113361 80
1694346410389 -5.857287095228731 81
1694346410937 -5.857029579588514 82
1694346411632 -5.856802920437744 83
1694346412390 -5.856603418290557 84
1694346413023 -5.856427817404761 85
1694346413656 -5.856273252527857 86
1694346414199 -5.856137202039372 87
1694346414802 -5.856017446720208 88
1694346415352 -5.855912033472282 89
1694346416022 -5.8558192433935305 90
1694346416715 -5.855737563684806 91
1694346417343 -5.855665662928343 92
1694346417903 -5.855602369332874 93
