1694679038198 169.0102707533208 0
1694679039379 136.91225775867926 1
1694679040536 110.91483794103067 2
1694679041787 89.85841554798739 3
1694679043012 72.80383480689112 4
1694679044173 58.9904683401755 5
1694679045445 47.802275447938364 6
1694679046624 38.74031440252021 7
1694679047747 31.40048128577418 8
1694679048957 25.455481404294595 9
1694679050238 20.640228389283504 10
1694679051347 16.740019184117052 11
1694679052546 13.58095709139451 12
1694679053849 11.022195435836242 13
1694679055144 8.949655687917485 14
1694679056524 7.270939719256296 15
1694679057968 5.911209166516386 16
1694679059095 4.809848047982461 17
1694679060336 3.917759734726299 18
1694679061602 3.195177688089205 19
1694679062727 2.609892301586884 20
1694679063790 2.13581475222916 21
1694679064957 1.7518138027687773 22
1694679066217 1.4407736739509809 23
1694679067313 1.188830968113514 24
1694679068523 0.9847566127555354 25
1694679069737 0.8194552614860688 26
1694679070881 0.6855598288024246 27
1694679072056 0.5771030782524078 28
1694679073262 0.48925162005350403 29
1694679074501 0.4180904575231263 30
1694679075625 0.3604484759038248 31
1694679076813 0.31375709292080123 32
1694679078143 0.27593576913828205 33
1694679079286 0.24529927385269237 34
1694679080469 0.220482572299263 35
1694679081677 0.20037998562316034 36
1694679082813 0.1840959114196213 37
1694679084025 0.17090490806139713 38
1694679085264 0.16021936349260632 39
1694679086426 0.1515633072929181 40
1694679087544 0.14455119868332864 41
1694679088729 0.13887074496694998 42
1694679089973 0.13426898456640757 43
1694679091872 0.13054101434491236 44
1694679093187 0.1275208587693417 45
1694679094371 0.12507407394619685 46
1694679095453 0.12309175689168424 47
1694679096601 0.12148569303299875 48
1694679097959 0.12018442567163275 49
1694679099070 0.11913007223291476 50
1694679100279 0.11827574541093128 51
1694679101426 0.11758346427829393 52
1694679102624 0.11702246226771115 53
1694679103790 0.11656781662043224 54
1694679105086 0.1161993382238323 55
1694679106381 0.1159006723653012 56
1694679107691 0.1156585703294941 57
1694679110278 0.1154622993798474 58
1694679111905 0.11530316483245358 59
1694679113157 0.1151741229257869 60
1694679114293 0.11506946723603048 61
1694679115426 0.1149845746652277 62
1694679116523 0.11491569968422656 63
1694679117790 0.11485980766273654 64
1694679118897 0.11481443986060301 65
1694679119964 0.11477760406526014 66
1694679121106 0.11474768600311769 67
1694679122237 0.11472337757830943 68
1694679123293 0.11470361874202853 69
1694679124430 0.11468755040302107 70
1694679126338 0.11467447628175627 71
1694679128099 0.11466383200928312 72
1694679129464 0.11465516009455479 73
1694679131091 0.1146480896454607 74
1694679132556 0.11464231994058215 75
1694679133975 0.11463760712023488 76
1694679135295 0.11463375340431357 77
1694679136604 0.11463059835700959 78
1694679137758 0.11462801180964369 79
1694679139096 0.11462588812670484 80
1694679140274 0.11462414156000866 81
