1694666544490 168.543791265514 0
1694666545662 136.59749084859934 1
1694666546888 110.93574426565563 2
1694666548010 90.12141431983484 3
1694666549216 73.23763351308706 4
1694666550472 59.53870053734816 5
1694666551669 48.423485493067616 6
1694666552821 39.4014895698794 7
1694666554090 32.078628280670706 8
1694666555353 26.133119582089694 9
1694666556698 21.303379158922613 10
1694666557967 17.381026370271147 11
1694666559244 14.193937745075123 12
1694666560468 11.60206652502124 13
1694666561747 9.495697122233414 14
1694666562937 7.7824179028649825 15
1694666564153 6.3869218890529025 16
1694666565358 5.251904723279035 17
1694666566615 4.327459110298701 18
1694666567813 3.5727949418859044 19
1694666569132 2.9584419828606188 20
1694666570343 2.45718751960092 21
1694666571566 2.046663293311766 22
1694666572715 1.7121787247332731 23
1694666574002 1.4376765177038615 24
1694666575358 1.2136978507092775 25
1694666576604 1.030224354564473 26
1694666577883 0.8787424206257693 27
1694666579132 0.7551141144183301 28
1694666580349 0.6535186409436131 29
1694666581604 0.5688655801584862 30
1694666582865 0.49987372245842626 31
1694666584088 0.4421378124370278 32
1694666585372 0.3949775563352999 33
1694666586743 0.35598419909809487 34
1694666587963 0.32275735399669964 35
1694666589163 0.2958203152448662 36
1694666590506 0.2727184873489767 37
1694666591735 0.2539435039829382 38
1694666592996 0.23773397268325722 39
1694666594265 0.22451925560054303 40
1694666595482 0.21352294750862236 41
1694666596734 0.2035677735879062 42
1694666598062 0.19572583565312138 43
1694666599234 0.1885583975479965 44
1694666600445 0.18290110385773894 45
1694666601684 0.17768367661876186 46
1694666602919 0.1735541478577324 47
1694666604130 0.170155278841347 48
1694666605435 0.16660688654309874 49
1694666606653 0.16409948352476125 50
1694666607835 0.1614496183755729 51
1694666609009 0.15957703850402274 52
1694666610358 0.15757720846729154 53
1694666611536 0.15616269109512962 54
1694666612718 0.15463858915219506 55
1694666613884 0.15355896404993105 56
1694666615140 0.15276959655326752 57
1694666616408 0.15150703036090699 58
1694666617752 0.15090669277176097 59
1694666618971 0.14993307631900157 60
1694666620177 0.14947107026188516 61
1694666621436 0.14871358874597915 62
1694666622696 0.1483547791069782 63
1694666623929 0.1477608096367264 64
1694666625156 0.14748029256858183 65
1694666626403 0.1470112713438397 66
1694666627628 0.14679100412064888 67
1694666628763 0.14641830924319651 68
1694666630027 0.14624494913829703 69
1694666631236 0.1462607261373683 70
1694666632450 0.14577158513932273 71
1694666633781 0.14578921236759185 72
1694666635229 0.1454080504984686 73
1694666637144 0.14542521087946034 74
1694666638874 0.1451251250661695 75
1694666640658 0.14514120456636714 76
1694666642343 0.144902740706272 77
1694666643836 0.1449178232351752 78
1694666645391 0.14472668589600765 79
1694666647019 0.14474107111220275 80
1694666648342 0.14458661042306978 81
1694666649873 0.14460060145458137 82
1694666651532 0.14478581533255153 83
1694666652887 0.14445083122737598 84
1694666654240 0.14460419196269153 85
1694666655517 0.14434469279181625 86
1694666656763 0.1444711320670444 87
1694666658137 0.14426732799279085 88
1694666659412 0.14437176090319898 89
1694666660668 0.14420963942944603 90
1694666662016 0.14429641766376752 91
1694666663333 0.14416588568696379 92
1694666664721 0.1442386363284572 93
1694666666239 0.14413231510878488 94
1694666667609 0.144193957425927 95
1694666668935 0.1441063833238933 96
1694666670265 0.14415921720914082 97
1694666671556 0.14438223683475992 98
1694666672959 0.14409623797822985 99
