1694667743115 168.8825024464592 0
1694667744483 82.74098197449902 1
1694667745501 67.71107238960508 2
1694667746338 57.77873276724755 3
1694667747184 50.238649517434226 4
1694667748008 44.13498185624252 5
1694667748844 39.03709789423432 6
1694667749668 34.70531741810241 7
1694667750527 30.98381840355446 8
1694667751359 27.761021451817893 9
1694667752183 24.952358876126148 10
1694667753074 22.491518270247887 11
1694667753898 20.325368724758878 12
1694667754701 18.410708695721784 13
1694667755539 16.712023974773896 14
1694667756386 15.199862266880261 15
1694667757174 13.84961418307491 16
1694667758006 12.640577999492605 17
1694667758851 11.555230843286424 18
1694667759652 10.578654334981278 19
1694667760544 9.698078033864444 20
1694667761685 8.902513925948883 21
1694667762641 8.182461945875207 22
1694667763516 7.529671327856161 23
1694667764720 6.936946100981018 24
1694667765697 6.397985676708083 25
1694667766501 5.907253472432535 26
1694667767334 5.459868043051994 27
1694667768409 5.0515123702932705 28
1694667769221 4.678357872250469 29
1694667770327 4.337000405840613 30
1694667771191 4.024406089667912 31
1694667771950 3.7378652096210314 32
1694667772704 3.4749528114703967 33
1694667773509 3.23349485451127 34
1694667774408 3.011539013851449 35
1694667775200 2.807329388568552 36
1694667775994 2.619284508175937 37
1694667776773 2.4459781380200543 38
1694667777531 2.2861224711243313 39
1694667778278 2.138553364068812 40
1694667779028 2.00221733124368 41
1694667779852 1.876160057973989 42
1694667780668 1.7595162307277998 43
1694667781444 1.6515005135785819 44
1694667782173 1.5513995256259236 45
1694667782915 1.458564695238216 46
1694667783707 1.3724058846011113 47
1694667784615 1.292385692799085 48
1694667785616 1.2180143580531402 49
1694667786477 1.1488451902085497 50
1694667787271 1.084470473452043 51
1694667788119 1.0245177868117978 52
1694667788910 0.9686466964770483 53
1694667789721 0.9165457795470251 54
1694667790520 0.8679299436275797 55
1694667791564 0.822538010858362 56
1694667792460 0.7801305385724869 57
1694667793367 0.7404878519456527 58
1694667794736 0.7034082667505195 59
1694667795640 0.6687064827510761 60
1694667796514 0.636212130398091 61
1694667797385 0.6057684553602258 62
1694667798197 0.5772311270796954 63
1694667799352 0.5504671590048814 64
1694667800353 0.5253539294494816 65
1694667801379 0.5017782931793189 66
1694667802216 0.47963577485176623 67
1694667803024 0.45882983634424185 68
1694667803936 0.4392712108207833 69
1694667804753 0.42087729711082467 70
1694667805548 0.40357160862211966 71
1694667806397 0.38728327158904474 72
1694667807274 0.3719465679759974 73
1694667808104 0.3575005188200336 74
1694667809016 0.3438885042132204 75
1694667809947 0.3310579164986599 76
1694667811028 0.3189598435893794 77
1694667811965 0.3075487796204153 78
1694667812973 0.2967823604150346 79
1694667814490 0.2866211214893848 80
1694667815899 0.2770282765387856 81
1694667817007 0.26796951454594026 82
1694667817980 0.25941281382879167 83
1694667819038 0.25132827150562337 84
1694667820206 0.24368794699909588 85
1694667822015 0.23646571833084187 86
1694667823530 0.22963715007543334 87
1694667825689 0.2231793719483047 88
1694667827232 0.21707096709768156 89
1694667829387 0.2112918692567974 90
1694667831206 0.20582326799056322 91
1694667832958 0.20064752134126732 92
1694667834429 0.19574807524151486 93
1694667835597 0.19110938912019218 94
1694667836724 0.1867168671793091 95
1694667837779 0.18255679486671664 96
1694667838820 0.17861628011236974 97
1694667839852 0.1748831989344593 98
1694667840964 0.17134614505676427 99
1694667842082 0.16799438321031399 100
1694667843135 0.1648178058212422 101
1694667844208 0.16180689281282332 102
1694667845237 0.15895267427337348 103
1694667846398 0.15624669576321376 104
1694667847475 0.15368098605342365 105
1694667848579 0.1512480271068647 106
1694667849637 0.14894072612808426 107
1694667850643 0.14675238952337824 108
1694667851789 0.1446766986256365 109
1694667852777 0.14270768705074072 110
1694667853838 0.14083971956333752 111
1694667854932 0.13906747233988817 112
1694667856079 0.1373859145260712 113
1694667857119 0.1357902909939909 114
1694667858152 0.13427610621226863 115
1694667859176 0.132839109149076 116
1694667860438 0.1314752791345227 117
1694667861756 0.13018081261462905 118
1694667862857 0.12895211073442872 119
1694667863929 0.12778576769260377 120
1694667865326 0.12667855981450546 121
1694667867232 0.12562743529448508 122
1694667868916 0.12462950456218817 123
1694667870912 0.12368203123088763 124
1694667873911 0.12278242358906628 125
1694667875399 0.12192822659933601 126
1694667876852 0.12111711437142723 127
1694667878456 0.120346883078407 128
1694667880433 0.11961544428751886 129
1694667882342 0.1189208186790907 130
1694667883851 0.11826113012884681 131
1694667885095 0.11763460013070277 132
1694667886792 0.11703954253872632 133
1694667889286 0.11647435860842746 134
1694667891833 0.1159375323189065 135
1694667894052 0.11542762595865165 136
1694667895786 0.11494327595894231 137
1694667897168 0.11448318895989319 138
1694667898268 0.11404613809516881 139
1694667899325 0.11363095948232593 140
1694667900386 0.11323654890659239 141
1694667901377 0.11286185868668704 142
1694667902405 0.11250589471201806 143
1694667903429 0.11216771364128417 144
1694667904468 0.11184642025313217 145
1694667905544 0.11154116494011823 146
1694667906650 0.11125114133776676 147
1694667907656 0.11097558408102956 148
1694667908623 0.11071376668092574 149
1694667909725 0.11046499951458398 150
1694667910797 0.11022862792232072 151
1694667911913 0.11000403040577435 152
1694667913001 0.10979061692147271 153
1694667914000 0.10958782726455067 154
1694667915029 0.10939512953764183 155
1694667915999 0.10921201870026724 156
1694667916983 0.10903801519431579 157
1694667918084 0.1088726636414674 158
1694667919062 0.1087155316086504 159
1694667920156 0.10856620843785139 160
1694667921218 0.10842430413680375 161
1694667922218 0.10828944832728275 162
1694667923263 0.10816128924791714 163
1694667924245 0.1080394928086037 164
1694667925309 0.10792374169377505 165
1694667926431 0.10781373451192362 166
1694667927572 0.10770918498892873 167
1694667928606 0.10760982120287273 168
1694667929628 0.10751538485815607 169
1694667930651 0.1074256305968444 170
1694667931651 0.1073403253452927 171
1694667932784 0.10725924769419781 172
1694667933820 0.10718218731033352 173
1694667934931 0.1071089443783124 174
1694667936089 0.10703932907081393 175
1694667937421 0.10697316104579731 176
1694667938552 0.10691026896929987 177
1694667939562 0.1068504900624946 178
1694667940608 0.10679366967175447 179
1694667941754 0.10673966086053434 180
1694667942862 0.10668832402194452 181
1694667943862 0.10663952651095387 182
1694667944887 0.10659314229521086 183
1694667945908 0.10654905162352792 184
1694667947018 0.1065071407111224 185
1694667948081 0.10646730144075765 186
1694667949162 0.10642943107896985 187
1694667950172 0.10639343200660945 188
1694667951233 0.10635921146296783 189
1694667952519 0.10632668130279543 190
1694667953749 0.10629575776555611 191
1694667955353 0.10626636125629278 192
1694667956544 0.10623841613751729 193
1694667957986 0.10621185053156132 194
1694667959346 0.10618659613285954 195
1694667960349 0.10616258802966083 196
1694667961371 0.10613976453468937 197
1694667962358 0.10611806702430342 198
1694667963414 0.10609743978572064 199
1694667964383 0.10607782987190302 200
1694667965453 0.10605918696371472 201
1694667966552 0.10604146323898415 202
1694667967522 0.10602461324812365 203
1694667968596 0.10600859379597455 204
1694667969605 0.10599336382956522 205
1694667970788 0.10597888433148304 206
1694667971841 0.10596511821857829 207
1694667973142 0.10595203024573191 208
1694667974197 0.10593958691443175 209
1694667975239 0.10592775638591607 210
1694667976288 0.10591650839865474 211
1694667977366 0.10590581418994982 212
1694667978427 0.10589564642145008 213
1694667979519 0.10588597910838107 214
1694667980575 0.10587678755230572 215
1694667981655 0.10586804827723886 216
1694667982797 0.10585973896894538 217
1694667983855 0.10585183841726578 218
1694667984958 0.105844326461314 219
1694667986016 0.10583718393740671 220
1694667987055 0.10583039262958485 221
1694667988031 0.10582393522260063 222
1694667989033 0.10581779525724319 223
1694667990075 0.10581195708788865 224
1694667991074 0.10580640584216304 225
1694667992094 0.10580112738261079 226
1694667993121 0.10579610827027051 227
1694667994128 0.10579133573006229 228
1694667995115 0.1057867976178953 229
1694667996274 0.10578248238941058 230
1694667997395 0.10577837907027782 231
1694667998545 0.105774477227967 232
1694667999741 0.10577076694492334 233
1694668000730 0.10576723879307398 234
1694668001771 0.10576388380960079 235
1694668003027 0.10576069347391638 236
1694668004234 0.10575765968578263 237
1694668005343 0.1057547747445153 238
1694668006457 0.1057520313292206 239
1694668007509 0.10574942248001257 240
1694668008619 0.10574694158016135 241
1694668009708 0.10574458233912816 242
1694668010802 0.10574233877644014 243
1694668011846 0.10574020520636526 244
1694668012821 0.1057381762233472 245
1694668013875 0.10573624668816176 246
1694668015040 0.10573441171475906 247
1694668016293 0.10573266665775793 248
1694668017375 0.10573100710055998 249
1694668018745 0.10572942884405209 250
