1694717635347 7.210569973380671 0
1694717638249 0.15300525156052405 1
1694717640335 0.07849613419706686 2
1694717642693 2.4494970200690798 3
1694717644494 0.34389351804606305 4
1694717646334 0.016579848248555958 5
1694717648106 0.1696297022758781 6
1694717649905 0.06743846116780071 7
1694717651753 0.003955351226387904 8
1694717653606 1.3109374616758824 9
1694717655283 1.3942552675697194e-06 10
1694717657090 8.916862721000449 11
1694717659022 0.08265513904812954 12
1694717661214 0.06257903501244522 13
1694717663904 0.15949644569246219 14
1694717666710 0.02929530755525239 15
1694717669798 0.05455570773146279 16
1694717672168 0.04722179978101682 17
1694717674923 1.8375046069776404 18
1694717677029 279.84331045207256 19
1694717680011 0.000687063361294103 20
1694717683225 0.7672764183705415 21
1694717685626 0.038160453650029645 22
1694717688354 9.057640360054927 23
1694717690579 0.3311472850449131 24
1694717692936 0.4640256348550349 25
1694717695553 0.21412093456774914 26
1694717698023 0.005562387888503075 27
1694717701032 0.01230963399329654 28
1694717704047 0.3595704769014517 29
1694717705954 72.9724881996722 30
1694717707591 0.2837613115943858 31
1694717709689 1.586880265720326e-05 32
1694717711408 0.05235907330477929 33
1694717713188 0.37200529913529995 34
1694717714898 0.0530193574527107 35
1694717716738 0.04226366190226877 36
1694717718409 30.715972680113627 37
1694717720085 5.742717295220878 38
1694717721965 0.03730019503477298 39
1694717723747 0.23135235844859303 40
1694717725577 0.0014155774014579434 41
1694717727475 0.5079853816408915 42
1694717729448 0.6667314610613281 43
1694717730974 0.027167423753675143 44
1694717732982 0.052584518633802736 45
1694717734777 0.27417932798171607 46
1694717737176 0.0606056710167478 47
1694717739917 84.05742854147984 48
1694717742629 0.9698431497965955 49
1694717745354 19.18836591241916 50
1694717747970 0.019993776877755685 51
1694717750373 0.05484866264202179 52
1694717752402 5.800510751812301 53
1694717754789 4.726487330400255 54
1694717757207 0.025948119842107365 55
1694717759560 0.7205220068729903 56
1694717762219 0.5067368620177013 57
1694717765736 0.02941655166401687 58
1694717768044 0.2769047072780447 59
1694717770228 0.09631160184956826 60
1694717772469 0.0001828403480076541 61
1694717774392 0.030844654112987608 62
1694717776056 0.7703841058494256 63
1694717778050 0.5656542631321972 64
1694717779836 0.16427996355919788 65
1694717781813 0.2100319706500026 66
1694717783486 0.0342116744983071 67
1694717785376 1.371762019481414 68
1694717787154 2.686096360212695e-05 69
1694717788961 0.5253963876033629 70
1694717790917 4.53857104120715 71
1694717793433 0.9935928299462153 72
1694717795739 0.02518777848692255 73
1694717798648 1.549876415880331e-06 74
1694717801845 6.503091331721693e-05 75
1694717804815 0.012698905312268829 76
1694717807659 0.017678493586638325 77
1694717809781 0.07816637194974609 78
1694717811485 0.191604031031964 79
1694717813176 10.163609263132528 80
1694717815147 0.005377296548857382 81
1694717817167 0.05656441303772783 82
1694717819403 0.7697863128722201 83
1694717822379 0.22234122480917498 84
1694717824610 0.016792566219721552 85
1694717826995 206.29799880104997 86
1694717829575 0.018341300699336937 87
1694717831750 7.230334191203372 88
1694717834084 1.0317637037599046 89
1694717835984 0.0021552877863593176 90
1694717838232 1.713114550401329 91
1694717840331 0.40572050586934033 92
1694717842599 0.07591163395153838 93
1694717844740 0.03830016742049008 94
1694717846995 0.15323394101764315 95
1694717849317 0.000386549154292993 96
1694717851415 0.03904697984979401 97
1694717853676 415.77910260711815 98
1694717855584 0.07061785578957928 99
