1694666781914 168.54379126551402 0
1694666782926 136.59749084859934 1
1694666783945 110.96024767559902 2
1694666785003 90.2723056654191 3
1694666786031 73.56555234086684 4
1694666787106 60.061602434091995 5
1694666788139 49.13681069194574 6
1694666789217 40.28922469757811 7
1694666790228 33.115792613979366 8
1694666791288 27.291969495094158 9
1694666792319 22.558503343595056 10
1694666793318 18.705298954673395 11
1694666794355 15.563738543713432 12
1694666795326 12.998059281960888 13
1694666796398 10.898280121572247 14
1694666798871 9.177504004384538 15
1694666800618 7.763962882343561 16
1694666802206 6.600240401521356 17
1694666803643 5.639950123049772 18
1694666804775 4.845023324280807 19
1694666805800 4.1862680613904955 20
1694666806823 3.638476557163984 21
1694666807820 3.181688291543592 22
1694666808879 2.799198711864977 23
1694666809906 2.4788415079073447 24
1694666811030 2.2093494151509403 25
1694666812151 1.9819549890199697 26
1694666813195 1.7890444152925595 27
1694666814218 1.6256741357436588 28
1694666815258 1.4865602331723493 29
1694666816299 1.367353654250849 30
1694666817315 1.2655786060283016 31
1694666818326 1.1781482637135867 32
1694666819345 1.1024776129423561 33
1694666820423 1.0374110262100646 34
1694666821393 0.9810645222127068 35
1694666822383 0.9318195819312185 36
1694666823373 0.8892391911783972 37
1694666824480 0.8521084645437373 38
1694666825572 0.8193470370306927 39
1694666826642 0.7909186219006857 40
1694666827637 0.7659871376809301 41
1694666828638 0.7437772710803786 42
1694666829687 0.7244835345797999 43
1694666830695 0.7074882582792762 44
1694666831734 0.6921922877953152 45
1694666832784 0.6789286205801848 46
1694666833823 0.6672077352690723 47
1694666834868 0.6565340299707512 48
1694666835870 0.6473277144325941 49
1694666836885 0.6389304196343437 50
1694666837942 0.6316710499141535 51
1694666838955 0.6252429084352971 52
1694666840002 0.6192761497077942 53
1694666841064 0.6141887042964915 54
1694666842144 0.6094624788537886 55
1694666843126 0.6054259735567038 56
1694666844176 0.6018570810766918 57
1694666845209 0.5984441548783321 58
1694666846382 0.5956078201877435 59
1694666847415 0.5928943906470069 60
1694666848426 0.5906364865745232 61
1694666849441 0.5886519042118608 62
1694666850427 0.586656566001188 63
1694666851454 0.5850767870510362 64
1694666852441 0.5834879595715723 65
1694666853472 0.5822288932638556 66
1694666854480 0.5811361866143574 67
1694666855577 0.5799388183828446 68
1694666856611 0.5790696261115243 69
1694666857611 0.5781163412565006 70
1694666858646 0.5774242241889525 71
1694666859629 0.5768384590832017 72
1694666860739 0.5760939988028293 73
1694666861797 0.5756298341542079 74
1694666862833 0.5750380958959244 75
1694666863870 0.5746698794770609 76
1694666864913 0.574373956936149 77
1694666865914 0.5738877563794773 78
1694666866928 0.5736555770620025 79
1694666867952 0.5732702657391279 80
1694666868954 0.5730878461603581 81
1694666870005 0.5729582524394091 82
1694666871005 0.5726196737219706 83
1694666872060 0.5725207841536767 84
1694666873053 0.5722535429405731 85
1694666874077 0.572177990496078 86
1694666875201 0.5721440853079552 87
1694666876293 0.5718899685622019 88
1694666877299 0.5718678343106787 89
1694666878256 0.571668162277529 90
1694666879289 0.5716542059972675 91
1694666880299 0.5716754578959218 92
1694666881360 0.5714696629708113 93
1694666882373 0.5714918124748825 94
1694666883383 0.5713307945191243 95
1694666884403 0.5713524088708836 96
1694666885503 0.5714055128079385 97
1694666886670 0.5712273383112495 98
1694666887677 0.5712750863403838 99
