1694696949322 169.64084248330963 0
1694696950736 166.25062489538743 1
1694696952313 162.95716862186708 2
1694696953954 159.72918314378333 3
1694696956914 156.565725672054 4
1694696959676 153.46531696388294 5
1694696961639 150.4266953734707 6
1694696963941 147.44846569573275 7
1694696966134 144.52974433260482 8
1694696967817 141.66917465616987 9
1694696969247 138.86545074836332 10
1694696970821 136.11772715879547 11
1694696972265 133.4247345074898 12
1694696973888 130.78525058339895 13
1694696975423 128.19846639436923 14
1694696976840 125.66319435138958 15
1694696978292 123.17829070085833 16
1694696979681 120.74298132413806 17
1694696981303 118.35615528885238 18
1694696982751 116.01674236051115 19
1694696984337 113.72400180651135 20
1694696985974 111.47689452073163 21
1694696987625 109.2744191426162 22
1694696988990 107.1158669284119 23
1694696990447 105.00018658785767 24
1694696992296 102.92668466984453 25
1694696993708 100.8944345058013 26
1694696995621 98.90254247012903 27
1694696997137 96.95034515383783 28
1694696998643 95.03691539202921 29
1694697000958 93.16160383648133 30
1694697002707 91.3235846848723 31
1694697004252 89.52206092879702 32
1694697005685 87.75641150832975 33
1694697007158 86.0258199841268 34
1694697008579 84.32967824590261 35
1694697009959 82.66721387412565 36
1694697011476 81.03783137533529 37
1694697013056 79.440830426483 38
1694697014941 77.87553413633255 39
1694697016423 76.34137324287973 40
1694697018193 74.83766925391782 41
1694697019875 73.36386455308384 42
1694697021225 71.91931841472717 43
1694697022605 70.50348458647927 44
1694697023953 69.11575842332064 45
1694697025327 67.7556047666376 46
1694697026644 66.42245343344631 47
1694697028046 65.11578009945215 48
1694697029341 63.8350474898772 49
1694697030940 62.579741865542964 50
1694697032422 61.34935736834512 51
1694697033851 60.143390604710596 52
1694697035491 58.961365701598915 53
1694697036917 57.80278938071173 54
1694697038393 56.66721438009883 55
1694697039941 55.55415731510153 56
1694697041395 54.463198216322304 57
1694697044047 53.393863379344026 58
1694697048092 52.34575886210228 59
1694697051141 51.31842043482648 60
1694697053610 50.31147896884525 61
1694697058055 49.324479510832255 62
1694697063391 48.35707658088669 63
1694697066550 47.40882431092849 64
1694697068866 46.47939975263408 65
1694697070347 45.56840238081339 66
1694697071825 44.67542310432424 67
1694697073175 43.800178688569495 68
1694697074632 42.942237382068704 69
1694697076156 42.101335685099556 70
1694697077584 41.277050508357604 71
1694697079207 40.469137127412935 72
1694697082487 39.67718094583204 73
1694697084431 38.90095509451027 74
1694697085941 38.14010456331561 75
1694697087242 37.39426695307867 76
1694697088547 36.663248446748405 77
1694697089822 35.94664717049518 78
1694697091232 35.244284826705396 79
1694697092672 34.55576767850301 80
1694697094040 33.88093216023083 81
1694697095366 33.21945344370838 82
1694697096657 32.571000128599046 83
1694697097995 31.935437253149715 84
1694697099378 31.31238296104661 85
1694697100862 30.7017149961336 86
1694697102182 30.103059320012832 87
1694697103947 29.516305710233862 88
1694697105608 28.941156329592904 89
1694697107215 28.377307462749215 90
1694697108715 27.82467365043054 91
1694697110196 27.28289197548934 92
1694697111681 26.75188725598841 93
1694697113039 26.231378055900304 94
1694697114602 25.721077560284446 95
1694697116338 25.220932850030596 96
1694697117679 24.730591770448097 97
1694697119201 24.25001009875177 98
1694697120762 23.77884307099819 99
