1694697767412 169.64084248330963 0
1694697768749 168.03944056533766 1
1694697770202 166.26877593685055 2
1694697771595 164.35101549139344 3
1694697772953 162.30635375122063 4
1694697774412 160.15314266651902 5
1694697775855 157.90802056656455 6
1694697777302 155.58603825543267 7
1694697778683 153.2007808045051 8
1694697780234 150.7644840361541 9
1694697781971 148.28814503993414 10
1694697783277 145.7816263326271 11
1694697784737 143.25375348150575 12
1694697786245 140.71240616839717 13
1694697787718 138.16460279049636 14
1694697789200 135.61657878050295 15
1694697790631 133.0738588901178 16
1694697792164 130.54132372258465 17
1694697793598 128.02327082612055 18
1694697795048 125.52347067423607 19
1694697796428 123.04521786391255 20
1694697797957 120.59137786062995 21
1694697799386 118.16442961212363 22
1694697800792 115.76650434192162 23
1694697802246 113.39942082030412 24
1694697803485 111.06471739522044 25
1694697805084 108.76368104958831 26
1694697806559 106.49737373481312 27
1694697807925 104.26665621371123 28
1694697809672 102.07220962959998 29
1694697811502 99.91455500235216 30
1694697812984 97.7940708368626 31
1694697814550 95.71100901474271 32
1694697815952 93.6655091262191 33
1694697817356 91.65761138619357 34
1694697818751 89.6872682662461 35
1694697820116 87.75435496301698 36
1694697821568 85.85867881287781 37
1694697822987 83.9999877530634 38
1694697824401 82.1779779204539 39
1694697825873 80.39230047093295 40
1694697827407 78.64256769465918 41
1694697828856 76.9283584956355 42
1694697830367 75.24922329760189 43
1694697831931 73.60468843246598 44
1694697833307 71.99426006218971 45
1694697834802 70.41742768022178 46
1694697836370 68.87366723417372 47
1694697837986 67.36244390744514 48
1694697839553 65.88321459387585 49
1694697841130 64.43543009621267 50
1694697842749 63.018537076192814 51
1694697844284 61.63197978134201 52
1694697845770 60.27520157113526 53
1694697847196 58.947646262951146 54
1694697848683 57.64875931624398 55
1694697850316 56.37798887154469 56
1694697851749 55.13478665926106 57
1694697853246 53.91860879176657 58
1694697854859 52.728916450928836 59
1694697856467 51.56517648202039 60
1694697858473 50.42686190386376 61
1694697860710 49.3134523440789 62
1694697862520 48.224434407412836 63
1694697863953 47.1593019843308 64
1694697865512 46.11755650632607 65
1694697867037 45.09870715375458 66
1694697868565 44.10227102141399 67
1694697870168 43.127773246557794 68
1694697871605 42.17474710355896 69
1694697873243 41.24273406900825 70
1694697875036 40.331283860646195 71
1694697877019 39.43995445317922 72
1694697878888 38.56831207371732 73
1694697880443 37.715931179288674 74
1694697882050 36.8823944186321 75
1694697883877 36.067292580240604 76
1694697885612 35.27022452842275 77
1694697887105 34.49079712896421 78
1694697888618 33.728625165805134 79
1694697890337 32.98333124999942 80
1694697891768 32.25454572208726 81
1694697893254 31.541906548891543 82
1694697894732 30.84505921563965 83
1694697896224 30.163656614214695 84
1694697897653 29.497358928252087 85
1694697899186 28.84583351571876 86
1694697900987 28.20875478954124 87
1694697902387 27.585804096785086 88
1694697904112 26.97666959683133 89
1694697905751 26.38104613894399 90
1694697907187 25.798635139576888 91
1694697908609 25.229144459726626 92
1694697910077 24.6722882826017 93
1694697911762 24.12778699184439 94
1694697913268 23.595367050512582 95
1694697915257 23.074760881001797 96
1694697916824 22.565706746064063 97
1694697918370 22.06794863105906 98
1694697920116 21.58123612755359 99
