1694679292631 168.83772543452676 0
1694679293807 136.80446337760878 1
1694679295125 111.40009371720977 2
1694679296497 91.20118820516751 3
1694679298068 75.09672468808208 4
1694679299482 62.21867111692364 5
1694679300950 51.88809865106214 6
1694679302087 43.57333700372934 7
1694679303264 36.857469668073136 8
1694679304493 31.413074462882683 9
1694679305606 26.982585765735422 10
1694679306764 23.363019702040937 11
1694679308073 20.394086321359058 12
1694679309375 17.948931922302858 13
1694679310495 15.926924518151296 14
1694679312166 14.248027070267824 15
1694679313615 12.848405156596735 16
1694679314990 11.676994850806583 17
1694679316381 10.69281792576475 18
1694679318237 9.862879061814494 19
1694679319592 9.160516633899917 20
1694679321071 8.564107272316422 21
1694679323151 8.056046599622176 22
1694679324426 7.6219457821843255 23
1694679325676 7.249996915729653 24
1694679326983 6.930470655599494 25
1694679328319 6.655317574950362 26
1694679329606 6.417851007822341 27
1694679330769 6.2124940118596115 28
1694679331907 6.034576879985778 29
1694679332999 5.880174583797077 30
1694679334100 5.74597583173558 31
1694679335205 5.62917721798006 32
1694679336325 5.52739733650665 33
1694679337418 5.438606826656373 34
1694679338507 5.36107116989474 35
1694679339599 5.293303725124811 36
1694679340791 5.2340270129753295 37
1694679341952 5.182140669825301 38
1694679343130 5.136694814735026 39
1694679344303 5.096867826206984 40
1694679345561 5.061947725792776 41
1694679346766 5.031316523667531 42
1694679348279 5.0044370065022346 43
1694679350070 4.980841547364644 44
1694679351344 4.960122596499106 45
1694679353338 4.9419245749918375 46
1694679355072 4.925936943895298 47
1694679356507 4.911888262003715 48
1694679358002 4.899541078210336 49
1694679359170 4.888687530859234 50
1694679360438 4.879145548005627 51
1694679361647 4.8707555600236985 52
1694679362788 4.863377650341067 53
1694679363934 4.8568890818611665 54
1694679365117 4.851182146354048 55
1694679366254 4.846162292146997 56
1694679367561 4.841746492141717 57
1694679368697 4.8378618197756955 58
1694679369835 4.834444205231788 59
1694679370934 4.831437348143622 60
1694679372081 4.828791766374424 61
1694679373328 4.826463963269357 62
1694679374401 4.824415698181059 63
1694679375456 4.822613347114641 64
1694679376634 4.821027342089457 65
1694679377822 4.8196316793164975 66
1694679378971 4.818403487581729 67
1694679380069 4.8173226493387045 68
1694679381193 4.816371467975236 69
1694679382339 4.815534375550901 70
1694679383455 4.814797676023574 71
1694679384602 4.81414931960955 72
1694679385703 4.813578704466646 73
1694679386762 4.8130765023639395 74
1694679387910 4.812634505415466 75
1694679389227 4.812245491316065 76
1694679390413 4.811903104832886 77
1694679391636 4.811601753581667 78
1694679392925 4.811336516358183 79
1694679394605 4.8111030625063345 80
1694679395737 4.810897580989467 81
1694679397100 4.810716717993514 82
1694679398337 4.810557522032964 83
1694679399477 4.8104173956551985 84
1694679400722 4.81029405294843 85
1694679401937 4.810185482154482 86
1694679403612 4.810089912772077 87
1694679405150 4.810005786610549 88
1694679406461 4.809931732318906 89
1694679407646 4.809866542972551 90
1694679408975 4.809809156350166 91
1694679410399 4.809758637577622 92
