1694699691007 170.04395803399782 0
1694699692926 166.64612371095302 1
1694699694453 163.31636077426765 2
1694699697194 160.05330219750482 3
1694699699159 156.85560849171566 4
1694699702129 153.72196714854877 5
1694699703941 150.65109209467786 6
1694699705897 147.6417231573156 7
1694699708250 144.69262554058773 8
1694699710684 141.80258931254477 9
1694699712420 138.97042890259434 10
1694699714387 136.19498260914048 11
1694699715759 133.47511211722224 12
1694699717024 130.8097020259465 13
1694699718726 128.19765938551555 14
1694699720527 125.63791324365255 15
1694699721973 123.12941420123427 16
1694699723526 120.67113397694197 17
1694699724848 118.26206498074663 18
1694699726282 115.90121989604863 19
1694699727468 113.5876312702946 20
1694699728756 111.32035111389891 21
1694699730030 109.09845050730033 22
1694699731773 106.92101921598751 23
1694699733821 104.78716531333119 24
1694699735556 102.69601481106383 25
1694699737357 100.64671129725059 26
1694699738913 98.63841558159888 27
1694699740424 96.67030534795725 28
1694699741977 94.74157481385667 29
1694699743455 92.85143439695089 30
1694699745339 90.99911038821534 31
1694699746822 89.18384463176682 32
1694699748483 87.40489421116898 33
1694699750246 85.66153114209192 34
1694699752047 83.95304207119585 35
1694699753465 82.27872798111278 36
1694699755148 80.63790390140171 37
1694699756842 79.02989862535557 38
1694699758360 77.45405443254131 39
1694699760302 75.90972681695614 40
1694699761926 74.39628422068559 41
1694699763432 72.91310777295162 42
1694699764923 71.45959103444119 43
1694699766419 70.03513974680767 44
1694699768199 68.6391715872402 45
1694699769729 67.27111592799746 46
1694699772238 65.93041360080564 47
1694699774013 64.616516666021 48
1694699775611 63.32888818646075 49
1694699777252 62.067002005806884 50
1694699780076 60.83034253149055 51
1694699782703 59.61840452196553 52
1694699784094 58.43069287828185 53
1694699785415 57.266722439872126 54
1694699786733 56.12601778446509 55
1694699788083 55.008113032042566 56
1694699789659 53.912551652757585 57
1694699791311 52.83888627873351 58
1694699792921 51.786678519665145 59
1694699794979 50.75549878214479 60
1694699796592 49.74492609263756 61
1694699798051 48.754547924032124 62
1694699799389 47.783960025693936 63
1694699800709 46.832766256950364 64
1694699802093 45.90057842393769 65
1694699803611 44.98701611974207 66
1694699805022 44.09170656776761 67
1694699806482 43.21428446826592 68
1694699807852 42.354391847963356 69
1694699809142 41.51167791272291 70
1694699810495 40.68579890317936 71
1694699811947 39.876417953287365 72
1694699813391 39.08320495172348 73
1694699814702 38.305836406084296 74
1694699816139 37.543995309824005 75
1694699817471 36.79737101187594 76
1694699818912 36.06565908890366 77
1694699820530 35.34856122012838 78
1694699821862 34.64578506468059 79
1694699823316 33.95704414142461 80
1694699824621 33.28205771120621 81
1694699826039 32.62055066147407 82
1694699827364 31.97225339322716 83
1694699828921 31.33690171024079 84
1694699830299 30.71423671052545 85
1694699831585 30.104004679973016 86
1694699832937 29.50595698814625 87
1694699834334 28.919849986168078 88
1694699835771 28.345444906668327 89
1694699837097 27.782507765746146 90
1694699838479 27.230809266907404 91
1694699839905 26.69012470693722 92
1694699841349 26.16023388366833 93
1694699842863 25.64092100560702 94
1694699844169 25.13197460337916 95
1694699845498 24.633187442959375 96
1694699846891 24.14435644064751 97
1694699848269 23.665282579756788 98
1694699849717 23.195770828979498 99
