1694738895649 4.386526353785081 0
1694738898485 2.6861715122400227 1
1694738901275 10.790666990591625 2
1694738904158 10.075684771186523 3
1694738907227 2.340398724762416 4
1694738911227 3.7914073944012525 5
1694738916510 4.769785092968507 6
1694738919978 3.733634192163079 7
1694738923365 4.211269526193172 8
1694738926607 4.635271312857545 9
1694738929977 4.22425781910843 10
1694738933288 4.663412460610672 11
1694738936123 6.905884627748292 12
1694738939227 4.823266814754116 13
1694738942220 3.631006044830808 14
1694738945631 3.241272644360096 15
1694738948538 2.7287596705832278 16
1694738951678 3.7881000777857787 17
1694738954791 4.144606779542322 18
1694738957610 4.308518310574409 19
1694738960462 4.67449515618466 20
1694738963447 4.560529785525408 21
1694738966316 4.680152755720543 22
1694738969157 5.007610448840859 23
1694738971967 4.435765664895652 24
1694738974847 4.766308064656825 25
1694738977522 4.5598762966287705 26
1694738980277 9.186719107373204 27
1694738983156 4.011190471905802 28
1694738986776 4.0895607319835525 29
1694738991181 7.063206290431515 30
1694738994573 5.953287102282022 31
1694738997632 1.490916336907537 32
1694739000674 2.8895018904838228 33
1694739003775 2.889177982432619 34
1694739007424 6.166673688329295 35
1694739010386 4.585855517612657 36
1694739013162 6.001409479606226 37
1694739016081 4.38642363906198 38
1694739019192 8.49725415295372 39
1694739021953 5.022204058957929 40
1694739025086 4.930286864572357 41
1694739028079 4.936521063040778 42
1694739031175 2.0452142998684253 43
1694739034201 6.792246346307462 44
1694739036976 3.168078186337683 45
1694739039769 5.015818114809915 46
1694739042498 5.744130851206446 47
1694739045268 3.6825805630836905 48
1694739047960 8.220291528029405 49
1694739051049 6.822719597901296 50
1694739053853 4.869578162355705 51
1694739057005 6.404048872274124 52
1694739060048 6.431839091057144 53
1694739062750 3.75740401802515 54
1694739065913 4.142299646531855 55
1694739068828 4.208884252569075 56
1694739071651 3.9978690314198033 57
1694739074436 5.537360389393352 58
1694739077176 6.442693022668159 59
1694739079880 5.704452037912262 60
1694739082702 3.929073383546635 61
1694739085315 2.5288302912400367 62
1694739088025 7.476363386147514 63
1694739091016 7.98302171649254 64
1694739093812 5.419198893678505 65
1694739096454 3.544895768546348 66
1694739099178 6.4057706787872375 67
1694739101973 8.235989965043721 68
1694739104589 2.792101144260196 69
1694739107721 2.2570216255016726 70
1694739110767 5.712377855592917 71
1694739113711 2.6940701815067176 72
1694739116590 3.8800443775970828 73
1694739119337 5.27755411659166 74
1694739122426 5.677096510308175 75
1694739125414 5.434482281362285 76
1694739128219 6.894782831900094 77
1694739131099 1.3191854720096037 78
1694739133842 5.97559030002179 79
1694739136574 5.451599067556127 80
1694739139105 8.06109346962096 81
1694739141782 4.191709809165533 82
1694739144337 4.479498375766094 83
1694739147003 3.8528903966664245 84
1694739149649 3.1370091495829078 85
1694739152326 4.104411225167981 86
1694739155000 2.9320392850766916 87
1694739157631 6.230549346995823 88
1694739160081 5.879593336953048 89
1694739162618 3.311820190468946 90
1694739165036 7.287559050674159 91
1694739167649 5.091463278232331 92
1694739170050 7.2107145883830555 93
1694739172628 8.043090081941845 94
1694739175804 6.538586210348679 95
1694739178349 2.748756970021148 96
1694739180851 4.156859269239524 97
1694739184118 6.524477143523503 98
1694739187064 4.401302705872866 99
