1694697955133 168.54379126551402 0
1694697956962 168.20770831703868 1
1694697958696 167.57047756344812 2
1694697960438 166.66463072530092 3
1694697962140 165.52032418607587 4
1694697963535 164.16540022434896 5
1694697965053 162.6254720802785 6
1694697966745 160.9240254758683 7
1694697968047 159.08253077984847 8
1694697969669 157.1205612830959 9
1694697971779 155.05591408219163 10
1694697973871 152.9047309006999 11
1694697975929 150.6816168461437 12
1694697978404 148.39975563524467 13
1694697980461 146.07102024534944 14
1694697982710 143.70607828633106 15
1694697984315 141.31449165127805 16
1694697985980 138.9048102096733 17
1694697987362 136.4846594647566 18
1694697988770 134.06082221658605 19
1694697990223 131.63931436151097 20
1694697991682 129.22545502351866 21
1694697993096 126.8239312582504 22
1694697994601 124.43885760049925 23
1694697996076 122.07383074403262 24
1694697997475 119.7319796513207 25
1694697998949 117.41601139237584 26
1694698000250 115.12825300816517 27
1694698001750 112.87068968635624 28
1694698003327 110.64499952660405 29
1694698005115 108.45258516008096 30
1694698007257 106.29460247417707 31
1694698009261 104.17198667880838 32
1694698011007 102.08547593597811 33
1694698012726 100.03563275946618 34
1694698014498 98.02286337701065 35
1694698016378 96.04743523326812 36
1694698018307 94.10949279832528 37
1694698020247 92.20907183365937 38
1694698022217 90.34611225527047 39
1694698024095 88.52046972225463 40
1694698026017 86.7319260683676 41
1694698028734 84.98019868413593 42
1694698032098 83.26494894779083 43
1694698034346 81.58578979470578 44
1694698036770 79.94229250708187 45
1694698039450 78.33399279831423 46
1694698041738 76.76039625975002 47
1694698043914 75.22098323138242 48
1694698046145 73.7152131523734 49
1694698048382 72.2425284421318 50
1694698051328 70.80235795795107 51
1694698056065 69.39412007090506 52
1694698058638 68.01722539777442 53
1694698061381 66.67107922320253 54
1694698064665 65.35508364302846 55
1694698067353 64.06863945679022 56
1694698069173 62.8111478347067 57
1694698071139 61.58201178201157 58
1694698073343 60.38063742130259 59
1694698075678 59.20643511156581 60
1694698078388 58.05882042072014 61
1694698080678 56.937214966882934 62
1694698083146 55.84104714206948 63
1694698084652 54.769752730692346 64
1694698086649 53.72277543400873 65
1694698089055 52.69956731056187 66
1694698092147 51.69958914166726 67
1694698094285 50.72231073009455 68
1694698095977 49.76721113928287 69
1694698097986 48.833778879693206 70
1694698100195 47.92151204823873 71
1694698102163 47.02991842613513 72
1694698104028 46.1585155399734 73
1694698105867 45.306830690329555 74
1694698107713 44.47440095178694 75
1694698109628 43.66077314784947 76
1694698111394 42.86550380386741 77
1694698112989 42.08815908077438 78
1694698114775 41.328314692144026 79
1694698116289 40.58555580681319 80
1694698117806 39.85947693908232 81
1694698119422 39.14968182829134 82
1694698121073 38.455783309378404 83
1694698122674 37.777403175856094 84
1694698124183 37.11417203648509 85
1694698125705 36.46572916678558 86
1694698127409 35.83172235640135 87
1694698128841 35.211807753218395 88
1694698130322 34.6056497050387 89
1694698131771 34.0129205995185 90
1694698133165 33.43330070299833 91
1694698134632 32.866477998778564 92
1694698136131 32.312148025328426 93
1694698137598 31.770013714856507 94
1694698138973 31.23978523261828 95
1694698140592 30.72117981728793 96
1694698142002 30.21392162267951 97
1694698143339 29.717741561063846 98
1694698144891 29.23237714829337 99
