1694445746715 -239.32384704812617 0
1694445747526 -193.4832011498777 1
1694445748175 -157.1891675297129 2
1694445749016 -128.37578887338145 3
1694445749805 -105.43486953426212 4
1694445750683 -87.11306885000164 5
1694445751510 -72.43234690355965 6
1694445752299 -60.62842684115552 7
1694445753282 -51.10316423617454 8
1694445754209 -43.38765687924705 9
1694445755137 -37.11365371503709 10
1694445755844 -31.991379928013842 11
1694445756454 -27.79232509821948 12
1694445757124 -24.335872579775884 13
1694445757774 -21.47890357354218 14
1694445758614 -19.107706259147502 15
1694445759335 -17.131672257821755 16
1694445759940 -15.478379946483159 17
1694445760586 -14.089754681619295 18
1694445761152 -12.919065933937597 19
1694445761771 -11.928575390107769 20
1694445762461 -11.087691873217276 21
1694445763404 -10.371521263981071 22
1694445764568 -9.759724625279238 23
1694445765541 -9.235617105340761 24
1694445766226 -8.78545520229216 25
1694445766895 -8.397871604730522 26
1694445767639 -8.063425843807662 27
1694445768266 -7.774245992441529 28
1694445768854 -7.523742082928102 29
1694445769418 -7.306376138076427 30
1694445770065 -7.1174769957427415 31
1694445770683 -6.953090663260447 32
1694445771389 -6.809858930009147 33
1694445771990 -6.6849205196321915 34
1694445772606 -6.575830276088577 35
1694445773166 -6.480492825664417 36
1694445773839 -6.397107899071334 37
1694445774823 -6.324125079429914 38
1694445775851 -6.260206198666968 39
1694445776871 -6.204193964125201 40
1694445778186 -6.155085680343564 41
1694445779326 -6.112011154617051 42
1694445779971 -6.074214052001348 43
1694445780610 -6.041036105950203 44
1694445781374 -6.011903702601009 45
1694445782210 -5.986316445974665 46
1694445782833 -5.963837382807506 47
1694445783422 -5.944084623122743 48
1694445784064 -5.926724138903405 49
1694445784788 -5.911463560642955 50
1694445785455 -5.898046821927678 51
1694445786175 -5.886249526964554 52
1694445787071 -5.875874936229679 53
1694445787752 -5.866750482059374 54
1694445788377 -5.858724739738838 55
1694445789005 -5.851664791018712 56
1694445789595 -5.845453926450519 57
1694445790161 -5.839989640830949 58
1694445790762 -5.835181882666791 59
1694445791433 -5.830951524143198 60
1694445792074 -5.82722902278278 61
1694445792722 -5.823953249969302 62
1694445793480 -5.8210704648991936 63
1694445794227 -5.8185334154141355 64
1694445794878 -5.816300549640094 65
1694445795497 -5.814335324478123 66
1694445796189 -5.812605598814884 67
1694445797233 -5.8110831008915325 68
1694445797874 -5.809742960625886 69
1694445798445 -5.808563298856531 70
1694445798996 -5.807524866494649 71
1694445799639 -5.806610727452607 72
1694445800234 -5.805805979986163 73
1694445800799 -5.805097511755742 74
1694445801328 -5.8044737844946495 75
1694445801962 -5.803924644680839 76
1694445802498 -5.803441157052507 77
1694445803073 -5.803015458196232 78
1694445803634 -5.80264062777564 79
1694445804297 -5.802310575265958 80
1694445804890 -5.802019940320034 81
1694445805452 -5.8017640051196135 82
1694445806001 -5.801538617265638 83
1694445806712 -5.801340121936822 84
1694445807302 -5.801165302199755 85
1694445807869 -5.80101132648883 86
1694445808445 -5.800875702393063 87
1694445809066 -5.800756235991107 88
1694445809653 -5.800650996067213 89
1694445810262 -5.8005582826214 90
1694445810804 -5.800476599157865 91
1694445811431 -5.800404628297701 92
