1694518673141 169.64084248330965 0
1694518674030 166.14321488542052 1
1694518675004 159.76652948682994 2
1694518675969 151.0269487698499 3
1694518676973 140.4592868345252 4
1694518677943 128.5903051964191 5
1694518678867 115.9181007283689 6
1694518679804 102.89631740483757 7
1694518680788 89.92315739850055 8
1694518681799 77.33515281365823 9
1694518682982 65.40451214733203 10
1694518683937 54.33961654039766 11
1694518684888 44.287963867282386 12
1694518685815 35.34096957363818 13
1694518686705 27.54013492712685 14
1694518687685 20.883894760360846 15
1694518688816 15.335274577233523 16
1694518689912 10.829426812475205 17
1694518690951 7.280434434447269 18
1694518691972 4.58811244917618 19
1694518692971 2.643998657321997 20
1694518694100 1.3363355285480993 21
1694518695245 0.5549442941269297 22
1694518696269 0.19476489525917612 23
1694518697325 0.15806636305744878 24
1694518698300 0.356646322202352 25
1694518699267 0.7130701201700504 26
1694518700255 1.1612902347955447 27
1694518701653 1.6467379267837872 28
1694518702937 2.125982038543926 29
1694518704291 2.5660485424779123 30
1694518705308 2.9432992554291437 31
1694518706356 3.2427682236690107 32
1694518707297 3.4568798912532697 33
1694518708441 3.583836042186179 34
1694518709583 3.6266319217633063 35
1694518710628 3.5919075071446143 36
1694518711546 3.488890426350205 37
1694518712514 3.32835445591294 38
1694518713328 3.122041586348071 39
1694518714415 2.881838260522631 40
1694518715441 2.6192518699707104 41
1694518716779 2.3448580202342653 42
1694518718153 2.0681066841026237 43
1694518719328 1.797125749459661 44
1694518720639 1.538612318580831 45
1694518722252 1.297832200492618 46
1694518723388 1.078637473216203 47
1694518724563 0.8835554455074947 48
1694518725667 0.713858556561361 49
1694518726661 0.5697998763341089 50
1694518727631 0.4507699958106506 51
1694518728582 0.3554644098244582 52
1694518729546 0.2820931943863971 53
1694518730640 0.22842093116496123 54
1694518731831 0.1919778136864548 55
1694518732938 0.17018565406655617 56
1694518734013 0.16046558650349274 57
1694518735236 0.16024947071314358 58
1694518736300 0.16720076084590385 59
1694518737545 0.17920560944763703 60
1694518738706 0.19445720706762776 61
1694518739779 0.21133240454353044 62
1694518740880 0.22848370836479126 63
1694518741892 0.24483411034533537 64
1694518743022 0.2594987232522663 65
1694518744230 0.27189834501472915 66
1694518745414 0.28167341547891195 67
1694518746495 0.28868544052151 68
1694518747508 0.29288551862421636 69
1694518748779 0.29435643934685374 70
1694518749933 0.2932494369835351 71
1694518751058 0.2898319749217947 72
1694518752331 0.28443871664696935 73
1694518754122 0.27739624804740676 74
1694518755870 0.2690466115382032 75
1694518757465 0.25970735349253976 76
1694518758548 0.24970302806752676 77
1694518759552 0.23933858563981167 78
1694518760615 0.22889049145972246 79
1694518761761 0.21858177025166703 80
1694518762819 0.20858938404564714 81
1694518763891 0.19906239173905382 82
1694518764959 0.19012090060318793 83
1694518766686 0.18185617794108494 84
1694518767631 0.17432299822273842 85
1694518768748 0.16753829569730516 86
1694518770860 0.16150431949192232 87
1694518772044 0.15621015731447524 88
1694518773497 0.15163342799398086 89
1694518774641 0.14771578140667116 90
1694518775804 0.1443972253110643 91
1694518776878 0.1416223006314467 92
1694518777824 0.13933996582053387 93
1694518778836 0.13750673583419598 94
1694518779790 0.13605975797983283 95
1694518780736 0.13494604467145851 96
1694518781777 0.13412134214320184 97
1694518783000 0.13352165742950806 98
1694518784057 0.1331030879515515 99
