1694714254555 60.342906447943555 0
1694714256522 22.688832407680465 1
1694714258343 12.017562477755774 2
1694714259840 8.295373399407596 3
1694714261386 6.427533102382515 4
1694714262938 6.516553736297414 5
1694714264448 5.078047426017457 6
1694714266018 4.9361804875450295 7
1694714267552 4.73439332778238 8
1694714269293 4.201909117776757 9
1694714270946 4.5682376357450325 10
1694714272508 3.9296830814595274 11
1694714274203 3.825798783680341 12
1694714275860 4.589225112081591 13
1694714277281 4.7986169759649275 14
1694714278633 4.387114185741438 15
1694714280155 4.077760181251879 16
1694714281888 5.734885711857168 17
1694714283797 5.840951132928416 18
1694714285677 4.591785843992692 19
1694714287296 5.788444608093631 20
1694714288985 5.020222143763084 21
1694714290685 4.464726692758932 22
1694714292256 4.008393568527492 23
1694714293868 5.202232052292736 24
1694714295516 5.289285355478524 25
1694714297228 4.791003123530364 26
1694714298813 5.755581711915122 27
1694714300392 4.70059104682908 28
1694714302063 4.757797570490251 29
1694714303600 4.962763712154485 30
1694714305277 4.2421427794724185 31
1694714307031 4.208854503130705 32
1694714308747 4.8443733984519275 33
1694714310743 4.534392172639327 34
1694714312550 4.5771838721021805 35
1694714314386 4.519686711340189 36
1694714316263 5.199731077558096 37
1694714318009 5.5613911536970555 38
1694714320320 5.102120790635855 39
1694714322595 4.145297017041226 40
1694714325187 5.1008427666197695 41
1694714327084 4.866511432692079 42
1694714329067 5.453778062719133 43
1694714330777 4.28371993961943 44
1694714332456 4.310403939657675 45
1694714334084 5.360597194572549 46
1694714335605 4.090159530354215 47
1694714337179 4.460571552713606 48
1694714338722 4.199516144176 49
1694714340518 4.342954646524151 50
1694714343040 5.487411142172694 51
1694714345124 4.90098423064024 52
1694714347013 5.518449249635697 53
1694714348846 4.724127335340926 54
1694714350959 3.7132502834667935 55
1694714352703 6.353994038848364 56
1694714354351 4.878170035510345 57
1694714356030 5.036869112069376 58
1694714357739 5.0826396475346165 59
1694714359279 4.425067146047451 60
1694714360880 4.784361751343301 61
1694714362605 4.818567621627934 62
1694714365238 4.185712723246713 63
1694714367361 5.469094533562047 64
1694714369399 4.452513959751584 65
1694714371644 3.96522357668107 66
1694714373667 3.814437520569876 67
1694714376381 5.732043927968469 68
1694714378408 4.25249329145181 69
1694714380334 4.9720135326773045 70
1694714382134 4.382958358522108 71
1694714383848 5.307926834251017 72
1694714385492 5.064804136628975 73
1694714387458 4.62101888202335 74
1694714389085 4.682449933187801 75
1694714390621 4.892768703916236 76
1694714392150 4.70916075523776 77
1694714393962 4.947596887772975 78
1694714395723 3.9223770030973535 79
1694714397418 5.021247216807589 80
1694714399135 5.574768878266666 81
1694714400860 4.640097741995438 82
1694714403732 5.126682092801897 83
1694714405401 4.4944678194486825 84
1694714407024 4.580724203962975 85
1694714408820 5.037200010229334 86
1694714410699 4.803308303348109 87
1694714412643 4.786513526200362 88
1694714414458 4.545977793966298 89
1694714416245 4.696814694921463 90
1694714417939 5.031340839042101 91
1694714419678 4.919865659773311 92
1694714421165 4.487839431214685 93
1694714422801 4.810287601949411 94
1694714425558 5.171509340094554 95
1694714427700 5.498235810146379 96
1694714430023 4.463397586877615 97
1694714432383 4.261389264193742 98
1694714434619 4.801154739578104 99
