1694715660296 63.91244067291242 0
1694715662215 17.321729582117957 1
1694715664223 5.740729009301415 2
1694715665992 2.555962087637374 3
1694715667700 0.7601956054151913 4
1694715669415 0.1617898819406935 5
1694715671388 0.24729994806872302 6
1694715673103 0.05260645227905807 7
1694715675229 0.05492817741894796 8
1694715677227 0.14124712118092603 9
1694715679215 0.2084233206355635 10
1694715681100 0.2326499220816968 11
1694715685352 0.15578112352536885 12
1694715687733 0.1979768828511641 13
1694715689322 0.07679538999794891 14
1694715691046 0.13289332518198538 15
1694715692516 0.07345136658655615 16
1694715695135 0.20618967381630415 17
1694715697326 0.07683677207524653 18
1694715699830 0.1542826023035694 19
1694715701588 0.1069450304239738 20
1694715703858 0.04070916026213675 21
1694715705987 0.10453116167869163 22
1694715708043 0.03325741291985809 23
1694715709643 0.08111634450367922 24
1694715711223 0.28037447460419324 25
1694715713056 0.12490053787700418 26
1694715715048 0.2768367037490729 27
1694715716817 0.0625390007452008 28
1694715718724 0.16847858352911207 29
1694715721256 0.42092731907894376 30
1694715723533 0.16340539111230748 31
1694715725146 0.021817253311374133 32
1694715727253 0.211294927957599 33
1694715729084 0.07718225820358099 34
1694715731267 0.19797704243818132 35
1694715733298 0.15623440247292714 36
1694715735483 0.16961643694617168 37
1694715737584 0.09387662739656683 38
1694715740978 0.07382794680846297 39
1694715742941 0.10472136794660872 40
1694715744643 0.08937709989319903 41
1694715746597 0.07012481455075527 42
1694715748231 0.07086168330356932 43
1694715749811 0.05613687015955829 44
1694715751362 0.06136695243340859 45
1694715752932 0.07244923253092653 46
1694715754424 0.11194394805461728 47
1694715755963 0.04600187358051901 48
1694715757477 0.11480462428556372 49
1694715759104 0.0784583321542671 50
1694715760785 0.08983599657574555 51
1694715762371 0.10128971405206273 52
1694715763928 0.2629269140053339 53
1694715765655 0.04606619628759291 54
1694715767219 0.09228851945635236 55
1694715768734 0.12225017605701918 56
1694715770077 0.08819515441193228 57
1694715771589 0.07582884940856542 58
1694715773009 0.19563124186122186 59
1694715774570 0.09693400640759013 60
1694715776107 0.04688699145259502 61
1694715777682 0.17242388227947386 62
1694715779198 0.044377059334136965 63
1694715780775 0.09229269805141031 64
1694715782573 0.06657002599555949 65
1694715784390 0.1102263244389678 66
1694715786197 0.1384809709181304 67
1694715787990 0.07061408561686379 68
1694715789965 0.15158238441406263 69
1694715791793 0.06035200122936454 70
1694715793900 0.29330143137484044 71
1694715795793 0.07962931741192383 72
1694715797944 0.12674803815832603 73
1694715800304 0.06782455441197076 74
1694715802114 0.06182273903734196 75
1694715803933 0.0524086437860362 76
1694715805664 0.20345650666822446 77
1694715807192 0.13919938225384132 78
1694715808751 0.13487912059945006 79
1694715810318 0.3401644565863923 80
1694715812041 0.25809145658582666 81
1694715813647 0.21918914672439993 82
1694715815231 0.15071648056633088 83
1694715816755 0.5073715070499557 84
1694715818295 0.3259950503348072 85
1694715819824 0.08053118967919676 86
1694715821461 0.08049735494671786 87
1694715823109 0.19604481197433274 88
1694715824636 0.055580560484868195 89
1694715826636 0.16815706428436175 90
1694715828406 0.11016431097774751 91
1694715830071 0.0620212623921372 92
1694715831788 0.03915249374375466 93
1694715833720 0.08646368739769256 94
1694715835748 0.24209756046183376 95
1694715837566 0.053452956124652666 96
1694715838941 0.08531267927994143 97
1694715840530 0.23142619311481846 98
1694715842534 0.12070539668104201 99
