1694701593801 169.64084248330963 0
1694701595843 169.30027674315647 1
1694701597591 168.96046453469063 2
1694701599337 168.62140411875535 3
1694701601283 168.2830937603078 4
1694701603149 167.94553172840904 5
1694701604823 167.6087162962144 6
1694701606666 167.27264574096353 7
1694701608505 166.9373183439706 8
1694701610187 166.60273239061448 9
1694701611795 166.26888617032913 10
1694701613537 165.93577797659376 11
1694701615206 165.6034061069231 12
1694701617168 165.27176886285784 13
1694701618921 164.94086454995482 14
1694701620723 164.61069147777744 15
1694701622244 164.2812479598862 16
1694701623667 163.95253231382884 17
1694701625159 163.624542861131 18
1694701626755 163.2972779272866 19
1694701628130 162.97073584174817 20
1694701629576 162.64491493791766 21
1694701631040 162.31981355313667 22
1694701632518 161.99543002867725 23
1694701634091 161.67176270973226 24
1694701635749 161.34880994540603 25
1694701637291 161.02657008870506 26
1694701638873 160.70504149652854 27
1694701640742 160.38422252965916 28
1694701642533 160.06411155275353 29
1694701644491 159.74470693433327 30
1694701646194 159.4260070467754 31
1694701647565 159.1080102663032 32
1694701649027 158.79071497297713 33
1694701650589 158.47411955068543 34
1694701652217 158.1582223871349 35
1694701653682 157.8430218738421 36
1694701655103 157.52851640612383 37
1694701656708 157.21470438308808 38
1694701658535 156.90158420762518 39
1694701660194 156.58915428639844 40
1694701661695 156.27741302983526 41
1694701663105 155.9663588521181 42
1694701664918 155.65599017117535 43
1694701667258 155.34630540867258 44
1694701668917 155.03730299000335 45
1694701670436 154.72898134428036 46
1694701671999 154.42133890432655 47
1694701673937 154.11437410666622 48
1694701676210 153.80808539151604 49
1694701677878 153.50247120277638 50
1694701680028 153.19752998802235 51
1694701681873 152.89326019849494 52
1694701683822 152.58966028909242 53
1694701685465 152.28672871836142 54
1694701687332 151.9844639484882 55
1694701689075 151.68286444529 56
1694701690800 151.38192867820626 57
1694701692222 151.08165512028998 58
1694701693802 150.782042248199 59
1694701695392 150.48308854218743 60
1694701697383 150.18479248609708 61
1694701699036 149.8871525673486 62
1694701700736 149.59016727693333 63
1694701702288 149.29383510940428 64
1694701703861 148.9981545628679 65
1694701705673 148.7031241389755 66
1694701707527 148.4087423429147 67
1694701708961 148.11500768340093 68
1694701710587 147.82191867266914 69
1694701712331 147.52947382646516 70
1694701714042 147.23767166403746 71
1694701715532 146.9465107081286 72
1694701717350 146.65598948496702 73
1694701719557 146.3661065242585 74
1694701721547 146.07686035917808 75
1694701723230 145.7882495263614 76
1694701725178 145.50027256589678 77
1694701727032 145.2129280213167 78
1694701728544 144.92621443958964 79
1694701730028 144.6401303711118 80
1694701731347 144.35467436969896 81
1694701732764 144.06984499257817 82
1694701734195 143.78564080037975 83
1694701735773 143.502060357129 84
1694701737278 143.21910223023812 85
1694701738679 142.93676499049806 86
1694701740159 142.65504721207037 87
1694701741679 142.3739474724794 88
1694701743109 142.09346435260386 89
1694701744523 141.81359643666917 90
1694701745951 141.53434231223903 91
1694701747407 141.2557005702078 92
1694701748822 140.97766980479236 93
1694701750244 140.70024861352405 94
1694701751627 140.42343559724094 95
1694701753047 140.1472293600798 96
1694701754576 139.87162850946814 97
1694701755950 139.59663165611653 98
1694701757387 139.3222374140105 99
