1694628568780 169.64084248330963 0
1694628570370 166.14321488542052 1
1694628571803 159.76652948682997 2
1694628573466 151.0269487698499 3
1694628574982 140.4592868345252 4
1694628576381 128.59030519641908 5
1694628577801 115.9181007283689 6
1694628579192 102.89631740483757 7
1694628580614 89.92315739850052 8
1694628582120 77.33515281365823 9
1694628583565 65.40451214733203 10
1694628585235 54.33961654039766 11
1694628586623 44.287963867282386 12
1694628588132 35.34096957363818 13
1694628589783 27.540134927126857 14
1694628591364 20.883894760360842 15
1694628592787 15.335274577233527 16
1694628594418 10.829426812475207 17
1694628596160 7.280434434447269 18
1694628597719 4.58811244917618 19
1694628599181 2.643998657321997 20
1694628600622 1.3363355285480996 21
1694628601881 0.5549442941269298 22
1694628603189 0.1947648952591761 23
1694628604387 0.15806636305744876 24
1694628605717 0.35664632220235193 25
1694628607036 0.7130701201700503 26
1694628608450 1.1612902347955445 27
1694628609772 1.646737926783787 28
1694628611238 2.125982038543926 29
1694628612771 2.566048542477912 30
1694628614291 2.943299255429144 31
1694628615626 3.2427682236690107 32
1694628617095 3.4568798912532697 33
1694628618330 3.583836042186179 34
1694628619668 3.6266319217633063 35
1694628621056 3.5919075071446143 36
1694628622462 3.488890426350205 37
1694628623747 3.32835445591294 38
1694628625025 3.122041586348071 39
1694628626545 2.881838260522631 40
1694628628271 2.6192518699707104 41
1694628629620 2.3448580202342653 42
1694628630924 2.0681066841026237 43
1694628632221 1.797125749459661 44
1694628633659 1.538612318580831 45
1694628634936 1.297832200492618 46
1694628636176 1.0786374732162032 47
1694628637525 0.8835554455074947 48
1694628638858 0.713858556561361 49
1694628640260 0.5697998763341089 50
1694628641720 0.4507699958106506 51
1694628643010 0.3554644098244582 52
1694628644471 0.2820931943863971 53
1694628645900 0.22842093116496123 54
1694628647253 0.19197781368645483 55
1694628648597 0.17018565406655622 56
1694628649993 0.16046558650349274 57
1694628651474 0.16024947071314358 58
1694628652768 0.16720076084590382 59
1694628654125 0.17920560944763703 60
1694628655457 0.19445720706762773 61
1694628656779 0.21133240454353042 62
1694628658250 0.22848370836479126 63
1694628659585 0.24483411034533537 64
1694628661115 0.2594987232522663 65
1694628662611 0.27189834501472915 66
1694628664078 0.281673415478912 67
1694628665521 0.28868544052150996 68
1694628667050 0.29288551862421636 69
1694628668454 0.29435643934685374 70
1694628669928 0.2932494369835351 71
1694628671175 0.2898319749217947 72
1694628672511 0.2844387166469693 73
1694628673939 0.2773962480474067 74
1694628675285 0.2690466115382032 75
1694628676868 0.25970735349253976 76
1694628678277 0.2497030280675267 77
1694628679741 0.23933858563981164 78
1694628681066 0.22889049145972246 79
1694628682551 0.21858177025166706 80
1694628683912 0.20858938404564714 81
1694628685225 0.19906239173905382 82
1694628686716 0.19012090060318793 83
1694628688145 0.18185617794108494 84
1694628689615 0.17432299822273842 85
1694628690982 0.16753829569730516 86
1694628692306 0.16150431949192232 87
1694628693677 0.15621015731447524 88
1694628695037 0.15163342799398086 89
1694628696306 0.14771578140667116 90
1694628697700 0.1443972253110643 91
1694628699185 0.1416223006314467 92
1694628700631 0.13933996582053393 93
1694628702120 0.13750673583419598 94
1694628703394 0.13605975797983283 95
1694628704948 0.13494604467145851 96
1694628706499 0.13412134214320184 97
1694628707844 0.13352165742950806 98
1694628709236 0.13310308795155149 99
