1694700370636 169.63002410299794 0
1694700372467 166.21777506207746 1
1694700374455 162.92503142669113 2
1694700376054 159.6979373665879 3
1694700377435 156.5351783808313 4
1694700379171 153.43546639410548 5
1694700380743 150.39769077316552 6
1694700382198 147.42029383201182 7
1694700383742 144.50237173238062 8
1694700385179 141.6425791181913 9
1694700386742 138.83975330166322 10
1694700388183 136.09262435048487 11
1694700389593 133.4003456267181 12
1694700391082 130.761683362173 13
1694700392481 128.17544905493415 14
1694700393984 125.64083284524997 15
1694700395481 123.15657553655403 16
1694700396927 120.721885598928 17
1694700398454 118.33566172484754 18
1694700399937 115.99684243278799 19
1694700401389 113.70467056885587 20
1694700402853 111.45811608930461 21
1694700404377 109.25618586643921 22
1694700405755 107.09815567877364 23
1694700407299 104.98299025237965 24
1694700408753 102.90998126255917 25
1694700410136 100.8782102276192 26
1694700411649 98.88679094559673 27
1694700413079 96.93504600456266 28
1694700414691 95.02206269629798 29
1694700416384 93.14717822697378 30
1694700417755 91.30952830913263 31
1694700419387 89.50846437226589 32
1694700421070 87.74320664982845 33
1694700422490 86.0130018101007 34
1694700424012 84.31722981296008 35
1694700425774 82.65513052572337 36
1694700427329 81.02609701708184 37
1694700428791 79.42941072027473 38
1694700430219 77.86447747812313 39
1694700431921 76.33061844680502 40
1694700433409 74.82725192228756 41
1694700435005 73.35373701416741 42
1694700436703 71.90950416356593 43
1694700438372 70.49394873464364 44
1694700439924 69.10651301800448 45
1694700441555 67.74662700148957 46
1694700443175 66.41374454119762 47
1694700444680 65.10732868314639 48
1694700446187 63.82684457602193 49
1694700447818 62.57178682139911 50
1694700449357 61.34163159815265 51
1694700450827 60.135903621277954 52
1694700452354 58.95408984740678 53
1694700453925 57.79574372099074 54
1694700455686 56.660362733440664 55
1694700457153 55.54752773064796 56
1694700458725 54.456746504792136 57
1694700460203 53.3876260289952 58
1694700461639 52.33968417070217 59
1694700463264 51.31255280780325 60
1694700464960 50.30575966557707 61
1694700466511 49.31896035398356 62
1694700467979 48.35169224636134 63
1694700469453 47.40363355989713 64
1694700470946 46.474331113483586 65
1694700472433 45.56348465270979 66
1694700473954 44.67069365876267 67
1694700475854 43.79554970409696 68
1694700477421 42.937790812058715 69
1694700478972 42.0969787709597 70
1694700480734 41.272870425930925 71
1694700482270 40.465036550232966 72
1694700483772 39.67325188501101 73
1694700485152 38.897096009009125 74
1694700486892 38.1363606720312 75
1694700488478 37.39069100036605 76
1694700489908 36.65972529240735 77
1694700491486 35.94328713847724 78
1694700492966 35.24096957845653 79
1694700494599 34.55261095200004 80
1694700496176 33.877877213346636 81
1694700497634 33.21642810874944 82
1694700499211 32.56813059983141 83
1694700500721 31.932590660741965 84
1694700502373 31.309687965815254 85
1694700503954 30.699036705790398 86
1694700505342 30.100528592147747 87
1694700506924 29.513857638715006 88
1694700508691 28.938712311556497 89
1694700510062 28.375009084079615 90
1694700511724 27.82237421158752 91
1694700513082 27.280734440058513 92
1694700514657 26.7498008727936 93
1694700516443 26.229279542433844 94
1694700518013 25.71911944520586 95
1694700519610 25.21895847086984 96
1694700521020 24.72875430027666 97
1694700522447 24.248233847344885 98
1694700523975 23.77711937817927 99
