1694686861323 169.42924729476263 0
1694686863310 166.04816990528923 1
1694686865386 159.77955576192386 2
1694686867974 151.13639057552464 3
1694686870842 140.65127767785256 4
1694686873109 128.84977013586166 5
1694686875511 116.2292707009578 6
1694686877722 103.24337270173392 7
1694686879822 90.29101793099541 8
1694686881839 77.70999163050722 9
1694686883870 65.77413260828335 10
1694686885879 54.69361247377511 11
1694686887931 44.617855778993885 12
1694686890088 35.64027148317418 13
1694686892141 27.804404065768537 14
1694686894405 21.11071863189506 15
1694686896791 15.524004395077405 16
1694686898829 10.980754533116647 17
1694686900637 7.396292205097101 18
1694686901907 4.671284350227952 19
1694686903609 2.6979810023602404 20
1694686905427 1.3653407507108557 21
1694686906768 0.5635395692808851 22
1694686908191 0.18727581462658244 23
1694686909904 0.13865975726489055 24
1694686911388 0.3291898135207849 25
1694686912608 0.6810259663290397 26
1694686913795 1.1275279183185578 27
1694686914939 1.6136277388741778 28
1694686916221 2.0953936133555198 29
1694686917389 2.5394391995089682 30
1694686918792 2.9218125488557347 31
1694686920242 3.2270398239734144 32
1694686921490 3.446940591167245 33
1694686922693 3.5794056011460267 34
1694686923907 3.6271316027611094 35
1694686925103 3.5966010539967157 36
1694686926404 3.496953309927542 37
1694686927635 3.3390472842035885 38
1694686928799 3.134562407179641 39
1694686930111 2.8953706519721103 40
1694686931733 2.632965360442105 41
1694686933137 2.3580580437440255 42
1694686934238 2.080245911430599 43
1694686935410 1.8077778250897305 44
1694686936997 1.5474716784118605 45
1694686938484 1.3046955888351321 46
1694686939703 1.0834250945523989 47
1694686940945 0.8862741451173848 48
1694686942165 0.7146494794594738 49
1694686943454 0.5688516362570437 50
1694686945046 0.44832494100074527 51
1694686947370 0.35184012459052716 52
1694686948563 0.2775663757446342 53
1694686949977 0.22322756911394623 54
1694686951212 0.1863980610076591 55
1694686952417 0.1644291683219497 56
1694686953637 0.15476762141082423 57
1694686954849 0.15483888368785137 58
1694686956371 0.16232457356430585 59
1694686958650 0.1750608677018103 60
1694686959933 0.19108317440390796 61
1694686961147 0.20874892092475286 62
1694686962304 0.22672813024255956 63
1694686963737 0.24391021881452649 64
1694686966288 0.25944787043901446 65
1694686967433 0.27269351966774974 66
1694686968622 0.28325961884123796 67
1694686969798 0.2909533335996995 68
1694686970996 0.2957590735956477 69
1694686972428 0.29775111511505276 70
1694686973683 0.2971115713235124 71
1694686974996 0.29410207541542815 72
1694686978048 0.2890069910330097 73
1694686980262 0.28216479098740577 74
1694686981680 0.27393221884665353 75
1694686982909 0.26466630609892605 76
1694686984242 0.25470532690079856 77
1694686985996 0.24434138042651343 78
1694686987859 0.23384277621496685 79
1694686990333 0.22344780799803243 80
1694686992570 0.21336076882220723 81
1694686994486 0.2037246858899631 82
1694686996646 0.19465344623824293 83
1694686999034 0.1862353557324726 84
1694687001144 0.1785336429041826 85
1694687003208 0.17158776447156196 86
1694687005032 0.1654032977311203 87
1694687006928 0.15995430309974784 88
1694687008920 0.15520849356061395 89
1694687011048 0.15112851437007463 90
1694687013183 0.14767308667950993 91
1694687015164 0.14477844865031864 92
1694687017130 0.14237786557088639 93
1694687019263 0.14041318706402645 94
1694687021245 0.13883412731516825 95
1694687023164 0.1375973521115003 96
1694687025362 0.13665103896954747 97
1694687027616 0.13594069512533738 98
1694687029800 0.13542567984209902 99
1694687031962 0.13507673196890688 100
1694687033963 0.13487351337318954 101
1694687036503 0.13478246468246174 102
1694687038879 0.1347728077860959 103
1694687041011 0.13482675056621704 104
1694687043435 0.13493645702453905 105
1694687045795 0.13510120488238214 106
1694687047745 0.13531178786297188 107
1694687049970 0.13555232464713632 108
1694687052182 0.13581703262782166 109
1694687054500 0.1361073283343531 110
1694687056537 0.13642920625475957 111
1694687058583 0.13676997598907395 112
1694687060794 0.13711743718633737 113
1694687062788 0.1374687177918958 114
1694687064617 0.13782757179007607 115
1694687066686 0.13820240867386607 116
1694687068668 0.13858579039124602 117
1694687070666 0.1389767415238008 118
1694687072864 0.13936272812171135 119
1694687074849 0.1397401404415633 120
1694687076734 0.14011705218041678 121
1694687078683 0.14049103316090136 122
1694687080672 0.14084681595259704 123
1694687082573 0.14118247378425283 124
1694687084602 0.14150811745053093 125
1694687086603 0.14182109619859304 126
1694687088596 0.14210702126515665 127
1694687090519 0.142365874243125 128
1694687092350 0.14260801699099768 129
1694687094375 0.14283154076264576 130
1694687097208 0.14302518319008678 131
1694687100013 0.14319058786615313 132
1694687102418 0.14333704099007194 133
1694687104591 0.14346374059494865 134
1694687106615 0.14357555416083817 135
1694687108900 0.14365868055850356 136
1694687111033 0.14371116233099263 137
1694687113475 0.1437386911083876 138
1694687115889 0.1437520787386826 139
1694687118247 0.14375685622598272 140
1694687121315 0.14374629104737985 141
1694687123646 0.14372168066382018 142
1694687126618 0.14368996675697632 143
1694687129418 0.1436615634630361 144
1694687131723 0.14362156040303176 145
1694687133933 0.14356195880463823 146
1694687136037 0.14348423636513288 147
1694687138119 0.14339661643519794 148
1694687140573 0.14331157018092402 149
1694687142653 0.1432356380744331 150
1694687145305 0.14315931200652396 151
1694687147462 0.143081585686354 152
1694687149929 0.14300754681250843 153
1694687151771 0.14294616319899445 154
1694687153319 0.14288515707363733 155
1694687155421 0.1428166048517399 156
1694687157491 0.14274152970226525 157
1694687159809 0.14266727956198366 158
1694687161888 0.14260584014532268 159
1694687164016 0.1425517780794284 160
1694687166025 0.14250639622004516 161
1694687168002 0.1424605086906209 162
1694687170342 0.14241386529868347 163
1694687173156 0.14237636005326135 164
1694687176313 0.14234807062242466 165
1694687178820 0.14231783070650597 166
1694687180791 0.14228623761338308 167
1694687182857 0.14226385231952157 168
1694687185155 0.14224994869069174 169
1694687187456 0.1422335252283956 170
1694687189559 0.14221568037425492 171
1694687191675 0.1422059461197061 172
