1694339340123 -239.2828656353538 0
1694339340588 -193.51201076754768 1
1694339341090 -156.8348248710608 2
1694339341517 -127.27281917854475 3
1694339341943 -103.42603971810776 4
1694339342354 -84.1724000220638 5
1694339342738 -68.61167598349708 6
1694339343134 -56.02256117400069 7
1694339343584 -45.82569718664909 8
1694339344073 -37.55559767721416 9
1694339344579 -30.839787167269286 10
1694339345055 -25.377877107029658 11
1694339345491 -20.92816476978981 12
1694339345922 -17.297695990431777 13
1694339346328 -14.329908343527268 14
1694339346719 -11.898576029244843 15
1694339347134 -9.903376182740711 16
1694339347598 -8.262141391447745 17
1694339348108 -6.90843865052338 18
1694339348564 -5.789899442946653 19
1694339349002 -4.862995824895532 20
1694339349394 -4.092388327285538 21
1694339349799 -3.450640586780181 22
1694339350202 -2.914059379059232 23
1694339350612 -2.4646084129921695 24
1694339351013 -2.086824107490918 25
1694339351430 -1.7679625497499414 26
1694339351845 -1.498547220712879 27
1694339352269 -1.2697486296293103 28
1694339352722 -1.0752404958868702 29
1694339353143 -0.9092602073291065 30
1694339353553 -0.7668982987855746 31
1694339353998 -0.644895741691228 32
1694339354388 -0.539654762150982 33
1694339354829 -0.44895504010945464 34
1694339355271 -0.37048853148473904 35
1694339355714 -0.3021481272766513 36
1694339356128 -0.24290938501560744 37
1694339356593 -0.1910804116101814 38
1694339357053 -0.14594763875983996 39
1694339357463 -0.10630269144080517 40
1694339357843 -0.07163787944811761 41
1694339358212 -0.041083746866771076 42
1694339358602 -0.014270736452026256 43
1694339358998 0.009303469701775091 44
1694339359409 0.030297888812838236 45
1694339359873 0.04869165155567057 46
1694339360328 0.06510542406967346 47
1694339360840 0.079525950529299 48
1694339361293 0.09241465923784153 49
1694339361745 0.1037653861411062 50
1694339362167 0.11392293227366834 51
1694339362560 0.1228868948786721 52
1694339362961 0.13091610995830705 53
1694339363394 0.13801444195179113 54
1694339363812 0.14437697616227552 55
1694339364352 0.15001048555546104 56
1694339364865 0.1550625038236595 57
1694339365296 0.15954160178457577 58
1694339365688 0.1634678479059536 59
1694339366094 0.16712197094835002 60
1694339366470 0.1702524836263427 61
1694339366883 0.17316156385986925 62
1694339367298 0.17566052751355088 63
1694339367786 0.17797948728461266 64
1694339368210 0.1799760198246324 65
1694339368673 0.18182648322160944 66
1694339369143 0.18342259385042747 67
1694339369553 0.18490043938688228 68
1694339369966 0.1861770028595221 69
1694339370425 0.18735805899955982 70
1694339370875 0.1883793648323886 71
1694339371293 0.18932375608672403 72
1694339371739 0.19014101250843796 73
1694339372186 0.19089650780782386 74
1694339372650 0.19155056527586434 75
1694339373087 0.19215517767537038 76
1694339373493 0.19267866096423292 77
1694339373922 0.1931626785907481 78
1694339374331 0.19358166520152464 79
1694339374734 0.19396924571496432 80
1694339375110 0.19430459284883583 81
1694339375513 0.19453247661877515 82
1694339375927 0.19487764510686645 83
1694339376365 0.1950631376231855 84
1694339376830 0.1953371209716973 85
1694339377247 0.19548804574112444 86
1694339377658 0.1957062417342066 87
1694339378015 0.19582882826806802 88
1694339378425 0.1960030466265692 89
1694339378819 0.1961023667544204 90
1694339379237 0.1962417675504894 91
1694339379670 0.1963220000396123 92
1694339380081 0.19643374607651942 93
1694339380493 0.19649835154813877 94
1694339380963 0.19658807662818922 95
1694339381411 0.19663992383366313 96
1694339381837 0.19671207786598355 97
1694339382192 0.19675354173076565 98
1694339382577 0.19681165039912085 99
1694339383011 0.19684469198342036 100
1694339383410 0.19689155521082946 101
1694339383937 0.19691778874175836 102
1694339384490 0.19695563413344497 103
1694339384933 0.1969763838901143 104
1694339385363 0.19700698635811897 105
1694339385760 0.19702333509131054 106
1694339386205 0.197048110670476 107
1694339386570 0.19706094073725355 108
1694339386964 0.19699986147192916 109
1694339387383 0.19708506033404427 110
1694339387805 0.19703913833305975 111
1694339388197 0.19710509861505443 112
1694339388696 0.19707065809093316 113
1694339389128 0.1971223677999745 114
1694339389515 0.19709645192222824 115
1694339389904 0.19713741009962804 116
1694339390270 0.19711774555875805 117
1694339390694 0.19715047199509939 118
1694339391147 0.19713536093475725 119
1694339391560 0.1971617096738263 120
1694339391983 0.19714990894677642 121
1694339392413 0.19717126772412885 122
1694339392862 0.19716187992470846 123
1694339393268 0.197179301470224 124
1694339393669 0.19717168541857255 125
1694339394067 0.1971859767702785 126
1694339394473 0.19717967771473233 127
1694339394840 0.1971914627717335 128
1694339395229 0.19718615972360243 129
1694339395664 0.19719592415266674 130
1694339396072 0.197191391032002 131
1694339396503 0.19719951515670187 132
1694339396912 0.19719559259650876 133
1694339397317 0.19720237586392297 134
1694339397714 0.19719895101118168 135
1694339398137 0.19712331791898252 136
1694339398543 0.19719563771173332 137
1694339398941 0.19713804486110453 138
1694339399332 0.19719370024496108 139
1694339399743 0.19714989898960533 140
1694339400170 0.197193364344318 141
1694339400608 0.1971599390984633 142
1694339401121 0.1971943023719428 143
1694339401496 0.19716861236389716 144
1694339401887 0.19719606426384262 145
1694339402266 0.19717611725250694 146
1694339402677 0.1971982483615612 147
1694339403090 0.1971825653303203 148
1694339403505 0.19720055244560397 149
1694339403973 0.19718804698498804 150
1694339404421 0.19720277394428787 151
1694339404844 0.19719265341163816 152
1694339405291 0.19720479202490793 153
1694339405688 0.19719648028083892 154
1694339406104 0.197206546174175 155
1694339406480 0.1971996249382183 156
1694339406863 0.19720801708973967 157
1694339407257 0.19720218229693065 158
1694339407776 0.19720921162589056 159
1694339408207 0.19720424139451898 160
1694339408687 0.19721015178484347 161
1694339409090 0.19720588314398013 162
1694339409477 0.19712949507585764 163
1694339409869 0.19720119661417246 164
1694339410231 0.197142995133462 165
1694339410642 0.19719815872511004 166
1694339411064 0.19715386637232757 167
1694339411538 0.19719694094713602 168
1694339412067 0.19716311903468664 169
1694339412556 0.19719717218112565 170
1694339413020 0.19717116141070623 171
1694339413478 0.19719836755106912 172
1694339413900 0.1971781608208104 173
1694339414280 0.19720009751307488 174
1694339414726 0.19718420388329616 175
1694339415117 0.19720203750972554 176
1694339415540 0.19718936100243467 177
1694339415932 0.19720396707476695 178
1694339416352 0.19719370736620312 179
1694339416798 0.19720575104003335 180
1694339417213 0.19719732582287042 181
1694339417613 0.1972073174076987 182
1694339418009 0.1972003034468277 183
1694339418390 0.1972086376745944 184
1694339418888 0.1972027269234259 185
1694339419312 0.19720971132358878 186
1694339419735 0.1972046786992383 187
1694339420174 0.19721055445096425 188
1694339420678 0.19720623440744212 189
1694339421213 0.19712980045597572 190
1694339421720 0.19720147964970114 191
1694339422182 0.19714324019619178 192
1694339422599 0.1971983870170616 193
1694339422988 0.19715406312280648 194
1694339423413 0.19719712529765854 195
1694339423913 0.19716327708306547 196
1694339424391 0.1971973212448187 197
1694339424842 0.1971712884501503 198
1694339425292 0.19719848826299757 199
1694339425729 0.19717826301009034 200
1694339426118 0.1972001954314173 201
1694339426525 0.19718428615303107 202
1694339426939 0.19720211709009328 203
1694339427340 0.19718942730023814 204
1694339427764 0.19720403188981617 205
1694339428155 0.1971937608528851 206
1694339428577 0.1972058039552762 207
1694339429055 0.19719736902948226 208
1694339429506 0.1972073607222642 209
1694339429936 0.19720033840037032 210
1694339430373 0.19720867323393354 211
1694339430851 0.19720275524746422 212
1694339431312 0.19720974060969398 213
1694339431771 0.19720470169441895 214
1694339432212 0.197210578654607 215
1694339432667 0.19720625311594175 216
1694339433098 0.1971298142876119 217
1694339433499 0.19720149515289398 218
1694339433921 0.1971432514021214 219
1694339434332 0.1971983999268041 220
1694339434755 0.19715407222975112 221
1694339435146 0.1971971361037288 222
1694339435590 0.19716328451038223 223
1694339435991 0.19719733033961706 224
1694339436474 0.19717129453173754 225
1694339436921 0.19719849596122174 226
1694339437318 0.19717826801183724 227
1694339437743 0.19720020198576327 228
1694339438120 0.19718429028673534 229
1694339438492 0.19720212270376603 230
1694339438947 0.19718943073465633 231
1694339439369 0.19720403672650233 232
1694339439784 0.19719376372254904 233
1694339440183 0.19720580814709499 234
1694339440593 0.19719737144171245 235
1694339441071 0.19720736437610664 236
1694339441495 0.19720034044084922 237
1694339441876 0.19720867643651152 238
1694339442284 0.1972027569846716 239
1694339442665 0.19720974343156294 240
1694339443043 0.19720470318315453 241
1694339443482 0.19721058115337975 242
1694339443935 0.19720625440012318 243
1694339444466 0.19712981449812972 244
1694339444931 0.19720149634708772 245
1694339445317 0.19714325161051827 246
1694339445750 0.1971984010407687 247
1694339446124 0.19715407243800853 248
1694339446523 0.19719713714513887 249
1694339446933 0.1971632847192314 250
1694339447331 0.19719733131460915 251
1694339447743 0.19717129474107842 252
1694339448176 0.19719849687481128 253
1694339448599 0.1971782682210701 254
1694339449037 0.19720020284214135 255
1694339449434 0.19718429049497121 256
1694339449815 0.19720212350653066 257
1694339450197 0.19718943094088448 258
1694339450614 0.1972040374788161 259
1694339451034 0.19719376392573684 260
1694339451454 0.19720580885180228 261
1694339451833 0.19719737164087892 262
1694339452301 0.1972073650358177 263
1694339452759 0.19720034063510927 264
1694339453196 0.19720867705365863 265
1694339453589 0.19720275717325697 266
1694339454001 0.19720974400844293 267
1694339454393 0.19720470336543394 268
1694339454781 0.19721058169218064 269
1694339455165 0.1972062545755896 270
1694339455586 0.19712981435273158 271
1694339456001 0.19720149654090668 272
1694339456401 0.197143251506809 273
1694339456809 0.19719840124666976 274
1694339457217 0.19715407236820526 275
1694339457625 0.19719713735805733 276
1694339458021 0.1971632846768172 277
1694339458424 0.1971973315304829 278
1694339458803 0.19717129472062234 279
1694339459208 0.19719849709041937 280
1694339459586 0.1971782682180444 281
1694339460003 0.19720020305495678 282
1694339460461 0.19718429050562059 283
1694339460921 0.19720212371460333 284
1694339461346 0.19718943096209962 285
1694339461775 0.19720403768067418 286
1694339462169 0.19719376395495491 287
1694339462591 0.19720580904636587 288
1694339462968 0.19719737167600082 289
1694339463354 0.1972073652223305 290
1694339463815 0.1972003406744206 291
1694339464250 0.19720867723162383 292
1694339464669 0.1972027572153635 293
1694339465120 0.19720974417757653 294
1694339465520 0.1972047034092106 295
1694339465882 0.1972105818523664 296
1694339466286 0.19720625462014463 297
1694339466666 0.1971298142951875 298
1694339467094 0.19720149659374997 299
1694339467551 0.1971432514648226 300
1694339468009 0.19719840130531496 301
1694339468470 0.1971540723388504 302
1694339468898 0.19719713742049183 303
1694339469294 0.19716328465765187 304
1694339469735 0.19719733159509445 305
1694339470108 0.19717129470962524 306
1694339470475 0.19719849715592375 307
1694339470917 0.1971782682135388 308
1694339471308 0.19720020312034325 309
1694339471732 0.19718429050621822 310
1694339472176 0.19720212377908874 311
1694339472613 0.19718943096666208 312
1694339473050 0.19720403774365936 313
1694339473480 0.1971937639625474 314
1694339473878 0.19720580910740582 315
1694339474334 0.1971973716858555 316
1694339474779 0.1972073652811004 317
1694339475181 0.1972003406859134 318
1694339475570 0.1972086772879046 319
1694339475974 0.19720275722798997 320
1694339476410 0.1972097442312194 321
1694339476852 0.1972047034225639 322
1694339477255 0.19721058190329321 323
1694339477694 0.19720625463389319 324
1694339478059 0.19712981427611043 325
1694339478424 0.19720149661028596 326
1694339478840 0.1971432514508642 327
1694339479230 0.19719840132381494 328
1694339479642 0.19715407232904136 329
1694339480053 0.19719713744028833 330
1694339480464 0.19716328465119837 331
1694339480933 0.19719733161565467 332
1694339481356 0.19717129470585526 333
1694339481773 0.19719849717682036 334
1694339482169 0.19717826821190454 335
1694339482584 0.1972002031412453 336
1694339482961 0.1971842905062693 337
1694339483393 0.1972021237997339 338
1694339483840 0.19718943096801778 339
1694339484273 0.19720403776384832 340
1694339484680 0.1971937639649014 341
1694339485078 0.19720580912698693 342
1694339485466 0.19719737168895635 343
1694339485863 0.1972073652999662 344
1694339486274 0.19720034068955672 345
1694339486761 0.19720867730597746 346
1694339487162 0.1972027572320103 347
1694339487568 0.19720974424845727 348
1694339487957 0.1972047034268256 349
1694339488367 0.1972105819196608 350
1694339488794 0.19720625463829067 351
1694339489220 0.1971298142699388 352
1694339489620 0.19720149661558972 353
1694339490023 0.19714325144634648 354
1694339490416 0.19719840132975508 355
1694339490881 0.19715407232586768 356
1694339491285 0.19719713744665146 357
1694339491712 0.19716328464910804 358
1694339492191 0.19719733162226571 359
1694339492707 0.19717129470463401 360
1694339493203 0.19719849718354499 361
1694339493630 0.19717826821137274 362
1694339494070 0.19720020314797027 363
1694339494483 0.19718429050627762 364
1694339494870 0.19720212380637692 365
1694339495289 0.19718943096844788 366
1694339495714 0.19720403777034312 367
1694339496139 0.1971937639656549 368
1694339496562 0.1972058091332909 369
1694339496955 0.1971973716899511 370
1694339497365 0.19720736530604055 371
1694339497787 0.19720034069072867 372
1694339498235 0.19720867731179903 373
1694339498659 0.19720275723330183 374
1694339499068 0.19720974425400417 375
1694339499516 0.19720470342819618 376
1694339499933 0.19721058192493035 377
1694339500349 0.1972062546397032 378
1694339500816 0.19712981426794485 379
1694339501243 0.1972014966172937 380
1694339501693 0.1971432514448871 381
1694339502116 0.19719840133166255 382
1694339502526 0.19715407232483795 383
1694339502945 0.19719713744869405 384
1694339503355 0.19716328464842658 385
1694339503771 0.19719733162438757 386
1694339504424 0.19717129470423278 387
1694339504870 0.19719849718570248 388
1694339505348 0.19717826821119422 389
1694339505760 0.19720020315012965 390
1694339506118 0.1971842905062735 391
1694339506521 0.19720212380851176 392
1694339506914 0.19718943096858332 393
1694339507282 0.197204037772434 394
1694339507715 0.19719376396589416 395
1694339508127 0.19720580913531804 396
1694339508531 0.19719737169027074 397
1694339508949 0.19720736530799432 398
1694339509333 0.19720034069110082 399
1694339509718 0.1972086773136703 400
1694339510127 0.19720275723371428 401
1694339510509 0.19720974425578863 402
1694339510954 0.1972047034286344 403
1694339511412 0.1972105819266261 404
1694339511801 0.19720625464015828 405
1694339512246 0.19712981426730436 406
1694339512718 0.19720149661784214 407
1694339513152 0.19714325144441536 408
1694339513542 0.19719840133227962 409
1694339513941 0.19715407232451077 410
1694339514317 0.19719713744935663 411
1694339514754 0.19716328464821087 412
1694339515136 0.19719733162507647 413
1694339515584 0.1971712947041061 414
1694339515997 0.19719849718640103 415
1694339516416 0.19717826821114137 416
1694339516834 0.19720020315083053 417
1694339517260 0.19718429050627673 418
1694339517666 0.19720212380920232 419
1694339518059 0.19718943096862995 420
1694339518439 0.19720403777311146 421
1694339518805 0.19719376396597543 422
1694339519179 0.1972058091359733 423
1694339519645 0.19719737169037566 424
1694339520052 0.19720736530862837 425
1694339520496 0.1972003406912275 426
1694339520965 0.1972086773142796 427
1694339521387 0.19720275723385416 428
1694339521805 0.1972097442563695 429
1694339522201 0.19720470342878038 430
1694339522610 0.19721058192717567 431
1694339522983 0.19720625464030683 432
1694339523384 0.19712981426709852 433
1694339523834 0.19720149661801878 434
1694339524271 0.1971432514442668 435
1694339524736 0.19719840133247724 436
1694339525188 0.19715407232440407 437
1694339525593 0.19719713744956635 438
1694339525976 0.1971632846481406 439
1694339526347 0.1971973316252965 440
1694339526775 0.19717129470406525 441
1694339527219 0.1971984971866274 442
1694339527700 0.1971782682111246 443
1694339528152 0.19720020315105757 444
1694339528579 0.1971842905062814 445
1694339529020 0.19720212380942936 446
1694339529459 0.1971894309686476 447
1694339529836 0.19720403777332907 448
1694339530199 0.19719376396600308 449
1694339530639 0.19720580913618668 450
1694339531075 0.19719737169041052 451
1694339531497 0.19720736530883043 452
1694339531921 0.1972003406912649 453
1694339532307 0.19720867731447034 454
1694339532737 0.19720275723389358 455
1694339533164 0.1972097442565537 456
1694339533566 0.19720470342882546 457
1694339534041 0.19721058192735097 458
1694339534450 0.19720625464035502 459
1694339534854 0.19712981426703446 460
1694339535237 0.19720149661807784 461
1694339535611 0.19714325144421918 462
1694339536042 0.19719840133254374 463
1694339536493 0.19715407232437265 464
1694339536929 0.19719713744963785 465
1694339537364 0.19716328464811983 466
1694339537752 0.197197331625371 467
1694339538126 0.1971712947040558 468
1694339538546 0.19719849718670035 469
1694339538957 0.1971782682111185 470
1694339539342 0.1972002031511284 471
1694339539733 0.19718429050627817 472
1694339540156 0.19720212380949487 473
1694339540604 0.19718943096864672 474
1694339541062 0.19720403777339623 475
1694339541450 0.19719376396600774 476
1694339541845 0.19720580913625307 477
1694339542207 0.19719737169042073 478
1694339542596 0.19720736530889627 479
1694339542995 0.197200340691279 480
1694339543434 0.1972086773145345 481
1694339543889 0.19720275723390823 482
1694339544331 0.19720974425661342 483
1694339544776 0.19720470342883945 484
1694339545189 0.1972105819274088 485
1694339545567 0.19720625464036956 486
1694339545957 0.19712981426701293 487
1694339546378 0.19720149661809783 488
1694339546754 0.1971432514442053 489
1694339547150 0.19719840133256628 490
1694339547613 0.19715407232436422 491
1694339548034 0.19719713744966494 492
1694339548489 0.19716328464811705 493
1694339548926 0.19719733162539732 494
1694339549307 0.19717129470405415 495
1694339549701 0.19719849718672844 496
1694339550074 0.19717826821111983 497
1694339550495 0.19720020315115683 498
1694339550925 0.19718429050628405 499
