1694739505811 0.16451614357649524 0
1694739508435 0.02180484176689375 1
1694739511606 0.09689078043497351 2
1694739515747 0.25243571911819124 3
1694739519444 0.0005886219408909294 4
1694739522902 0.05586815861634367 5
1694739525563 0.007848809890515803 6
1694739528310 0.05603879258211499 7
1694739530896 0.5812053189233837 8
1694739532956 0.2410752703617156 9
1694739535749 0.280840863030062 10
1694739537990 0.020337567461675567 11
1694739540153 0.06537738608074327 12
1694739542656 0.9176317308981822 13
1694739545093 0.026715811029836247 14
1694739547479 0.1916844257165008 15
1694739549742 0.02378789317945968 16
1694739551966 0.10258086074191028 17
1694739554190 0.4283353861475008 18
1694739556464 0.08071121062169657 19
1694739559085 2.0579035357132777e-05 20
1694739561177 0.23464684838301367 21
1694739563545 0.02305112453182771 22
1694739565873 0.014628002956416546 23
1694739567959 0.29396676303500263 24
1694739570139 0.36886675287358134 25
1694739572263 0.008799930597654146 26
1694739574452 0.19115212681234428 27
1694739576658 0.024579838331863817 28
1694739578882 0.013346456984759406 29
1694739580897 0.03450088204076929 30
1694739583166 0.11270770065444974 31
1694739585308 0.257100072188359 32
1694739587651 0.06495516164386751 33
1694739589902 0.4633715082110481 34
1694739592285 0.21643962524464347 35
1694739595010 0.041202519650978785 36
1694739597144 0.49097562235678804 37
1694739599457 0.0481669896739582 38
1694739602029 0.02333461328307813 39
1694739605859 0.11956566020577553 40
1694739608093 0.47483731569947535 41
1694739610768 1.3586783080583044e-05 42
1694739612893 0.12805320277103455 43
1694739615201 0.010809196627321849 44
1694739617231 0.08033646662309288 45
1694739619515 0.04693258353889807 46
1694739621705 0.1686962027898752 47
1694739623871 0.011142387323345503 48
1694739626132 0.0074720208007847426 49
1694739628207 0.06177673279336068 50
1694739630567 0.046146937351074536 51
1694739632752 0.2655099771512225 52
1694739635731 0.2798818245228229 53
1694739639728 0.02568410104691434 54
1694739642452 0.3729223494136804 55
1694739644508 0.09825769438935175 56
1694739647316 0.1693298198003629 57
1694739649668 0.11744684469516276 58
1694739652788 0.008867695688232173 59
1694739656335 0.009502520466408097 60
1694739659395 0.431266044195423 61
1694739661671 0.06153526780677026 62
1694739664932 0.005872276041109286 63
1694739667579 0.05002959851837481 64
1694739669624 0.2222816201244087 65
1694739671514 0.018426107394405165 66
1694739673363 0.020808205509494228 67
1694739675194 0.0077388940019164545 68
1694739677309 0.003599517586681325 69
1694739679485 0.005381658175185031 70
1694739681815 0.21749634947164923 71
1694739683792 0.32665444526155946 72
1694739686218 0.013046111213939114 73
1694739688486 1.277022638943276 74
1694739690829 0.015009007482313874 75
1694739693099 0.05828953785567222 76
1694739695528 0.04750225157784485 77
1694739697737 0.04226153286392841 78
1694739699942 0.41532128335299195 79
1694739702246 0.27916108071232537 80
1694739704438 0.2767581419873183 81
1694739706991 1.531688460605859e-05 82
1694739709000 0.0065153849851990716 83
1694739711371 0.023776425509059698 84
1694739713753 0.08416922919069308 85
1694739716016 0.010790698765487886 86
1694739718362 0.035294868539874326 87
1694739720586 0.0075318820535698935 88
1694739723068 0.4081958208348194 89
1694739725497 0.07659595094978756 90
1694739727977 0.029739482305468495 91
1694739730287 0.18905916806881334 92
1694739732552 0.00864120347279279 93
1694739734991 0.0065640366904819725 94
1694739737082 0.07196821704041621 95
1694739739444 0.0013958761776984212 96
1694739741575 0.09601957386247742 97
1694739743905 0.017850658665158607 98
1694739746265 0.04270710698419819 99
