1694676519264 169.18053433745993 0
1694676520409 137.01379459716082 1
1694676521596 111.22132807570594 2
1694676522759 90.4215598181042 3
1694676523934 73.63525229571064 4
1694676525161 60.07616404243424 5
1694676526287 49.11340083659796 6
1694676527427 40.24090971530121 7
1694676528480 33.05189864528411 8
1694676529647 27.219899206148604 9
1694676530790 22.482398971399093 10
1694676531866 18.628446556096442 11
1694676532957 15.4883658140808 12
1694676534081 12.925582858252291 13
1694676535303 10.83021428793208 14
1694676536414 9.113631044223448 15
1694676537792 7.7045048599692505 16
1694676538901 6.545156155746992 17
1694676540007 5.589152347040005 18
1694676541115 4.798826625060615 19
1694676542250 4.143849267088398 20
1694676543285 3.5995211525427315 21
1694676544309 3.145949576559247 22
1694676545408 2.766859277981267 23
1694676546545 2.4491391750005858 24
1694676547753 2.1820028559167146 25
1694676548960 1.9567590215776394 26
1694676550246 1.766283529515112 27
1694676551366 1.604560765908624 28
1694676552450 1.4670216075526024 29
1694676553600 1.3495255312447145 30
1694676554695 1.2490022059292323 31
1694676555899 1.1626165131803934 32
1694676557054 1.08828720229902 33
1694676558293 1.0240522042429367 34
1694676559500 0.9684870553720345 35
1694676560658 0.9202181645030655 36
1694676561927 0.8782603671552258 37
1694676563005 0.8416402570450383 38
1694676564177 0.8096689433049362 39
1694676565479 0.7816478475061756 40
1694676566618 0.7570897610070015 41
1694676567693 0.7354868820152023 42
1694676568858 0.7164907068224549 43
1694676570058 0.6997941491656372 44
1694676571165 0.6849481505834525 45
1694676572286 0.6719202064489392 46
1694676573449 0.6603088929243731 47
1694676574728 0.6500954750536546 48
1694676575877 0.6409745802597788 49
1694676577078 0.6329361235203929 50
1694676578264 0.6257455275132119 51
1694676579379 0.619398275407015 52
1694676580514 0.6137124356149073 53
1694676581751 0.6086871775299929 54
1694676582869 0.6041800643889887 55
1694676583962 0.6001927735551514 56
1694676585192 0.5966127559591684 57
1694676586353 0.5934434317318354 58
1694676587429 0.5905950646240586 59
1694676588590 0.588072296884203 60
1694676589827 0.5858029538671694 61
1694676590958 0.5837925271922569 62
1694676592032 0.5819824760982456 63
1694676593196 0.5803788617833715 64
1694676594375 0.5789962280356444 65
1694676595609 0.5776575559755633 66
1694676596926 0.5765521088286784 67
1694676598251 0.5754842054171234 68
1694676599431 0.5745998076801578 69
1694676600693 0.573746879937187 70
1694676602364 0.5730390756379377 71
1694676604014 0.5723571700216323 72
1694676605210 0.5717906109571662 73
1694676606367 0.5712449724890291 74
1694676607483 0.570791472474948 75
1694676608822 0.5703545426101566 76
1694676610072 0.5699915822063535 77
1694676611209 0.5696414620419897 78
1694676612360 0.5693510252116614 79
1694676613551 0.5690702845371078 80
1694676614734 0.5688379452507237 81
1694676615872 0.5686126928290116 82
1694676617011 0.568426893126811 83
1694676618297 0.5682460468478628 84
1694676619495 0.568097523495624 85
1694676620760 0.5680147639717604 86
1694676621978 0.5678373803796213 87
1694676623102 0.5677698026486513 88
1694676624307 0.5676293583484341 89
1694676625672 0.5675741536853213 90
1694676626851 0.5674623489982056 91
1694676627933 0.5674173533651937 92
1694676629051 0.5673279357159118 93
1694676630207 0.5672914039833457 94
1694676631290 0.5672195972487274 95
1694676632392 0.5671900838186383 96
1694676633530 0.5671322010475428 97
1694676634686 0.5671084927549991 98
1694676635923 0.5670616649904479 99
1694676637153 0.5670427394082208 100
1694676638372 0.5670047205775374 101
1694676639400 0.5669897167140996 102
1694676640546 0.5669587400596023 103
1694676641862 0.5669469353607195 104
1694676642972 0.5669216058906705 105
1694676644113 0.5669123968164458 106
1694676645336 0.5669542964567931 107
1694676646517 0.5668883073233449 108
1694676647601 0.5669205553199347 109
1694676648720 0.5668692970177598 110
1694676649937 0.5668940381922675 111
1694676651102 0.5668536416798209 112
1694676652250 0.5668726754764041 113
1694676653467 0.5668404334813277 114
1694676654682 0.5668551867473101 115
1694676655865 0.5668291605520813 116
1694676657281 0.5668407266615625 117
1694676658440 0.5668195005088575 118
1694676659539 0.5668286988709367 119
1694676660703 0.5668112219908561 120
1694676661856 0.5668186575398982 121
1694676662969 0.5668041395332626 122
1694676664065 0.5668102543304778 123
1694676665208 0.5667980939653249 124
1694676666397 0.5668032089097902 125
1694676667526 0.5667929444599873 126
1694676668674 0.5667972916369827 127
1694676669834 0.5668513228476725 128
1694676670997 0.5667961225604057 129
1694676672132 0.5668380912425284 130
1694676673292 0.5667954696068501 131
1694676674420 0.5668280002091959 132
1694676675546 0.5667945169998075 133
1694676676693 0.5668197931155513 134
1694676677906 0.566793084461661 135
1694676679016 0.5668128406268881 136
1694676680164 0.5667912428144819 137
1694676681421 0.5668068188583513 138
1694676682614 0.5667891363599625 139
1694676683648 0.5668015491051028 140
1694676684847 0.566786907516294 141
1694676686106 0.5667969200322438 142
1694676687440 0.5667846701906286 143
1694676688577 0.5667928512139855 144
1694676689788 0.566782504991292 145
1694676690888 0.5667892768982977 146
1694676692003 0.5667804631412425 147
1694676693178 0.5667861393109315 148
1694676694361 0.5668413595693023 149
1694676695455 0.566787194997695 150
1694676696617 0.5668301176117235 151
1694676697876 0.5667883235699372 152
1694676699037 0.5668216196613246 153
1694676700245 0.5667887975093404 154
1694676701487 0.5668146880641353 155
1694676702628 0.5667885072259606 156
1694676703735 0.5668087567395638 157
1694676704871 0.566787580156874 158
1694676706012 0.5668035524631294 159
1694676707173 0.5667862059475396 160
1694676708329 0.5667989371036919 161
1694676709470 0.5667845633324066 162
1694676710623 0.5667948318213688 163
1694676711753 0.5667827953044418 164
1694676712874 0.5667911822149423 165
1694676714021 0.5667810057666685 166
1694676715255 0.5667879433746125 167
1694676716396 0.5667792645984531 168
1694676717729 0.5667850742177131 169
1694676718865 0.5668404137503966 170
1694676719939 0.5667863441792083 171
1694676721088 0.5668293629479358 172
1694676722246 0.5667876441662135 173
1694676723350 0.5668210178462265 174
1694676724468 0.5667882552121302 175
1694676725613 0.5668142084402873 176
1694676726785 0.5667880745743524 177
1694676727878 0.5668083747735694 178
1694676729013 0.5667872351724283 179
1694676730214 0.5668032485244947 180
1694676731353 0.566785931041308 181
1694676732565 0.5667986954869858 182
1694676733793 0.5667843444297049 183
1694676734933 0.5667946399632183 184
1694676736059 0.5667826211439888 185
1694676737211 0.5667910300670607 186
1694676738434 0.5667808673393853 187
1694676739606 0.5667878229017964 188
1694676740797 0.5667791546981037 189
1694676742055 0.5667849789959006 190
1694676743160 0.5668403315985976 191
1694676744234 0.5667862688764366 192
1694676745438 0.566829298367381 193
1694676746726 0.5667875847259866 194
1694676747984 0.566820967228309 195
1694676749193 0.5667882083948621 196
1694676750334 0.5668141689055717 197
1694676751440 0.5667880377936936 198
1694676752558 0.5668083440254895 199
1694676753745 0.5667872063642904 200
1694676754926 0.5668032247322934 201
1694676756057 0.5667859085590831 202
1694676757202 0.5667986771920948 203
1694676758346 0.5667843269604383 204
1694676759474 0.5667946260043634 205
1694676760721 0.566782607641322 206
1694676761959 0.5667910195203769 207
1694676763100 0.5667808569699371 208
1694676764187 0.5667878150329356 209
1694676765369 0.566779146798568 210
1694676766574 0.5667849732217454 211
1694676767697 0.5668403276988824 212
1694676768879 0.5667862646531132 213
1694676770076 0.5668292957498307 214
1694676771231 0.5667875817063835 215
1694676772384 0.5668209655913303 216
1694676773605 0.5667882063049847 217
1694676774808 0.5668141680121974 218
1694676776026 0.5667880364176467 219
1694676777343 0.5668083436900136 220
1694676778498 0.5667872055323054 221
1694676779600 0.5668032248096306 222
1694676780717 0.566785908137974 223
1694676781918 0.5667986775692984 224
1694676783013 0.5667843268460153 225
1694676784130 0.5667946265938935 226
1694676785309 0.5667826077523479 227
1694676786494 0.5667910202547328 228
1694676787623 0.5667808572433091 229
1694676788775 0.5667878158604055 230
1694676789961 0.5667791471855029 231
1694676791109 0.566784974103021 232
1694676792247 0.566840329011126 233
1694676793432 0.566786265525018 234
1694676794619 0.5668292970099986 235
1694676795703 0.5667875825548601 236
1694676796908 0.5668209667905849 237
1694676798087 0.5667882071204488 238
1694676799221 0.5668141691453714 239
1694676800355 0.5667880371939032 240
1694676801529 0.5668083447546649 241
1694676802722 0.5667872062656945 242
1694676803950 0.5668032258053189 243
1694676805038 0.5667859088267346 244
1694676806205 0.5667986784970259 245
1694676807283 0.5667843274897594 246
1694676808540 0.5667946274556718 247
1694676809739 0.5667826083516804 248
1694676810849 0.5667910210532564 249
1694676811960 0.5667808577995355 250
1694676813155 0.566787816598806 251
1694676814330 0.5667791477003945 252
1694676815522 0.5667849747846825 253
1694676816724 0.5668403298373129 254
1694676817915 0.5667862661395696 255
1694676818990 0.5668292977580863 256
1694676820117 0.5667875831090814 257
1694676821257 0.5668209674681868 258
1694676822413 0.5667882076204626 259
1694676823628 0.5668141697593759 260
1694676824772 0.5667880376452236 261
1694676825974 0.5668083453112913 262
1694676827067 0.5667872066732828 263
1694676828213 0.566803226310173 264
1694676829424 0.5667859091950377 265
1694676830594 0.5667986789551558 266
1694676831678 0.56678432782277 267
1694676832880 0.5667946278716219 268
1694676834044 0.5667826086529758 269
1694676835275 0.566791021431117 270
1694676836467 0.5667808580723155 271
1694676837861 0.5667878169422517 272
1694676838969 0.5667791479475233 273
1694676840057 0.566784975097018 274
1694676841201 0.5668403302060568 275
1694676842398 0.5667862664180447 276
1694676843507 0.5668292980890806 277
1694676844678 0.5667875833577187 278
1694676845901 0.5668209677656697 279
1694676847036 0.566788207842771 280
1694676848141 0.5668141700270681 281
1694676849277 0.5667880378442679 282
1694676850424 0.5668083455524646 283
1694676851498 0.5667872068517377 284
1694676852640 0.5668032265277055 285
1694676853882 0.5667859093552475 286
1694676854997 0.5667986791515847 287
1694676856128 0.5667843279667834 288
1694676857266 0.5667946280491823 289
1694676858450 0.566782608782593 290
1694676859494 0.5667910215917864 291
1694676860660 0.5667808581891162 292
1694676861881 0.5667878170877824 293
1694676863008 0.5667791480529 294
1694676864171 0.5667849752289599 295
1694676865375 0.5668403303609666 296
1694676866569 0.5667862665354093 297
1694676867683 0.5668292982278709 298
1694676868867 0.5667875834622863 299
1694676870239 0.5668209678901968 300
1694676871346 0.5667882079360854 301
1694676872542 0.5668141701389546 302
1694676873734 0.5667880379276712 303
1694676874876 0.5668083456531283 304
1694676876028 0.5667872069263956 305
1694676877222 0.5668032266183906 306
1694676878380 0.5667859094221749 307
1694676879467 0.5667986792333787 308
1694676880586 0.5667843280268682 309
1694676881785 0.5667946281230493 310
1694676882876 0.5667826088366096 311
1694676884002 0.5667910216585682 312
1694676885192 0.5667808582377398 313
1694676886377 0.566787817148222 314
1694676887492 0.5667791480967259 315
1694676888652 0.5667849752837167 316
1694676889849 0.5668403304251735 317
1694676891103 0.5667862665840909 318
1694676892216 0.5668292982853714 319
1694676893462 0.5667875835056408 320
1694676894618 0.5668209679417714 321
1694676895901 0.5667882079747606 322
1694676897398 0.566814170185279 323
1694676898611 0.5667880379622234 324
1694676899779 0.5668083456947925 325
1694676901010 0.5667872069573122 326
1694676902183 0.5668032266559118 327
1694676903300 0.5667859094498817 328
1694676904407 0.5667986792672144 329
1694676905597 0.5667843280517331 330
1694676906704 0.5667946281535967 331
1694676907793 0.5667826088589563 332
1694676908939 0.5667910216861793 333
1694676910098 0.5667808582578516 334
1694676911201 0.5667878171732067 335
1694676912312 0.5667791481148504 336
1694676913519 0.5667849753063496 337
1694676914648 0.5668403304517041 338
1694676915727 0.5667862666042099 339
1694676916895 0.5668292983091273 340
1694676918122 0.5667875835235537 341
1694676919196 0.5668209679630741 342
1694676920283 0.5667882079907346 343
1694676921453 0.5668141702044102 344
1694676922612 0.5667880379764946 345
1694676923783 0.5668083457120004 346
1694676925017 0.5667872069700838 347
1694676926278 0.5668032266714106 348
1694676927399 0.5667859094613275 349
1694676928521 0.5667986792811894 350
1694676929712 0.5667843280620045 351
1694676930940 0.5667946281662123 352
1694676932128 0.5667826088681874 353
1694676933332 0.5667910216975829 354
1694676934496 0.56678085826616 355
1694676935580 0.566787817183526 356
1694676936763 0.5667791481223349 357
1694676937940 0.5667849753156958 358
1694676939041 0.5668403304626575 359
1694676940146 0.5667862666125149 360
1694676941375 0.5668292983189347 361
1694676942551 0.5667875835309474 362
1694676943630 0.5668209679718673 363
1694676944739 0.5667882079973298 364
1694676945931 0.5668141702123065 365
1694676947001 0.5667880379823841 366
1694676948085 0.5668083457190995 367
1694676949218 0.5667872069753503 368
1694676950329 0.5668032266778026 369
1694676951463 0.5667859094660477 370
1694676952570 0.566798679286955 371
1694676953741 0.5667843280662437 372
1694676954943 0.5667946281714195 373
1694676956143 0.5667826088719952 374
1694676957555 0.5667910217022878 375
1694676958741 0.5667808582695852 376
1694676959955 0.5667878171877819 377
1694676961098 0.566779148125422 378
1694676962302 0.5667849753195511 379
1694676963446 0.5668403304671767 380
1694676964617 0.5667862666159432 381
1694676965874 0.5668292983229817 382
1694676966984 0.5667875835339998 383
1694676968048 0.5668209679754972 384
1694676969155 0.5667882080000515 385
1694676970289 0.5668141702155669 386
1694676971364 0.5667880379848164 387
1694676972460 0.5668083457220334 388
1694676973577 0.5667872069775286 389
1694676974681 0.5668032266804452 390
1694676975831 0.5667859094679982 391
1694676976969 0.5667986792893364 392
1694676978146 0.5667843280679925 393
1694676979291 0.5667946281735675 394
1694676980432 0.5667826088735671 395
1694676981615 0.5667910217042293 396
1694676982756 0.5667808582709999 397
1694676983882 0.5667878171895406 398
1694676985069 0.5667791481266977 399
1694676986320 0.5667849753211424 400
1694676987502 0.566840330469044 401
1694676988620 0.5667862666173596 402
1694676989856 0.566829298324655 403
1694676990987 0.5667875835352612 404
1694676992154 0.5668209679769973 405
1694676993408 0.5667882080011776 406
1694676994559 0.5668141702169139 407
1694676995694 0.5667880379858211 408
1694676996852 0.5668083457232448 409
1694676998033 0.5667872069784289 410
1694676999116 0.5668032266815357 411
1694677000216 0.5667859094688031 412
1694677001365 0.5667986792903194 413
1694677002533 0.5667843280687153 414
1694677003667 0.5667946281744564 415
1694677004860 0.5667826088742168 416
1694677006015 0.5667910217050315 417
1694677007138 0.5667808582715839 418
1694677008226 0.5667878171902643 419
1694677009377 0.5667791481272226 420
1694677010549 0.5667849753217993 421
1694677011668 0.5668403304698129 422
1694677012844 0.5667862666179421 423
1694677014027 0.5668292983253423 424
1694677015257 0.5667875835357791 425
1694677016425 0.566820967977614 426
1694677017828 0.5667882080016375 427
1694677018973 0.5668141702174664 428
1694677020066 0.5667880379862335 429
1694677021237 0.5668083457237413 430
1694677022435 0.5667872069787957 431
1694677023546 0.5668032266819836 432
1694677024673 0.5667859094691352 433
1694677025879 0.5667986792907248 434
1694677027100 0.5667843280690135 435
1694677028312 0.5667946281748226 436
1694677029435 0.5667826088744853 437
1694677030678 0.5667910217053636 438
1694677031794 0.5667808582718268 439
1694677033176 0.5667878171905664 440
1694677034458 0.566779148127444 441
1694677035589 0.5667849753220735 442
1694677036781 0.5668403304701327 443
1694677037962 0.5667862666181841 444
1694677039045 0.5668292983256277 445
1694677040137 0.5667875835359959 446
1694677041335 0.5668209679778708 447
1694677042477 0.5667882080018327 448
1694677043556 0.5668141702176992 449
1694677044714 0.5667880379864079 450
1694677045898 0.5668083457239508 451
1694677047044 0.5667872069789524 452
1694677048298 0.5668032266821705 453
1694677049488 0.5667859094692715 454
1694677050608 0.5667986792908917 455
1694677051709 0.5667843280691363 456
1694677052892 0.5667946281749717 457
1694677054159 0.5667826088745945 458
1694677055243 0.5667910217054997 459
1694677056339 0.5667808582719264 460
1694677057515 0.566787817190691 461
1694677058631 0.5667791481275329 462
1694677059736 0.5667849753221857 463
1694677060838 0.5668403304702654 464
1694677062013 0.5667862666182858 465
1694677063099 0.5668292983257487 466
1694677064187 0.5667875835360867 467
1694677065337 0.5668209679779798 468
1694677066486 0.5667882080019139 469
1694677067592 0.5668141702177973 470
1694677068695 0.566788037986481 471
1694677069846 0.5668083457240374 472
1694677070953 0.566787206979016 473
1694677072034 0.566803226682249 474
1694677073175 0.5667859094693318 475
1694677074338 0.5667986792909635 476
1694677075555 0.5667843280691892 477
1694677076710 0.5667946281750375 478
1694677078007 0.566782608874643 479
1694677079097 0.5667910217055582 480
1694677080174 0.5667808582719689 481
1694677081299 0.5667878171907428 482
1694677082464 0.5667791481275701 483
1694677083518 0.5667849753222315 484
1694677084610 0.5668403304703186 485
1694677085763 0.5667862666183255 486
1694677086898 0.5668292983257951 487
1694677088008 0.5667875835361207 488
1694677089151 0.5668209679780198 489
1694677090329 0.566788208001943 490
1694677091441 0.5668141702178325 491
1694677092558 0.5667880379865059 492
1694677093702 0.5668083457240704 493
1694677094820 0.5667872069790417 494
1694677096066 0.5668032266822801 495
1694677097238 0.566785909469354 496
1694677098355 0.5667986792909905 497
1694677099428 0.5667843280692084 498
1694677100587 0.5667946281750614 499
