1694709759669 57.771836484935434 0
1694709761374 17.84618499305556 1
1694709763247 5.666686670878775 2
1694709764828 2.3344237479826004 3
1694709766385 0.6797872097314799 4
1694709767998 0.33975909946206295 5
1694709769690 0.2764420692146086 6
1694709771234 0.11866527837283189 7
1694709772806 0.21370513809184727 8
1694709774518 0.18081949379031634 9
1694709776450 0.16374355917317263 10
1694709778944 0.160349997002852 11
1694709780398 0.21386787315694403 12
1694709782227 0.0400361220010588 13
1694709784118 0.09270804133679206 14
1694709786106 0.09011220626708003 15
1694709787943 0.1604503920451239 16
1694709789711 0.037639817541630524 17
1694709791470 0.17633004966416493 18
1694709793342 0.08231439609267416 19
1694709795236 0.21505444889632527 20
1694709796944 0.21871057636999955 21
1694709799109 0.08827577921520041 22
1694709800829 0.10575774112296556 23
1694709802701 0.12508491986235235 24
1694709804376 0.1828521471731451 25
1694709806154 0.07074594221142858 26
1694709807949 0.24608013569177992 27
1694709809589 0.09881698058485537 28
1694709811460 0.20566919324280877 29
1694709813135 0.20222028396543398 30
1694709815104 0.1689933273413749 31
1694709816897 0.2602426239979082 32
1694709818852 0.2422484151668972 33
1694709820547 0.13377393331438028 34
1694709822499 0.21057791679625049 35
1694709824468 0.23203600250859135 36
1694709826286 0.16631050422791854 37
1694709828028 0.06368023666021073 38
1694709829767 0.2008841596597737 39
1694709831688 0.11917254782825254 40
1694709833338 0.17465055478814182 41
1694709835852 0.1472126429573684 42
1694709837421 0.138073180255598 43
1694709839180 0.0793171402945487 44
1694709840665 0.09829126490216769 45
1694709842688 0.031118220040845537 46
1694709844427 0.1778485242929143 47
1694709846217 0.269849800940495 48
1694709847878 0.2628183073770868 49
1694709849746 0.2834823368520399 50
1694709851591 0.046117788372286334 51
1694709853239 0.04895762058107606 52
1694709855061 0.2495541977297712 53
1694709856759 0.23075419658707397 54
1694709858582 0.07532882516429129 55
1694709860215 0.09701116146097187 56
1694709861854 0.12395742570030767 57
1694709863823 0.12010946648613857 58
1694709865568 0.19687421527433063 59
1694709867522 0.1716213339754862 60
1694709869771 0.122613407297418 61
1694709871669 0.09779441320197171 62
1694709873231 0.3531618316979255 63
1694709875048 0.1571301212578849 64
1694709876732 0.09792701400830084 65
1694709878641 0.05584410513835615 66
1694709880288 0.06440919501657222 67
1694709881935 0.0899350900977385 68
1694709883862 0.059891300780401203 69
1694709885808 0.09926280919818359 70
1694709887461 0.09543468325562467 71
1694709889101 0.12048672461586565 72
1694709890928 0.1330235068961137 73
1694709892629 0.08739677416539922 74
1694709894308 0.12111125889618785 75
1694709896116 0.20871955000763995 76
1694709897544 0.32521081838458143 77
1694709899145 0.14736978840847526 78
1694709900489 0.08860769734758697 79
1694709902463 0.15017732755104454 80
1694709904096 0.16507639034765806 81
1694709905685 0.1045822568900874 82
1694709907379 0.06510890365568137 83
1694709909062 0.10562311048364924 84
1694709910667 0.11504542224227673 85
1694709912221 0.1679257972973987 86
1694709913868 0.10833567515168648 87
1694709915515 0.05246977074248584 88
1694709917144 0.1736849307118097 89
1694709918864 0.10336324363531342 90
1694709920412 0.12451292051995733 91
1694709922087 0.22541414250313963 92
1694709923819 0.14846052239782298 93
1694709925408 0.09244427349904913 94
1694709927127 0.39006316227674076 95
1694709928681 0.10312193098195212 96
1694709930262 0.11539121337802946 97
1694709931955 0.037361902862791306 98
1694709933572 0.11789537784311091 99
