1694707931714 169.64818107157998 0
1694707933637 168.27101570801096 1
1694707935423 166.70006501595972 2
1694707937372 164.95985505696228 3
1694707939028 163.0728172990968 4
1694707940711 161.05940918896448 5
1694707942372 158.93823806318545 6
1694707944030 156.72618549866607 7
1694707945896 154.4385299178563 8
1694707947732 152.08906583937397 9
1694707949649 149.69021862186594 10
1694707951284 147.25315391135015 11
1694707952933 144.78788128728675 12
1694707954699 142.30335182484768 13
1694707956492 139.80754946229257 14
1694707958166 137.3075761928456 15
1694707959857 134.80973119806822 16
1694707961545 132.31958411102968 17
1694707963131 129.84204264796915 18
1694707964870 127.38141488101112 19
1694707966482 124.94146644539984 20
1694707968286 122.52547298554833 21
1694707969953 120.13626814729044 22
1694707971668 117.7762874209565 23
1694707973563 115.4476081327759 24
1694707975405 113.15198587184383 25
1694707977135 110.89088762743309 26
1694707978849 108.66552189753273 27
1694707981172 106.47686601475104 28
1694707983418 104.32569092057649 29
1694707985496 102.21258360380469 30
1694707987477 100.13796740396938 31
1694707989837 98.10212036605598 32
1694707992281 96.10519181876477 33
1694707994777 94.14721733522481 34
1694707997290 92.22813222239513 35
1694707999500 90.34778367346416 36
1694708001862 88.50594170638445 37
1694708004152 86.70230900125142 38
1694708006961 84.93652973954359 39
1694708009447 83.20819753925878 40
1694708011862 81.5168625716824 41
1694708014297 79.86203793787242 42
1694708016769 78.24320537590961 43
1694708019101 76.659820363502 44
1694708021812 75.11131667461191 45
1694708024112 73.59711044335776 46
1694708026752 72.11660378349266 47
1694708029122 70.6691880072442 48
1694708031351 69.2542464831823 49
1694708033826 67.87115716903119 50
1694708037139 66.51929485192908 51
1694708039072 65.19803312553755 52
1694708042230 63.90674613058383 53
1694708044897 62.64481008286165 54
1694708047038 61.411604610394754 55
1694708049141 60.20651391936351 56
1694708051376 59.02892780648768 57
1694708053474 57.8782425338314 58
1694708055366 56.7538615804327 59
1694708057338 55.65519628374442 60
1694708059231 54.58166638259381 61
1694708061218 53.53270047220975 62
1694708063029 52.507736380820525 63
1694708065079 51.506221476379324 64
1694708067100 50.52761291112001 65
1694708069247 49.571377810874075 66
1694708071140 48.636993415383465 67
1694708073252 47.723947175213915 68
1694708075256 46.83173681030721 69
1694708077469 45.95987033469734 70
1694708079470 45.107866051454344 71
1694708081536 44.27525252150283 72
1694708083494 43.46156850958626 73
1694708085622 42.66636291030987 74
1694708087744 41.88919465688944 75
1694708089819 41.12963261495855 76
1694708091908 40.38725546353913 77
1694708094120 39.66165156505663 78
1694708097010 38.95241882608113 79
1694708099031 38.25916455029381 80
1694708101220 37.58150528501628 81
1694708103140 36.9190666624936 82
1694708105557 36.271483236989994 83
1694708107503 35.638398318637925 84
1694708109497 35.019463804874995 85
1694708111663 34.41434001020703 86
1694708113804 33.82269549495028 87
1694708115909 33.24420689352818 88
1694708117822 32.678558742829 89
1694708119965 32.12544331106862 90
1694708122048 31.58456042754705 91
1694708124133 31.055617313637132 92
1694708126189 30.538328415299386 93
1694708128258 30.032415237377098 94
1694708130216 29.537606179889384 95
1694708132259 29.053636376508656 96
1694708134241 28.580247535379886 97
1694708136212 28.117187782413712 98
1694708138081 27.664211507162772 99
