1694620998139 169.64084248330965 0
1694620999459 166.19307295630125 1
1694621000763 159.84634517695088 2
1694621002076 151.1217149368253 3
1694621003412 140.56011866358213 4
1694621005088 128.694823335854 5
1694621006559 116.02960083891931 6
1694621007847 103.02264320170846 7
1694621009105 90.07519461909602 8
1694621010412 77.52503214662478 9
1694621011747 65.64380205433842 10
1694621013015 54.63765652995228 11
1694621014256 44.6504705312227 12
1694621015566 35.76902351257618 13
1694621017136 28.029578607706053 14
1694621018545 21.425305007808536 15
1694621019771 15.91398801889143 16
1694621020919 11.425972851866925 17
1694621022403 7.871655238725574 18
1694621024086 5.1481540920628195 19
1694621025552 3.1455278727464773 20
1694621026763 1.752050306318652 21
1694621028053 0.8585803371589211 22
1694621029540 0.3620207584891645 23
1694621030969 0.16789814953785046 24
1694621032252 0.19212627669974178 25
1694621033591 0.3620364413501143 26
1694621034913 0.6167720929928514 27
1694621036389 0.907152249599364 28
1694621037675 1.1951098540052683 29
1694621038874 1.4528081638854822 30
1694621040246 1.6615316329842642 31
1694621041551 1.8104384554340962 32
1694621042964 1.8952508983317968 33
1694621044180 1.9169475270042582 34
1694621045469 1.8805091078503169 35
1694621046730 1.7937579130212644 36
1694621048057 1.66631878960068 37
1694621049346 1.5087200205333506 38
1694621050607 1.331642917962784 39
1694621051798 1.1453213809937874 40
1694621053187 0.9590863675461077 41
1694621054444 0.7810453550364269 42
1694621055651 0.6178650728672037 43
1694621056936 0.4747241665155853 44
1694621058244 0.35527981924080104 45
1694621059461 0.26173359704504445 46
1694621060786 0.19495228567306164 47
1694621062043 0.1546278083084057 48
1694621063300 0.1394448650493221 49
1694621064509 0.1472996751806466 50
1694621065936 0.1755000465572629 51
1694621067149 0.2209545017091587 52
1694621068371 0.2803469675771401 53
1694621069681 0.3503082792253309 54
1694621070881 0.4275088537729979 55
1694621072162 0.5087925895576815 56
1694621073423 0.591263209366462 57
1694621074648 0.6723472711138286 58
1694621075985 0.7498353659751011 59
1694621077288 0.8219036263577854 60
1694621078603 0.8870951764305871 61
1694621079855 0.9443576761180871 62
1694621081090 0.9930007185447844 63
1694621082413 1.0326638600418316 64
1694621083752 1.0632786022986185 65
1694621085149 1.0850303866869613 66
1694621086339 1.0982940817867235 67
1694621087614 1.1036124333326913 68
1694621089142 1.1016552412980214 69
1694621090681 1.0931811813494494 70
1694621091814 1.0790031300405376 71
1694621093102 1.0599562919653323 72
1694621094261 1.0368734722973898 73
1694621095735 1.010564651642072 74
1694621096893 0.9817991780110373 75
1694621098158 0.9512922770446874 76
1694621099857 0.9196818041112076 77
1694621101577 0.8875427191546925 78
1694621103205 0.8553814047140073 79
1694621104451 0.8236349750705876 80
1694621105791 0.7926836844175429 81
1694621107304 0.7628269446066696 82
1694621108674 0.7343040749876228 83
1694621110054 0.7072993201335002 84
1694621111343 0.681947387258725 85
1694621112591 0.6583182473801291 86
1694621114103 0.6364623298947337 87
1694621115590 0.616400988559281 88
1694621116845 0.5981477867273309 89
1694621118272 0.5816726146173817 90
1694621119472 0.5669291786094555 91
1694621120848 0.5538389323514598 92
1694621122148 0.542334568880944 93
1694621123478 0.5323587641009448 94
1694621124744 0.5238284069321206 95
1694621126089 0.5166584324051687 96
1694621127411 0.5107629616559933 97
1694621128641 0.5060359164039175 98
1694621130007 0.5023919271558357 99
