1694711152711 64.54502553032734 0
1694711154388 17.337104052381846 1
1694711156103 5.513425690164315 2
1694711157949 1.5698373415480014 3
1694711159968 1.1333861984812275 4
1694711162934 0.4787209238135703 5
1694711165469 0.2120797729722766 6
1694711167889 0.04544459551314695 7
1694711170764 0.1748716902192758 8
1694711174367 0.13830037757113095 9
1694711178135 0.08966252754921074 10
1694711181068 0.09660947906540833 11
1694711183435 0.1737007561971445 12
1694711185040 0.1084052484359224 13
1694711186934 0.04871041185026883 14
1694711188442 0.11807173850673958 15
1694711190120 0.11630606584956696 16
1694711191598 0.044789955940715484 17
1694711193604 0.1385363047900281 18
1694711195229 0.14997848680823883 19
1694711196783 0.08703387310589669 20
1694711198107 0.12998420292410623 21
1694711199387 0.09927869063836299 22
1694711200884 0.25087662185566006 23
1694711202343 0.11729006765477476 24
1694711204037 0.06664346785146516 25
1694711205632 0.18627277358511168 26
1694711206991 0.17254480348690066 27
1694711208575 0.09764882860122527 28
1694711210253 0.15527274135452446 29
1694711211593 0.17789635726350495 30
1694711212934 0.10612844467908088 31
1694711214436 0.20442252321365223 32
1694711216338 0.14389507982002883 33
1694711218370 0.1726449968471695 34
1694711219933 0.19420205781052033 35
1694711222358 0.18804493560805988 36
1694711224725 0.08732738801889493 37
1694711226722 0.041125290545693416 38
1694711228739 0.06659030999254505 39
1694711230552 0.332085904579677 40
1694711232478 0.31503816642642346 41
1694711234453 0.1584261060600346 42
1694711236469 0.09079398300291311 43
1694711238267 0.17794068502546484 44
1694711239894 0.07918283698184693 45
1694711241529 0.13401315876736813 46
1694711243193 0.15675940961253018 47
1694711244737 0.09872321525640419 48
1694711246293 0.0928189929611269 49
1694711247868 0.06664572414671574 50
1694711249360 0.10448443286127539 51
1694711251034 0.1376658002872694 52
1694711252596 0.1660048372911982 53
1694711254064 0.14217704096593414 54
1694711255532 0.1521759782690363 55
1694711256979 0.13200114941539437 56
1694711258600 0.06657076081703056 57
1694711260132 0.1918202408155508 58
1694711261592 0.205132272423226 59
1694711263194 0.24566174493905457 60
1694711264611 0.22449532804216984 61
1694711266019 0.13775633613383245 62
1694711267496 0.07597728228493322 63
1694711268815 0.09164821610001914 64
1694711270421 0.090680996418017 65
1694711271920 0.1063219593808764 66
1694711273386 0.24102398760329777 67
1694711274915 0.11508029428530045 68
1694711276383 0.29331464740982566 69
1694711278348 0.23814778363320796 70
1694711280168 0.2602642885442561 71
1694711282008 0.06273305984882231 72
1694711283619 0.1463471190041373 73
1694711285157 0.2083409418674168 74
1694711286561 0.02572849775496576 75
1694711288114 0.3746859766166908 76
1694711289782 0.20738633227949504 77
1694711291384 0.3005906816799879 78
1694711292919 0.13398737332540692 79
1694711294878 0.12560377978759107 80
1694711296790 0.02131951113633376 81
1694711299089 0.1499171376584138 82
1694711300876 0.12397618301479213 83
1694711302768 0.24105976995990094 84
1694711305754 0.09379938173140055 85
1694711307823 0.09422537148083819 86
1694711309342 0.15648923335676151 87
1694711310800 0.0345777093491982 88
1694711312257 0.05949260412668227 89
1694711313882 0.15667340704784916 90
1694711315371 0.171345268521889 91
1694711316795 0.10451720359945403 92
1694711318422 0.04328402544646968 93
1694711319972 0.15467883541277028 94
1694711321796 0.03825395340204276 95
1694711323607 0.1567284517026211 96
1694711325404 0.09303337354115393 97
1694711327126 0.04848782127170881 98
1694711328862 0.2500869829614462 99
