1694345393925 -4.8024246356798725 0
1694345394474 -5.58233968532079 1
1694345394940 -5.804508671651297 2
1694345395377 -4.343831954195871 3
1694345395802 -4.941019136469695 4
1694345396237 -5.667417249874876 5
1694345396688 -5.62945846758521 6
1694345397109 -5.844686754127633 7
1694345397523 -10.083999273221004 8
1694345397942 -8.120208056877335 9
1694345398470 -4.333417139330388 10
1694345398910 -5.889887798939486 11
1694345399353 -6.963412863901279 12
1694345399794 -4.411191521929554 13
1694345400281 -4.714949538662648 14
1694345401355 -8.383174143870507 15
1694345402986 -5.264635203549691 16
1694345405600 -8.052426048814578 17
1694345406081 -5.5231251356358255 18
1694345406730 -5.548908433550452 19
1694345407282 -6.4441473628084776 20
1694345408190 -9.688359186307258 21
1694345408920 -6.677016886849942 22
1694345409488 -11.626656755973313 23
1694345409951 -7.04741027949869 24
1694345410462 -5.189552123361281 25
1694345410986 -6.088972425273912 26
1694345411506 -5.555159890442282 27
1694345411964 -6.207372781287149 28
1694345412419 -3.669114743154073 29
1694345412871 -4.880064051710974 30
1694345413349 -5.316273222428689 31
1694345413813 -5.9705594905706345 32
1694345414237 -7.043578408641606 33
1694345414682 -5.873840957456954 34
1694345415141 -9.971200560082332 35
1694345415568 -10.93189915472758 36
1694345416005 -7.23246713542464 37
1694345416462 -5.334384810862851 38
1694345416884 -5.387083684707586 39
1694345417290 -8.5472751934355 40
1694345417772 -6.797830443010356 41
1694345418208 -10.285641750563503 42
1694345418666 -4.838388280375648 43
1694345419076 -5.131018304485561 44
1694345419461 -4.4583800179668165 45
1694345419839 -7.758119308198168 46
1694345420231 -4.379118472988796 47
1694345420627 -5.9076564694043965 48
1694345420992 -8.8194698184508 49
1694345421411 -3.905973210254822 50
1694345421820 -4.732914508840298 51
1694345422238 -4.290622231301012 52
1694345422642 -9.641074510481294 53
1694345423061 -4.815946779872243 54
1694345423533 -7.366624721723145 55
1694345424010 -7.869000746100264 56
1694345424519 -4.289461291300024 57
1694345425064 -11.34934773756764 58
1694345425728 -6.029299581420872 59
1694345426207 -6.160389941085694 60
1694345426739 -4.922604076920498 61
1694345427169 -7.263833044421219 62
1694345427613 -8.115835243681296 63
1694345428027 -4.313511097860004 64
1694345428419 -5.072028834720009 65
1694345428800 -8.103805324946338 66
1694345429184 -3.956165065200394 67
1694345429562 -12.044182007984682 68
1694345429938 -4.75083936682863 69
1694345430310 -7.440860653742311 70
1694345430703 -10.236953843218714 71
1694345431090 -4.201613663595187 72
1694345431505 -4.364932917782905 73
1694345431896 -10.822202348623144 74
1694345432312 -8.69083565331904 75
1694345432714 -6.347038297629608 76
1694345433124 -6.230511783905926 77
1694345433500 -8.56651823197225 78
1694345433927 -3.282428127342474 79
1694345434320 -4.7458144143461976 80
1694345434719 -8.483065148813514 81
1694345435183 -8.009125332976451 82
1694345435690 -6.94804831141123 83
1694345436152 -9.904415043084759 84
