1694443679323 -239.9594831211566 0
1694443680009 -193.6162411676037 1
1694443680746 -156.8451607929598 2
1694443681460 -127.06322372699285 3
1694443682349 -102.93875249191024 4
1694443683274 -83.39187065909024 5
1694443683940 -67.55064719492603 6
1694443684687 -54.709681680600205 7
1694443685280 -44.298677724666206 8
1694443685861 -35.85480971638081 9
1694443686385 -29.005668110523263 10
1694443687004 -23.44835893201446 11
1694443687597 -18.936221854792407 12
1694443688171 -15.273746332293229 13
1694443688836 -12.297806090979646 14
1694443689442 -9.880768952295403 15
1694443690045 -7.916278305737924 16
1694443690686 -6.317334309550591 17
1694443691271 -5.017633975245898 18
1694443691828 -3.9585858683630484 19
1694443692507 -3.096959150442319 20
1694443693118 -2.3949682480833188 21
1694443693720 -1.8213012461271418 22
1694443694316 -1.3541944136554012 23
1694443695014 -0.9718283163081125 24
1694443695648 -0.6600545348667122 25
1694443696192 -0.4051846062534079 26
1694443696749 -0.1954363614291006 27
1694443697335 -0.024384496441310244 28
1694443697775 0.11674067387393217 29
1694443698281 0.23207164841364625 30
1694443698737 0.3267637225237784 31
1694443699198 0.4057174953014211 32
1694443699754 0.47006547802593024 33
1694443700338 0.5239177777367217 34
1694443700953 0.567938024406471 35
1694443701559 0.6049174772009338 36
1694443702262 0.6352607743285676 37
1694443702916 0.6608445954889635 38
1694443703715 0.6819390695072685 39
1694443704814 0.6993442258806286 40
1694443705734 0.7146009632164274 41
1694443707759 0.7268500016530712 42
1694443708774 0.7376436909770492 43
1694443709816 0.7463574855275346 44
1694443710914 0.7540683717708563 45
1694443711630 0.7603381065586858 46
1694443712374 0.7659015622191783 47
1694443713050 0.7704661272951443 48
1694443713655 0.7745200676457011 49
1694443714278 0.777883126566379 50
1694443714894 0.7808656917570458 51
1694443715840 0.783373142276214 52
1694443716814 0.7855876245409088 53
1694443717622 0.7874790054901752 54
1694443718491 0.7891371546596162 55
1694443719194 0.7905798784385774 56
1694443719949 0.7918308997980009 57
1694443720719 0.7929431376023824 58
1694443721444 0.7938931962528402 59
1694443722132 0.794759246657584 60
1694443722753 0.7954846534454026 61
1694443723331 0.7961653170936932 62
1694443723906 0.7967214946795711 63
1694443724421 0.7972611198198745 64
1694443724991 0.7976887392643218 65
1694443725564 0.7981200391470618 66
1694443726148 0.7984492506615721 67
1694443726679 0.7987966228360996 68
1694443727253 0.7990499961712322 69
1694443727778 0.7993318291783236 70
1694443728345 0.7995264152027384 71
1694443728897 0.7997567066403483 72
1694443729452 0.7999054964169526 73
1694443729982 0.8000949994419011 74
1694443730532 0.8002079671630254 75
1694443731066 0.8003650115388902 76
1694443731538 0.8004498676820759 77
1694443731982 0.8005809542566692 78
1694443732499 0.8006436951551074 79
1694443733024 0.8007539311062479 80
1694443733523 0.8007992441273039 81
1694443734001 0.8008926651594712 82
1694443734616 0.8009242304493318 83
1694443735352 0.8010040418672402 84
1694443735995 0.8010247592375562 85
1694443736567 0.8010935181623307 86
1694443737084 0.8011056792354385 87
1694443737637 0.8011654336414646 88
1694443738208 0.8011708535516099 89
1694443738758 0.8012232492773006 90
1694443739299 0.8012233681915194 91
1694443739890 0.8012697319440363 92
1694443740514 0.8012656938466635 93
1694443741141 0.8013070980315213 94
1694443741757 0.8012998122272925 95
1694443742362 0.8013371258893722 96
1694443742936 0.8013273152635417 97
1694443743493 0.8013612443251258 98
1694443744059 0.8013494833799522 99
