1694624682659 168.54379126551402 0
1694624684647 165.19807082103898 1
1694624686715 158.9929038804172 2
1694624688339 150.43513621016635 3
1694624690119 140.05082308596346 4
1694624691846 128.3590882795387 5
1694624693753 115.85140270749616 6
1694624695513 102.9760681299957 7
1694624697272 90.12770366716784 8
1694624699162 77.64057837097879 9
1694624701046 65.78615760855382 10
1694624703049 54.77317569709666 11
1694624704881 44.750334373887675 12
1694624706860 35.811316050395305 13
1694624708633 28.000366700348664 14
1694624710278 21.31903296836478 15
1694624711836 15.733863168266508 16
1694624713439 11.183159550248094 17
1694624715173 7.583956248212324 18
1694624716818 4.839138212464326 19
1694624718590 2.842756383703548 20
1694624720241 1.4853861312616363 21
1694624721980 0.6582809454777159 22
1694624723762 0.25754032922996345 23
1694624725339 0.18619706668152297 24
1694624727123 0.35641886023049335 25
1694624728789 0.6907956355804067 26
1694624730587 1.122817978754531 27
1694624732206 1.5974634289071734 28
1694624733863 2.070858271532276 29
1694624735535 2.5092512062248504 30
1694624737434 2.8883634020486557 31
1694624739116 3.192336662852208 32
1694624740740 3.4125781768365537 33
1694624742526 3.5465638740033234 34
1694624744473 3.5965147273400704 35
1694624746192 3.568573068847602 36
1694624748101 3.4715878689120636 37
1694624749834 3.316248455729493 38
1694624751446 3.1140318156817717 39
1694624753191 2.876663870571415 40
1694624754883 2.6155569534891545 41
1694624756557 2.341372878355765 42
1694624758240 2.0636439456398468 43
1694624759859 1.7906955197835248 44
1694624761552 1.529454866058678 45
1694624763378 1.2854277079222347 46
1694624764882 1.0626511516831192 47
1694624766602 0.8638397696391482 48
1694624768348 0.6905033021519515 49
1694624769974 0.5430692930597796 50
1694624771660 0.421081989350352 51
1694624773290 0.32335371041874816 52
1694624774916 0.24812849156988698 53
1694624776759 0.19321902112797404 54
1694624778529 0.1561663600599288 55
1694624780366 0.13438570756965013 56
1694624782215 0.12528619744754294 57
1694624784002 0.12632975391414186 58
1694624786149 0.1351038729971189 59
1694624787746 0.14941531561581417 60
1694624789299 0.1673229666873857 61
1694624791075 0.18712840777558526 62
1694624792470 0.20740944143559625 63
1694624793842 0.22699327782877687 64
1694624795367 0.24498480847844495 65
1694624796862 0.26073817069539534 66
1694624798475 0.2738299172848898 67
1694624800054 0.2840097549302514 68
1694624801686 0.2911970524012501 69
1694624803386 0.2954401493411833 70
1694624805125 0.2969015705508508 71
1694624806802 0.2958298839879955 72
1694624808496 0.29251583099220685 73
1694624809960 0.2872818528947592 74
1694624811562 0.2804728512401096 75
1694624813143 0.27244411833609317 76
1694624814708 0.263526683519042 77
1694624816240 0.25403431570922647 78
1694624817706 0.24422419063945683 79
1694624819286 0.23433527527806144 80
1694624821023 0.22457769708825676 81
1694624822553 0.2151448297969562 82
1694624824148 0.20616795663628168 83
1694624825711 0.19774990269879703 84
1694624827226 0.1899658366054035 85
1694624828681 0.18281747726310876 86
1694624830300 0.1763149891539323 87
1694624831759 0.17045821600771327 88
1694624833295 0.16523776230414056 89
1694624834911 0.16065732565216237 90
1694624836340 0.15666811156169108 91
1694624837850 0.15322244744371227 92
1694624839428 0.15027436165158514 93
1694624840780 0.14777995714474615 94
1694624842468 0.14564318206348958 95
1694624843898 0.1438109083367622 96
1694624845417 0.14224348657522376 97
1694624847031 0.14091233828736735 98
1694624848422 0.1398242226265959 99
