1694686514580 169.01027075332084 0
1694686515747 165.64850103521078 1
1694686516855 159.41431684915676 2
1694686518184 150.81719216284964 3
1694686519396 140.3859409274917 4
1694686520596 128.64234586951648 5
1694686521692 116.08039801898526 6
1694686522784 103.15073355518662 7
1694686523983 90.24988669743226 8
1694686525128 77.71384216099996 9
1694686526340 65.81522070089706 10
1694686527473 54.763627959002456 11
1694686528600 44.70843253909931 12
1694686529697 35.74342346770156 13
1694686530855 27.91273715053345 14
1694686532025 21.217796632055467 15
1694686533177 15.62452614911526 16
1694686534289 11.070643178939395 17
1694686535412 7.4727491451447055 18
1694686536551 4.732792214023005 19
1694686537685 2.74407730301915 20
1694686538752 1.3964549544267177 21
1694686539853 0.5807023325524368 22
1694686540915 0.19200599968688267 23
1694686542086 0.132850566140384 24
1694686543220 0.3149507420029766 25
1694686544373 0.6605905459149212 26
1694686545475 1.1031636103572533 27
1694686546604 1.5874019825792711 28
1694686547825 2.069028820782181 29
1694686548966 2.5142528468250585 30
1694686550108 2.898862408995842 31
1694686551220 3.2070516609443067 32
1694686552384 3.4303229371056316 33
1694686553529 3.5662284350577202 34
1694686554650 3.617276763702773 35
1694686555883 3.5897419097868135 36
1694686557048 3.4926210028120988 37
1694686558285 3.336615676084658 38
1694686559604 3.133360365743574 39
1694686560855 2.8947245598344327 40
1694686561975 2.632215387524852 41
1694686563052 2.3565943971782244 42
1694686564250 2.077537665219259 43
1694686565777 1.8034214058662585 44
1694686567150 1.5411938046903062 45
1694686568364 1.2963279762408888 46
1694686569530 1.0728799329781415 47
1694686570638 0.8735691232249637 48
1694686571824 0.6998979172454289 49
1694686572979 0.5522792075050922 50
1694686574086 0.43021692956435736 51
1694686575265 0.33248359860473 52
1694686576453 0.2572857754244273 53
1694686577572 0.2024218313723443 54
1694686578730 0.16540761387919883 55
1694686579893 0.14362253240270204 56
1694686580998 0.13443568788473326 57
1694686582137 0.1352970420236448 58
1694686583265 0.14380891922779554 59
1694686584450 0.1577633136748627 60
1694686585560 0.17520183027077046 61
1694686586682 0.194422137271654 62
1694686587855 0.2140054292425131 63
1694686588955 0.23281573719953394 64
1694686590126 0.24997011415888346 65
1694686591287 0.26481963968022626 66
1694686592486 0.2769460396824492 67
1694686593619 0.2861307529467242 68
1694686594777 0.2923045206849074 69
1694686596035 0.29554114095225564 70
1694686597311 0.2960164353936242 71
1694686598573 0.2939829283487492 72
1694686599815 0.28975081076697684 73
1694686600964 0.28366180724305795 74
1694686602076 0.2760691783965438 75
1694686603170 0.26732455131352056 76
1694686604285 0.2577654518175892 77
1694686605349 0.2477013394607644 78
1694686606510 0.2374114519596711 79
1694686607677 0.22714253880420077 80
1694686608822 0.21710119859956506 81
1694686609994 0.20745010245041492 82
1694686611160 0.1983188371836106 83
1694686612357 0.1898070270763114 84
1694686613612 0.1819778379517698 85
1694686614972 0.174859703919337 86
1694686616264 0.16847075159566552 87
1694686617398 0.16279079023563414 88
1694686618998 0.15779538717789443 89
1694686620291 0.15345556044879308 90
1694686621760 0.14972360651977232 91
1694686623017 0.14653893209799534 92
1694686624264 0.14385621780869368 93
1694686625461 0.14160890088024755 94
1694686626626 0.1397454087693155 95
1694686627835 0.13822294355628637 96
1694686628966 0.1369922174296409 97
1694686630294 0.13601421085180418 98
1694686631552 0.13523778804666542 99
1694686632668 0.13462699089600752 100
1694686633820 0.13415805613999582 101
1694686634918 0.1338184624307591 102
1694686636079 0.1335849996332822 103
1694686637218 0.1334444503325506 104
1694686638341 0.13337171108650642 105
1694686639494 0.13335539489032402 106
1694686640690 0.1333931648349891 107
1694686641763 0.13348748612222855 108
1694686642906 0.13362921496611474 109
1694686644025 0.13381674409353075 110
1694686645172 0.13403830559104987 111
1694686646291 0.134289589690441 112
1694686647560 0.1345777295373266 113
1694686648660 0.13490043713440306 114
1694686649786 0.13524233810325945 115
1694686650904 0.1356003951413757 116
1694686652015 0.13597755980222967 117
1694686654167 0.13637521898931484 118
1694686656202 0.1367840439102987 119
1694686657615 0.1372017920515537 120
1694686658909 0.13763108713479622 121
1694686660162 0.13805573792903336 122
1694686661318 0.1384658830918212 123
1694686662570 0.13886013740391498 124
1694686664132 0.1392430781154678 125
1694686665288 0.13961802022538156 126
1694686666466 0.1399751980955907 127
1694686667801 0.1403128734670881 128
1694686669046 0.14063502514610854 129
1694686670433 0.14092976845789215 130
1694686671945 0.1411908606203704 131
1694686673562 0.14142036703359342 132
1694686674910 0.14162613336992014 133
1694686676566 0.14181113603791595 134
1694686677747 0.14196850904706287 135
1694686679247 0.14209959338159697 136
1694686680507 0.14221150086782608 137
1694686683474 0.14229900900657366 138
1694686685281 0.14235817196048156 139
1694686686876 0.14239295560115764 140
1694686688462 0.14241320086566048 141
1694686690226 0.1424188241977601 142
1694686695850 0.14240501671894787 143
1694686697892 0.14238101055642544 144
1694686699756 0.14233999286921578 145
1694686703546 0.14228628653308079 146
1694686706025 0.14222692971771503 147
1694686708737 0.14216170644394371 148
1694686710616 0.14209631228831437 149
1694686712601 0.1420223599367 150
1694686714627 0.14193809550177383 151
1694686716941 0.14184888087606395 152
1694686719067 0.14176428137866323 153
1694686721127 0.1416821157750402 154
1694686723144 0.14160640808530064 155
1694686725369 0.14152748350251787 156
1694686727449 0.14144403024927477 157
1694686729292 0.14136153273601398 158
1694686731311 0.14128788854270527 159
1694686733346 0.14121967297114607 160
1694686735537 0.14115996417715262 161
1694686737828 0.14110079834067527 162
1694686740586 0.14104066262446427 163
1694686742574 0.1409846531993169 164
1694686744613 0.14093733653120577 165
1694686746581 0.1408948567536796 166
1694686749149 0.14086005139050792 167
1694686751335 0.14084020189768354 168
1694686753212 0.14082033433324498 169
1694686755447 0.14079346011413502 170
1694686757482 0.1407612656631 171
1694686759681 0.14073147576132194 172
1694686761815 0.14071472518771835 173
1694686763901 0.14070405984458645 174
1694686765950 0.14069988420463592 175
1694686767966 0.14069501659440856 176
1694686769935 0.1406893745969882 177
1694686771931 0.14068971859495247 178
1694686773831 0.14069580836762263 179
1694686775749 0.14069973057077534 180
1694686777597 0.14070196785232425 181
1694686779717 0.14070938818553788 182
1694686781837 0.14072137821394107 183
1694686783989 0.14073054125506157 184
1694686786017 0.14073768664302863 185
1694686787849 0.14074882005961367 186
1694686789751 0.1407631965747892 187
1694686791700 0.14077467010076297 188
1694686793637 0.14079049759740123 189
1694686795883 0.14080133472894626 190
1694686798300 0.1408090380345379 191
1694686800921 0.14082056408419624 192
1694686802986 0.14083447840928792 193
1694686805187 0.1408551069276628 194
1694686807774 0.1408698976953507 195
1694686809967 0.14087555541097532 196
1694686812384 0.14087621862403976 197
1694686814647 0.14088098148265565 198
1694686816951 0.14089143853548938 199
1694686818991 0.14089925279291796 200
1694686821088 0.14090440073062876 201
1694686822993 0.14091271747019338 202
1694686824900 0.14093366792469728 203
1694686827057 0.14095233913991956 204
1694686829555 0.14095885088446722 205
1694686831822 0.1409529474025443 206
1694686833951 0.14094126547252328 207
1694686835786 0.14093483495223952 208
1694686837409 0.1409379987266887 209
1694686839040 0.14094018825762736 210
1694686840916 0.140939691412364 211
1694686842904 0.1409411713902022 212
1694686844983 0.14095339028515838 213
1694686846876 0.14096389202089632 214
