1694627603840 169.64084248330963 0
1694627605295 154.9958776924475 1
1694627607145 131.76920240302323 2
1694627608680 107.40865062907419 3
1694627609899 87.98764261532673 4
1694627611444 76.41693204590716 5
1694627612814 72.15914529429192 6
1694627614196 72.24428780349848 7
1694627615559 72.94587110741531 8
1694627616833 71.3623723555292 9
1694627618161 66.33733077642661 10
1694627619833 58.51373634252736 11
1694627621227 49.68476343481765 12
1694627622643 41.835120470620886 13
1694627624328 36.30444947428232 14
1694627625845 33.37073168667055 15
1694627627414 32.33153522091376 16
1694627628803 31.954549609746582 17
1694627630326 31.051865371205604 18
1694627631863 28.932012278733772 19
1694627633197 25.577549314333034 20
1694627634647 21.530187198974428 21
1694627636285 17.581146932112155 22
1694627637937 14.421080670294096 23
1694627639479 12.39095555352996 24
1694627640822 11.410798666945919 25
1694627642437 11.081316227320285 26
1694627644117 10.888513728892987 27
1694627645563 10.415050488442498 28
1694627647095 9.477042390524957 29
1694627648515 8.148046700889187 30
1694627649982 6.68155760671389 31
1694627651550 5.379554023079554 32
1694627652910 4.466282804708354 33
1694627654390 4.013693410230353 34
1694627655905 3.937093674789787 35
1694627657257 4.049934748913414 36
1694627658665 4.146623584928584 37
1694627660291 4.077597333736521 38
1694627661678 3.7904419064723536 39
1694627663158 3.328348850087942 40
1694627664518 2.7946310021761307 41
1694627666019 2.3028691612108383 42
1694627667586 1.933748557426361 43
1694627668801 1.7130144183042755 44
1694627670129 1.6142781188495499 45
1694627671502 1.5804298889239161 46
1694627672862 1.551752954933894 47
1694627674097 1.4887625898503487 48
1694627675498 1.382238214415747 49
1694627676725 1.2493132386955348 50
1694627678597 1.1200356070894868 51
1694627680074 1.0215779260320217 52
1694627681433 0.9667546544647929 53
1694627682987 0.9505342749611054 54
1694627684700 0.9544231320307265 55
1694627686225 0.9555621538710838 56
1694627687751 0.9361306214930637 57
1694627689165 0.8893314025840152 58
1694627690699 0.8202181384308417 59
1694627692116 0.7419149747022695 60
1694627693515 0.6694436906747265 61
1694627694925 0.613893022158919 62
1694627696502 0.5790530518929116 63
1694627697900 0.5613331175040702 64
1694627699777 0.5524049245933489 65
1694627701235 0.5430961125907607 66
1694627702685 0.5268636474593671 67
1694627704251 0.5016415686042099 68
1694627705738 0.46968665836132717 69
1694627707215 0.43586013238077437 70
1694627708676 0.4052813870140613 71
1694627710100 0.38134461690984134 72
1694627711562 0.36476413860562856 73
1694627712942 0.35380319610677596 74
1694627714400 0.3453704445129614 75
1694627715858 0.33640639265643146 76
1694627717198 0.3249866586046432 77
1694627718656 0.310786799633744 78
1694627720103 0.2948617987788474 79
1694627721554 0.27895888620467235 80
1694627723109 0.2647138842866589 81
1694627724529 0.25305541223613853 82
1694627725970 0.24399850751747618 83
1694627727489 0.23682615012314245 84
1694627728830 0.230510769623915 85
1694627730063 0.22416626013215227 86
1694627731564 0.21735109401753314 87
1694627732841 0.21013558726140202 88
1694627734216 0.20295399484400978 89
1694627735609 0.1963410082988723 90
1694627737011 0.1906778289091604 91
1694627738459 0.1860456928806814 92
1694627740079 0.18222497370617793 93
1694627741554 0.17881470864076335 94
1694627743100 0.17540541249945657 95
1694627744760 0.17172942114073464 96
1694627746208 0.16773488170545892 97
1694627747908 0.16356796125879777 98
1694627749310 0.15948525552498663 99
