1694718387955 0.10573460834912199 0
1694718390387 0.058237381823511826 1
1694718392595 0.1574943056844657 2
1694718394995 0.020393317098330463 3
1694718397247 0.010734043024489362 4
1694718399503 0.24508083750289075 5
1694718401968 0.32610686965796293 6
1694718404408 0.03688505874355877 7
1694718407055 0.01070596330108185 8
1694718409550 0.0040958016365968165 9
1694718411895 0.08634863610203097 10
1694718414579 0.003579679650012126 11
1694718417084 0.021944060440684 12
1694718419422 0.37252675462118323 13
1694718421851 0.015230390766770772 14
1694718424431 0.21757889244166473 15
1694718426656 0.3599168086277695 16
1694718428890 0.037228584629737715 17
1694718431222 0.060747070633586184 18
1694718433581 0.15512280158576094 19
1694718435765 0.06348562883329796 20
1694718438172 0.03161658315007327 21
1694718440276 0.08075932054499259 22
1694718442683 0.06317776559864015 23
1694718444722 0.012549985301811183 24
1694718447054 0.021684324031167143 25
1694718449317 0.07929949796226046 26
1694718451584 0.03162794772663057 27
1694718454251 0.1263326166240502 28
1694718456369 0.07930453389878639 29
1694718458717 0.047369186089202535 30
1694718462310 0.15750327208373452 31
1694718465335 0.020432286580144423 32
1694718468069 0.002703663491664206 33
1694718470529 0.0699867351033204 34
1694718472682 0.04947096655071141 35
1694718474883 0.12892303802685331 36
1694718476729 0.11519059461952572 37
1694718478877 0.0026018763123147786 38
1694718480845 0.044139218907801175 39
1694718482975 0.1429488734066368 40
1694718484992 0.09657876273673466 41
1694718487020 0.006748407766918282 42
1694718488909 0.12855840053672582 43
1694718490792 0.07347552295321964 44
1694718492816 0.037474920265174044 45
1694718494654 0.002101204490276333 46
1694718496556 0.016570670927096045 47
1694718498536 0.14722056114479043 48
1694718500515 8.632365006100434e-06 49
1694718502700 0.19373111182419372 50
1694718504378 0.11894983298562607 51
1694718506258 0.007634420112019931 52
1694718508093 0.3825140008281207 53
1694718509918 0.007030465047653878 54
1694718511568 0.32957759444845025 55
1694718513445 0.18077341812059128 56
1694718515940 0.04922958176389773 57
1694718518571 7.660846451590898e-06 58
1694718520592 0.0053634200680339915 59
1694718522818 0.2594997716758222 60
1694718524896 0.9794133596114036 61
1694718527083 0.0019016129529677136 62
1694718529323 0.09813887583775827 63
1694718531556 0.03754094544011972 64
1694718534129 0.017993041723826562 65
1694718536797 0.13181174448889046 66
1694718539414 0.6642298070580134 67
1694718542076 0.19551585089438597 68
1694718544430 0.0024911932652322156 69
1694718546719 0.09465292077522876 70
1694718549256 0.09799809045097423 71
1694718551926 0.008675306690031036 72
1694718554268 0.004875046581368547 73
1694718556212 0.0012139112736505636 74
1694718558647 0.06015079564377399 75
1694718560647 0.0008679387921471369 76
1694718562820 0.014781283004343277 77
1694718564725 0.22433484609721555 78
1694718566921 0.005846113349735194 79
1694718568863 0.34267017594053023 80
1694718571073 0.08768861817284335 81
1694718573025 0.22850440537190378 82
1694718575138 0.03086683419872712 83
1694718577148 0.01707485761223295 84
1694718579153 0.4172221311321909 85
1694718581122 0.022941818858462148 86
1694718583235 0.06307943044348713 87
1694718585209 0.287089577137359 88
1694718587299 0.02850146345907725 89
1694718589496 0.04363818056561078 90
1694718591579 0.6416637608089936 91
1694718593697 0.5502331238368906 92
1694718596139 0.002562544199615753 93
1694718598411 0.0033454257979045 94
1694718600389 0.005674634819678386 95
1694718603316 0.06738758776071459 96
1694718605591 0.01134584947334587 97
1694718607780 0.10913386467812816 98
1694718609967 0.002680763037152764 99
