1694338831159 -238.94545036909616 0
1694338831575 -193.37560334368368 1
1694338831999 -156.7909276632175 2
1694338832530 -127.12637632080751 3
1694338832994 -103.07107482719282 4
1694338833411 -83.56088409392136 5
1694338833779 -67.7357101547388 6
1694338834160 -54.896566778703416 7
1694338834567 -44.47910017880243 8
1694338834999 -36.0240425304989 9
1694338835416 -29.161064698153176 10
1694338835822 -23.58830476701484 11
1694338836268 -19.062725956851367 12
1694338836668 -15.385850148464748 13
1694338837097 -12.398151693351513 14
1694338837522 -9.969589202015051 15
1694338837917 -7.993806323492709 16
1694338838316 -6.38699284516298 17
1694338838700 -5.078502616851113 18
1694338839094 -4.013392280012433 19
1694338839524 -3.1450366373505165 20
1694338839970 -2.437406802788661 21
1694338840472 -1.8597052592193744 22
1694338840912 -1.3882941414794145 23
1694338841341 -1.0028139920013261 24
1694338841735 -0.6877428376262531 25
1694338842137 -0.4296118403588385 26
1694338842595 -0.21821383456184207 27
1694338843010 -0.04499731980502952 28
1694338843442 0.09792100029308337 29
1694338843888 0.2149408182837772 30
1694338844482 0.311805315417201 31
1694338844927 0.39131515597482003 32
1694338845330 0.4573720331739457 33
1694338845719 0.5117532827456918 34
1694338846113 0.5571185616300222 35
1694338846506 0.5945928851895941 36
1694338846927 0.625995163151168 37
1694338847334 0.6520364712930607 38
1694338847755 0.6739644059316051 39
1694338848151 0.6922287208332697 40
1694338848561 0.7076872069604718 41
1694338849012 0.7206255869095449 42
1694338849441 0.7316345771168844 43
1694338849845 0.7408975697212252 44
1694338850237 0.748821535046184 45
1694338850668 0.755526419931366 46
1694338851045 0.7612922787065847 47
1694338851453 0.7661999326504313 48
1694338851841 0.7704414660742709 49
1694338852269 0.7740736430595868 50
1694338852722 0.7772274051175028 51
1694338853153 0.7799446880800954 52
1694338853588 0.7823138692947218 53
1694338854007 0.7843676281081838 54
1694338854401 0.7861647144455576 55
1694338854792 0.7877318548806549 56
1694338855195 0.7891072290917786 57
1694338855613 0.7903135256626442 58
1694338856025 0.7913747281575949 59
1694338856461 0.7923105653398904 60
1694338856909 0.7931353319490694 61
1694338857297 0.7938663822895013 62
1694338857678 0.7945115223762172 63
1694338858085 0.79508603608257 64
1694338858440 0.7955935195323246 65
1694338858866 0.7960473369063997 66
1694338859253 0.796448499752764 67
1694338859651 0.7968085258909802 68
1694338860085 0.7971270010653476 69
1694338860625 0.7974136362737636 70
1694338861151 0.7976674151493521 71
1694338861585 0.7978962715536019 72
1694338861977 0.7980991687115611 73
1694338862378 0.7982822953399582 74
1694338862745 0.7984450003639139 75
1694338863149 0.7985917669536613 76
1694338863628 0.798722607943997 77
1694338864054 0.7988403496229988 78
1694338864458 0.7989458535525394 79
1694338864910 0.7990403463126553 80
1694338865264 0.7991256547500246 81
1694338865648 0.7992014699265637 82
1694338866074 0.7992706506919767 83
1694338866457 0.7993314219803833 84
1694338866814 0.7993877051000059 85
1694338867207 0.7994363316456524 86
1694338867601 0.799482289632346 87
1694338868054 0.7995210918793441 88
1694338868532 0.7995587786261633 89
1694338868974 0.799589618880153 90
1694338869363 0.7996206774670981 91
1694338869741 0.7996450538313988 92
1694338870101 0.7996708007537667 93
1694338870525 0.7996899207808672 94
1694338871037 0.7997114121324064 95
1694338871474 0.7997262508867153 96
1694338871898 0.7997443346190932 97
1694338872335 0.7997556806651374 98
1694338872803 0.799771038025294 99
1694338873352 0.7997795299978557 100
1694338873821 0.7997927084998313 101
1694338874257 0.7997988642830763 102
1694338874704 0.7998103040207845 103
1694338875105 0.7998145440964318 104
1694338875575 0.7998245987932702 105
1694338876003 0.7998272649677209 106
1694338876374 0.7998362188493835 107
1694338876782 0.7998375893045836 108
1694338877182 0.7998456706458326 109
1694338877540 0.7998459720559914 110
1694338877910 0.799853364071284 111
1694338878325 0.7998527813713814 112
1694338878725 0.7998596309792736 113
1694338879148 0.7998583152500093 114
1694338879561 0.7998647401321992 115
1694338880004 0.799862814971209 116
1694338880548 0.7998689092615856 117
1694338881058 0.7998664759362192 118
1694338881518 0.7998723148078875 119
1694338881996 0.7998694564259252 120
1694338882441 0.7998750997908329 121
1694338882820 0.7998718846787861 122
1694338883247 0.7998773801721746 123
1694338883718 0.7998738646135825 124
1694338884133 0.7998792500016789 125
1694338884563 0.7998754804580905 126
1694338884985 0.799880785580432 127
1694338885380 0.7998768004939436 128
1694338885781 0.7998820488300633 129
1694338886176 0.7998778800871893 130
1694338886560 0.7998830900200158 131
1694338886935 0.7998787641412947 132
1694338887326 0.7998839499756316 133
1694338887732 0.7998794890830251 134
1694338888150 0.7998846618662375 135
1694338888568 0.7998800844704017 136
1694338888978 0.7998852526533523 137
1694338889396 0.7998805742948316 138
1694338889797 0.7998857442638149 139
1694338890300 0.7998809780357112 140
1694338890727 0.7998861545402206 141
1694338891112 0.7998813115146544 142
1694338891519 0.7998864980110554 143
1694338891930 0.7998815875874898 144
1694338892303 0.7998867865148229 145
1694338892749 0.7998818167048993 146
1694338893139 0.7998870297059277 147
1694338893555 0.7998820073666781 148
1694338893969 0.7998872354647765 149
1694338894340 0.799882166489845 150
1694338894732 0.7998874102302931 151
1694338895143 0.7998822997069707 152
1694338895521 0.7998875592695788 153
1694338895928 0.7998824116079859 154
1694338896326 0.799887686896638 155
1694338896716 0.7998825059361999 156
1694338897132 0.7998877966498361 157
1694338897571 0.799882585747225 158
1694338897978 0.7998878914359074 159
1694338898400 0.7998826535378446 160
1694338898778 0.7998879736468566 161
1694338899163 0.7998827113505304 162
1694338899610 0.7998880452548793 163
1694338900031 0.7998827608582254 164
1694338900496 0.7998881078894717 165
1694338900916 0.7998828034331331 166
1694338901329 0.7998881629000837 167
1694338901725 0.7998828402025431 168
1694338902145 0.799888211407063 169
1694338902550 0.7998828720941538 170
1694338903003 0.7998882543430872 171
1694338903405 0.799882899872871 172
1694338903834 0.7998882924868882 173
1694338904377 0.7998829241707055 174
1694338904799 0.7998883264907145 175
1694338905225 0.7998829455110661 176
1694338905622 0.799888356902714 177
1694338905991 0.7998829643285115 178
1694338906383 0.7998883841851909 179
1694338906786 0.7998829809848171 180
1694338907221 0.7998884087295107 181
1694338907651 0.7998829957820524 182
1694338908061 0.7998884308682793 183
1694338908442 0.7998830089732303 184
1694338908841 0.7998884508853101 185
1694338909244 0.7998830207709875 186
1694338909659 0.7998884690237894 187
1694338910086 0.7998830313546629 188
1694338910529 0.799888485492972 189
1694338910933 0.7998830408760795 190
1694338911361 0.7998885004736882 191
1694338911800 0.799883049464269 192
1694338912226 0.7998885141228731 193
1694338912643 0.7998830572293355 194
1694338913083 0.7998885265773039 195
1694338913542 0.7998830642656234 196
1694338913999 0.7998885379566879 197
1694338914493 0.7998830706543144 198
1694338914966 0.7998885483662208 199
1694338915408 0.7998830764655629 200
1694338915883 0.7998885578987127 201
1694338916380 0.7998830817602536 202
1694338916873 0.7998885666363574 203
1694338917329 0.7998830865914511 204
1694338917800 0.7998885746522114 205
1694338918253 0.7998830910055972 206
1694338918718 0.7998885820114313 207
1694338919173 0.7998830950435037 208
1694338919583 0.7998885887723183 209
1694338920117 0.7998830987411782 210
1694338920609 0.7998885949871936 211
1694338921109 0.7998831021305088 212
1694338921551 0.7998886007031458 213
1694338921940 0.7998831052398376 214
1694338922339 0.7998886059626633 215
1694338922692 0.7998831080944439 216
1694338923104 0.7998886108041741 217
1694338923582 0.7998831107169451 218
1694338924023 0.7998886152625097 219
1694338924436 0.7998831131276392 220
1694338924868 0.7998886193693041 221
1694338925242 0.7998831153447948 222
1694338925628 0.7998886231533404 223
1694338926039 0.799883117384895 224
1694338926454 0.7998886266408467 225
1694338926828 0.7998831192628472 226
1694338927232 0.7998886298557616 227
1694338927670 0.7998831209921639 228
1694338928105 0.7998886328199595 229
1694338928558 0.7998831225851174 230
1694338929005 0.7998886355534551 231
1694338929408 0.7998831240528734 232
1694338929794 0.7998886380745782 233
1694338930185 0.7998831254056057 234
1694338930608 0.799888640400132 235
1694338931025 0.7998831266526016 236
1694338931441 0.7998886425455345 237
1694338931856 0.7998831278023463 238
1694338932270 0.7998886445249411 239
1694338932702 0.7998831288626044 240
1694338933157 0.7998886463513571 241
1694338933591 0.799883129840485 242
1694338933985 0.7998886480367393 243
1694338934345 0.7998831307425078 244
1694338934743 0.7998886495920844 245
1694338935155 0.7998831315746523 246
1694338935555 0.7998886510275125 247
1694338935980 0.7998831323424094 248
1694338936417 0.7998886523523386 249
1694338936879 0.7998831330508247 250
1694338937309 0.7998886535751422 251
1694338937695 0.7998831337045358 252
1694338938068 0.7998886547038255 253
1694338938474 0.7998831343078079 254
1694338938853 0.7998886557456708 255
1694338939245 0.7998831348645673 256
1694338939657 0.7998886567073891 257
1694338940038 0.7998831353784263 258
1694338940516 0.7998886575951676 259
1694338940995 0.7998831358527136 260
1694338941396 0.7998886584147107 261
1694338941826 0.7998831362904936 262
1694338942253 0.7998886591712797 263
1694338942691 0.7998831366945921 264
1694338943188 0.7998886598697259 265
1694338943694 0.7998831370676106 266
1694338944130 0.7998886605145257 267
1694338944563 0.7998831374119508 268
1694338945030 0.7998886611098082 269
1694338945452 0.7998831377298243 270
1694338945846 0.799888661659383 271
1694338946278 0.7998831380232717 272
1694338946717 0.7998886621667648 273
1694338947128 0.7998831382941756 274
1694338947518 0.799888662635198 275
1694338948001 0.7998831385442708 276
1694338948465 0.7998886630676758 277
1694338948886 0.7998831387751599 278
1694338949321 0.7998886634669613 279
1694338949770 0.7998831389883203 280
1694338950183 0.7998886638356045 281
1694338950647 0.799883139185116 282
1694338951059 0.7998886641759593 283
1694338951528 0.7998831393668051 284
1694338951938 0.7998886644901975 285
1694338952373 0.7998831395345478 286
1694338952828 0.7998886647803242 287
1694338953241 0.7998831396894162 288
1694338953624 0.7998886650481911 289
1694338954023 0.7998831398323996 290
1694338954386 0.7998886652955066 291
1694338954786 0.7998831399644111 292
1694338955217 0.799888665523849 293
1694338955623 0.7998831400862929 294
1694338956017 0.7998886657346735 295
1694338956430 0.7998831401988227 296
1694338956846 0.7998886659293245 297
1694338957352 0.7998831403027189 298
1694338957801 0.7998886661090436 299
1694338958205 0.7998831403986438 300
1694338958626 0.7998886662749761 301
1694338959020 0.7998831404872094 302
1694338959440 0.7998886664281802 303
1694338959903 0.7998831405689802 304
1694338960322 0.799888666569632 305
1694338960820 0.7998831406444786 306
1694338961217 0.7998886667002336 307
1694338961599 0.7998831407141845 308
1694338962013 0.7998886668208169 309
1694338962457 0.7998831407785436 310
1694338962825 0.799888666932151 311
1694338963223 0.7998831408379656 312
1694338963664 0.7998886670349452 313
1694338964163 0.7998831408928293 314
1694338964646 0.7998886671298547 315
1694338965083 0.7998831409434844 316
1694338965505 0.7998886672174844 317
1694338965854 0.7998831409902545 318
1694338966233 0.799888667298393 319
1694338966677 0.7998831410334369 320
1694338967085 0.7998886673730956 321
1694338967513 0.7998831410733074 322
1694338967913 0.7998886674420685 323
1694338968388 0.7998831411101192 324
1694338968806 0.7998886675057507 325
1694338969230 0.799883141144107 326
1694338969611 0.7998886675645486 327
1694338969979 0.7998831411754888 328
1694338970387 0.7998886676188368 329
1694338970803 0.7998831412044632 330
1694338971213 0.7998886676689609 331
1694338971639 0.7998831412312151 332
1694338972075 0.7998886677152407 333
1694338972518 0.7998831412559149 334
1694338972916 0.7998886677579706 335
1694338973304 0.7998831412787204 336
1694338973756 0.7998886677974233 337
1694338974151 0.799883141299777 338
1694338974565 0.7998886678338498 339
1694338974961 0.7998831413192179 340
1694338975370 0.7998886678674824 341
1694338975816 0.7998831413371679 342
1694338976201 0.7998886678985353 343
1694338976668 0.7998831413537411 344
1694338977087 0.7998886679272066 345
1694338977478 0.7998831413690436 346
1694338977902 0.7998886679536791 347
1694338978288 0.799883141383172 348
1694338978684 0.7998886679781211 349
1694338979139 0.7998831413962171 350
1694338979539 0.7998886680006881 351
1694338979954 0.7998831414082612 352
1694338980401 0.7998886680215245 353
1694338980924 0.7998831414193818 354
1694338981400 0.7998886680407625 355
1694338981794 0.7998831414296496 356
1694338982171 0.7998886680585252 357
1694338982555 0.7998831414391294 358
1694338982927 0.7998886680749255 359
1694338983321 0.7998831414478824 360
1694338983810 0.7998886680900679 361
1694338984235 0.7998831414559643 362
1694338984641 0.7998886681040488 363
1694338985059 0.7998831414634255 364
1694338985401 0.7998886681169572 365
1694338985767 0.7998831414703147 366
1694338986187 0.7998886681288756 367
1694338986579 0.7998831414766756 368
1694338986940 0.7998886681398798 369
1694338987342 0.7998831414825489 370
1694338987839 0.7998886681500407 371
1694338988342 0.7998831414879719 372
1694338988791 0.799888668159422 373
1694338989205 0.799883141492979 374
1694338989575 0.7998886681680837 375
1694338989934 0.7998831414976016 376
1694338990306 0.7998886681760808 377
1694338990738 0.7998831415018698 378
1694338991149 0.7998886681834645 379
1694338991575 0.7998831415058106 380
1694338991952 0.7998886681902824 381
1694338992349 0.7998831415094496 382
1694338992801 0.7998886681965773 383
1694338993218 0.7998831415128091 384
1694338993659 0.7998886682023889 385
1694338994037 0.7998831415159109 386
1694338994397 0.7998886682077551 387
1694338994796 0.7998831415187749 388
1694338995187 0.7998886682127099 389
1694338995569 0.7998831415214191 390
1694338995987 0.799888668217284 391
1694338996385 0.7998831415238605 392
1694338996791 0.799888668221508 393
1694338997186 0.7998831415261148 394
1694338997554 0.7998886682254077 395
1694338997983 0.799883141528196 396
1694338998386 0.7998886682290081 397
1694338998758 0.7998831415301177 398
1694338999110 0.7998886682323326 399
1694338999509 0.7998831415318921 400
1694338999879 0.7998886682354022 401
1694339000289 0.7998831415335306 402
1694339000786 0.7998886682382365 403
1694339001220 0.7998831415350429 404
1694339001608 0.7998886682408528 405
1694339001962 0.7998831415364395 406
1694339002343 0.7998886682432687 407
1694339002767 0.7998831415377289 408
1694339003245 0.7998886682454993 409
1694339003685 0.7998831415389189 410
1694339004167 0.7998886682475586 411
1694339004580 0.7998831415400178 412
1694339005022 0.79988866824946 413
1694339005435 0.799883141541033 414
1694339005822 0.7998886682512157 415
1694339006187 0.7998831415419696 416
1694339006558 0.7998886682528369 417
1694339006929 0.7998831415428352 418
1694339007346 0.7998886682543337 419
1694339007781 0.7998831415436342 420
1694339008198 0.7998886682557157 421
1694339008604 0.7998831415443713 422
1694339009000 0.7998886682569915 423
1694339009358 0.7998831415450522 424
1694339009739 0.7998886682581698 425
1694339010137 0.7998831415456815 426
1694339010585 0.7998886682592576 427
1694339010986 0.7998831415462617 428
1694339011392 0.7998886682602616 429
1694339011799 0.7998831415467978 430
1694339012238 0.7998886682611892 431
1694339012699 0.7998831415472927 432
1694339013133 0.7998886682620454 433
1694339013621 0.7998831415477496 434
1694339014052 0.7998886682628361 435
1694339014422 0.7998831415481719 436
1694339014817 0.799888668263566 437
1694339015239 0.7998831415485612 438
1694339015607 0.7998886682642399 439
1694339016030 0.799883141548921 440
1694339016471 0.7998886682648622 441
1694339016884 0.7998831415492532 442
1694339017292 0.7998886682654367 443
1694339017687 0.7998831415495596 444
1694339018096 0.7998886682659667 445
1694339018546 0.7998831415498425 446
1694339018996 0.7998886682664564 447
1694339019371 0.7998831415501042 448
1694339019802 0.799888668266909 449
1694339020238 0.7998831415503453 450
1694339020705 0.7998886682673263 451
1694339021094 0.7998831415505685 452
1694339021490 0.7998886682677122 453
1694339021888 0.7998831415507746 454
1694339022293 0.7998886682680683 455
1694339022665 0.7998831415509644 456
1694339023078 0.7998886682683966 457
1694339023492 0.7998831415511394 458
1694339023959 0.7998886682686999 459
1694339024470 0.7998831415513012 460
1694339024911 0.7998886682689801 461
1694339025323 0.7998831415514511 462
1694339025713 0.7998886682692387 463
1694339026074 0.7998831415515892 464
1694339026500 0.7998886682694777 465
1694339026925 0.7998831415517164 466
1694339027372 0.7998886682696978 467
1694339027813 0.7998831415518338 468
1694339028268 0.7998886682699011 469
1694339028780 0.7998831415519423 470
1694339029246 0.7998886682700888 471
1694339029708 0.7998831415520429 472
1694339030115 0.7998886682702626 473
1694339030554 0.7998831415521352 474
1694339031042 0.7998886682704233 475
1694339031504 0.7998831415522212 476
1694339031970 0.7998886682705711 477
1694339032455 0.7998831415523 478
1694339032890 0.7998886682707076 479
1694339033309 0.799883141552373 480
1694339033740 0.7998886682708336 481
1694339034170 0.79988314155244 482
1694339034552 0.7998886682709501 483
1694339034911 0.7998831415525025 484
1694339035294 0.7998886682710576 485
1694339035677 0.7998831415525596 486
1694339036046 0.7998886682711568 487
1694339036470 0.7998831415526128 488
1694339036907 0.7998886682712486 489
1694339037307 0.7998831415526616 490
1694339037683 0.7998886682713332 491
1694339038070 0.7998831415527068 492
1694339038449 0.7998886682714116 493
1694339038889 0.7998831415527484 494
1694339039273 0.7998886682714834 495
1694339039665 0.7998831415527868 496
1694339040089 0.79988866827155 497
1694339040523 0.7998831415528227 498
1694339041018 0.7998886682716118 499
