1694746109289 0.16315305878467218 0
1694746110882 0.13138156078580795 1
1694746112510 0.09388633241471438 2
1694746114078 0.23566807504124174 3
1694746115690 0.582896260224106 4
1694746117152 0.002353462957438523 5
1694746118682 0.05365504821993173 6
1694746120197 0.026818850945477698 7
1694746121806 0.013571921930740105 8
1694746123447 0.08113138189917964 9
1694746124977 0.1582562749298381 10
1694746126531 0.16425016945059628 11
1694746128142 0.0027593292823359836 12
1694746129813 0.047577466166413854 13
1694746131402 0.09395563803244282 14
1694746133055 0.002914076776996213 15
1694746134713 0.009059558851128502 16
1694746136327 0.331129809274781 17
1694746138019 0.1820615085908689 18
1694746139696 0.024745469551186592 19
1694746141266 0.00032275862849350114 20
1694746142930 0.12073648002957335 21
1694746144537 0.2776233375920062 22
1694746146180 0.007703963454479575 23
1694746147685 0.5008980250199145 24
1694746149188 4.28240954902794e-05 25
1694746150728 1.477948559484681e-07 26
1694746152338 0.009516506391689983 27
1694746154071 0.002191273761268207 28
1694746155678 0.056036524175621195 29
1694746157352 0.0005866039062117367 30
1694746158912 0.22855874057669692 31
1694746160490 0.0006188666234367239 32
1694746162125 8.786869807774037e-07 33
1694746163834 0.39477184297313334 34
1694746165408 0.01671108525775283 35
1694746167542 0.00389819566214247 36
1694746169304 0.03616212774261632 37
1694746170651 0.010124567178179325 38
1694746172125 0.5582284562285978 39
1694746174142 0.5546610875769905 40
1694746175999 0.1501675184178007 41
1694746177858 0.017773059813086443 42
1694746179430 0.00010900871367980622 43
1694746181319 0.2813877191403194 44
1694746183214 0.007270242961297214 45
1694746184793 0.024756317737118998 46
1694746186285 0.025737458100516652 47
1694746187905 0.0010721803507522647 48
1694746189546 0.005694068912722343 49
1694746191367 0.015477137304397565 50
1694746192906 0.008376045741423324 51
1694746194412 0.03609190215634735 52
1694746195919 0.0009115290568382052 53
1694746197475 0.003915839879125428 54
1694746198722 0.02128144480454631 55
1694746200075 0.00968886766360307 56
1694746201327 0.023886292094097903 57
1694746202922 0.17313549276245935 58
1694746204665 0.13121715128317757 59
1694746206764 0.0002086818496887063 60
1694746208832 0.024347735594049222 61
1694746210638 0.02038537058373923 62
1694746212214 0.02615731840893406 63
1694746213848 0.07521226159799137 64
1694746215367 0.14038334916886724 65
1694746216741 0.003603429331044879 66
1694746218362 0.15435346915107195 67
1694746219950 0.0027859093573344425 68
1694746221632 0.0937389328798419 69
1694746223309 0.012150115321619716 70
1694746224998 0.05293542752551734 71
1694746227441 0.011259061537679754 72
1694746231819 0.01970175723286328 73
1694746233845 0.0021321259606256887 74
1694746235831 0.036299754657887005 75
1694746238321 0.7778567155175967 76
1694746240351 0.3385721073865543 77
1694746242037 0.0007078662429609599 78
1694746243870 0.06595608789754068 79
1694746245686 0.06190366547138339 80
1694746247385 0.0006023185646578107 81
1694746249323 0.017029616039288913 82
1694746251774 0.12521345483388932 83
1694746253580 0.004870173379232393 84
1694746255223 0.009518387936628257 85
1694746256826 0.004364985462622022 86
1694746258469 0.1590935576436596 87
1694746260145 0.005776823784803536 88
1694746261716 0.00044970150336345427 89
1694746263310 0.013484655462306504 90
1694746264990 0.07367476070229999 91
1694746266598 0.007562953608331961 92
1694746268089 0.05450419927978291 93
1694746269645 3.693524943357347e-06 94
1694746271633 0.024239444515543232 95
1694746273204 0.027634931621175213 96
1694746275288 0.11381617045949312 97
1694746277355 0.14172216154667702 98
1694746279274 0.002221062124206887 99
