1694720253771 0.23315818338024785 0
1694720256634 0.13850380901676024 1
1694720258868 0.0020494996338103325 2
1694720260975 0.129133378174141 3
1694720263082 0.03207117092897486 4
1694720265111 0.03955693582183364 5
1694720267402 0.002815869401012089 6
1694720269465 0.0037940603959670848 7
1694720271498 0.000578732313278391 8
1694720273384 0.38824547441796714 9
1694720275814 0.04334586912655598 10
1694720278029 0.029022473217796524 11
1694720280660 0.002147213735985852 12
1694720283182 0.04741926123237917 13
1694720285080 0.02408669020726148 14
1694720287157 0.6848416403516728 15
1694720289939 0.0810721057606557 16
1694720291949 0.01512630612350251 17
1694720294025 0.015538727275408653 18
1694720296107 0.04797029723260308 19
1694720299020 0.014295499645938962 20
1694720301056 0.027485839063446312 21
1694720303208 0.05703166186687829 22
1694720305208 6.577302261901562e-07 23
1694720307950 0.0051125054455633 24
1694720310288 0.0016521099881423576 25
1694720312254 0.06945496131029755 26
1694720314478 0.003778405049728276 27
1694720317380 0.007242786636228582 28
1694720319773 0.09996595207016647 29
1694720322378 0.078335052379991 30
1694720324800 0.030501357369806015 31
1694720328154 0.12651680712284327 32
1694720330715 0.04586449050676847 33
1694720332747 0.09191703552460662 34
1694720337150 0.05960414576763809 35
1694720339637 0.6528804987956472 36
1694720341888 0.033443774870489947 37
1694720345262 0.019384143296085028 38
1694720348708 0.010734726880949692 39
1694720351215 0.3626988417741962 40
1694720353435 0.002682964551019856 41
1694720356007 0.02926203364024205 42
1694720358444 0.030943936250676648 43
1694720360528 0.08439977676264047 44
1694720362837 0.08068748748314246 45
1694720365644 0.02488517356160078 46
1694720367834 0.01908460242669789 47
1694720370128 0.027170216390231018 48
1694720372972 0.3649332457887182 49
1694720375491 0.07475410224460671 50
1694720377713 0.1835065419097347 51
1694720379951 0.0008094050414631361 52
1694720383500 6.551898719556492e-05 53
1694720385792 0.185715413768248 54
1694720388166 0.02881453220463424 55
1694720391451 0.004033502015828252 56
1694720393560 0.0006589908587646661 57
1694720397179 0.03724025517815434 58
1694720399589 0.4451003573871189 59
1694720401856 0.262707701716771 60
1694720404319 0.06582322745450139 61
1694720406741 0.02508714653636333 62
1694720408741 0.12303264629582525 63
1694720411067 0.005468043371444969 64
1694720413083 0.009555725100104256 65
1694720415335 0.08862153963078309 66
1694720417456 0.047143670637662 67
1694720420221 0.00031698720949694965 68
1694720422477 0.060460233932059994 69
1694720424539 0.013272351764328463 70
1694720427351 0.10332096468816553 71
1694720429572 0.09048458729376174 72
1694720431812 3.4909040494188556e-05 73
1694720433980 0.21378688992319975 74
1694720436655 0.06358686314715291 75
1694720439161 0.0009231346610422637 76
1694720441564 0.16707395889659682 77
1694720443981 0.02306873522826034 78
1694720446917 0.0006721535109355407 79
1694720449087 0.0022195670449934837 80
1694720451555 0.01691284793757212 81
1694720453995 0.007759942371053618 82
1694720456782 0.0030845013570274154 83
1694720459060 0.026538918768897593 84
1694720461149 0.06242639632862797 85
1694720463574 0.5975686278836313 86
1694720465655 0.03775759040599497 87
1694720467825 0.08645585754275273 88
1694720469952 0.36669294696227683 89
1694720472366 0.08838245706544567 90
1694720474643 0.02896414834473349 91
1694720476564 0.012387344458457192 92
1694720479064 0.06029274688246135 93
1694720481206 0.039708042477483885 94
1694720483454 0.05283403807562711 95
1694720485550 0.08468694974411844 96
1694720488146 0.4309570051915425 97
1694720490521 0.06506523073160929 98
1694720492496 0.05980304192137592 99
