1694619737172 168.54379126551402 0
1694619738439 165.19807082103898 1
1694619739791 158.9663075721069 2
1694619741077 150.36032152986655 3
1694619742367 139.91176939841372 4
1694619743694 128.1455283899909 5
1694619744878 115.55866607573907 6
1694619746087 102.60470399029292 7
1694619747559 89.68274050897212 8
1694619748712 77.13089950458416 9
1694619749916 65.22351104370114 10
1694619751137 54.171403844955385 11
1694619752563 44.124691019787186 12
1694619753800 35.177455319293905 13
1694619755118 27.37378245072033 14
1694619756303 20.714646065521144 15
1694619757726 15.165211274722889 16
1694619759697 10.662191072156567 17
1694619761487 7.12095848375542 18
1694619763179 4.44218385545666 19
1694619764645 2.5178292796743835 20
1694619765910 1.2363891392067572 21
1694619767091 0.4873160322542627 22
1694619768360 0.16461430666883092 23
1694619769577 0.16961884515912004 24
1694619770885 0.41300470489063207 25
1694619772086 0.8160940868052986 26
1694619773327 1.3115414535455858 27
1694619774537 1.843486131889936 28
1694619775728 2.3672652149254496 29
1694619776954 2.848778850261164 30
1694619778237 3.2635958943629255 31
1694619779376 3.5958812302281977 32
1694619780605 3.8372175319177724 33
1694619781824 3.9853845880364793 34
1694619783230 4.043149055858133 35
1694619784434 4.017107206545659 36
1694619785751 3.9166132456922056 37
1694619786906 3.7528164679870066 38
1694619788165 3.5378220610706097 39
1694619789519 3.2839829649771874 40
1694619790763 3.0033239048071256 41
1694619791957 2.7070935715619906 42
1694619793189 2.405436907020745 43
1694619794409 2.1071764923337835 44
1694619795720 1.8196900570573729 45
1694619796903 1.5488700061384444 46
1694619798247 1.2991504854227736 47
1694619799415 1.073587745067323 48
1694619800669 0.8739802889588221 49
1694619801925 0.701016396390233 50
1694619803171 0.5544379582389293 51
1694619804338 0.43321108358047966 52
1694619805658 0.335695516977059 53
1694619807021 0.2598064883970382 54
1694619808393 0.20316413766297461 55
1694619809640 0.16322706789135827 56
1694619810855 0.13740785471402056 57
1694619812035 0.12316944884839097 58
1694619813427 0.1181023476651156 59
1694619814800 0.11998317429159365 60
1694619816083 0.12681589509187632 61
1694619817355 0.13685733825346486 62
1694619818650 0.1486289619926498 63
1694619819931 0.16091697766429788 64
1694619821143 0.17276297955034353 65
1694619822359 0.18344718862633427 66
1694619823710 0.19246630124580566 67
1694619824897 0.1995077635967664 68
1694619826174 0.2044220857003266 69
1694619827397 0.207194579573817 70
1694619828597 0.20791766788942068 71
1694619830030 0.20676467282414737 72
1694619831217 0.20396576849291218 73
1694619832551 0.1997865710110372 74
1694619833785 0.19450965256495467 75
1694619835061 0.18841910287704955 76
1694619836204 0.18178812462168828 77
1694619837497 0.17486953889758367 78
1694619838740 0.16788899195904908 79
1694619839954 0.1610405934168351 80
1694619841221 0.154484676805436 81
1694619842570 0.14834735314926736 82
1694619843820 0.14272152409499683 83
1694619845081 0.13766903039087405 84
1694619846267 0.1332236311184981 85
1694619847512 0.12939453640221424 86
1694619848679 0.12617024884587952 87
1694619850143 0.1235225044626312 88
1694619851370 0.12141014046493358 89
1694619852738 0.11978275338533535 90
1694619853978 0.11858404533886927 91
1694619855242 0.11775478785860381 92
1694619856451 0.11723536096395197 93
1694619857822 0.1169678495402606 94
1694619859084 0.11689769952419751 95
1694619860314 0.11697495279657687 96
1694619861579 0.11715509222884919 97
1694619862917 0.11739953727564603 98
1694619864062 0.11767583620298991 99
