1694695676207 168.54379126551402 0
1694695677497 154.73661687003525 1
1694695678907 143.08371566559777 2
1694695680526 133.2034361507584 3
1694695681886 124.78409047368504 4
1694695683231 117.57095220330996 5
1694695684614 111.3556858402936 6
1694695686110 105.96775187309888 7
1694695687642 101.26741689598448 8
1694695689317 97.1400679014074 9
1694695691028 93.49158637046604 10
1694695692543 90.24458367263391 11
1694695693914 87.33533654817147 12
1694695695211 84.71129170542132 13
1694695696573 82.32903313771092 14
1694695697978 80.15262572006984 15
1694695699591 78.15226485255701 16
1694695700882 76.30317507952932 17
1694695702218 74.58471130493562 18
1694695703668 72.9796249073303 19
1694695705213 71.47346411201751 20
1694695706617 70.05408370787212 21
1694695707902 68.71124385163974 22
1694695709293 67.43628148483978 23
1694695710747 66.22184096175462 24
1694695712142 65.06165298452858 25
1694695713423 63.950352971241024 26
1694695714813 62.88333163275161 27
1694695716527 61.85661187543693 28
1694695717901 60.86674723754426 29
1694695719378 59.910737953799305 30
1694695720659 58.9859614643059 31
1694695722049 58.0901147706827 32
1694695723730 57.22116651998494 33
1694695725194 56.37731708571979 34
1694695726653 55.55696523180329 35
1694695728045 54.75868020312825 36
1694695729579 53.98117829648586 37
1694695731066 53.22330313682179 38
1694695732599 52.48400902345432 39
1694695735115 51.76234682482209 40
1694695737071 51.05745199334742 41
1694695739198 50.36853434798605 42
1694695741994 49.694869334146944 43
1694695743761 49.03579052147759 44
1694695745332 48.39068314161136 45
1694695746795 47.758978502064764 46
1694695748166 47.1401491404371 47
1694695749425 46.533704606029985 48
1694695750813 45.93918777488468 49
1694695752278 45.35617161977966 50
1694695753682 44.78425636954486 51
1694695755138 44.22306700263036 52
1694695756495 43.67225102861825 53
1694695757917 43.13147651861724 54
1694695759787 42.60043035149881 55
1694695761812 42.07881664794108 56
1694695763346 41.56635536842093 57
1694695764760 41.06278105478352 58
1694695766397 40.567841697940764 59
1694695768250 40.08129771670474 60
1694695769922 39.60292103482909 61
1694695771439 39.1324942450776 62
1694695772916 38.6698098506177 63
1694695774406 38.21466957529325 64
1694695775807 37.76688373540162 65
1694695777145 37.32627066651568 66
1694695778513 36.892656199676374 67
1694695779829 36.465873181956994 68
1694695781279 36.04576103698346 69
1694695782603 35.63216536149975 70
1694695783983 35.2249375545062 71
1694695785396 34.823934475880314 72
1694695786734 34.429018131723936 73
1694695788131 34.04005538397306 74
1694695789528 33.656917682063835 75
1694695790897 33.2794808146751 76
1694695792256 32.90762467976803 77
1694695793703 32.54123307132087 78
1694695795236 32.18019348131442 79
1694695796668 31.82439691566385 80
1694695798091 31.473737722917733 81
1694695799775 31.12811343465654 82
1694695801284 30.7874246166231 83
1694695802613 30.45157472970686 84
1694695803967 30.120469999984437 85
1694695805558 29.794019297091282 86
1694695806926 29.47213402026453 87
1694695808424 29.15472799145565 88
1694695809938 28.84171735496505 89
1694695811438 28.53302048309819 90
1694695812922 28.228557887386764 91
1694695814339 27.92825213495722 92
1694695815838 27.632027769665193 93
1694695817242 27.33981123764615 94
1694695818625 27.05153081696236 95
1694695820007 26.767116551052755 96
1694695821551 26.486500185716704 97
1694695822938 26.20961510938457 98
1694695824300 25.93639629644835 99
