1694738621301 4.477231133638324 0
1694738623728 3.550208974013847 1
1694738626363 7.766094580963781 2
1694738628621 3.286732903314807 3
1694738631117 6.480880818712535 4
1694738633939 5.10763743883944 5
1694738636771 7.507273415703152 6
1694738639163 3.714684673772816 7
1694738641834 5.150736349813324 8
1694738643910 2.5684521268523324 9
1694738646829 5.556732860459694 10
1694738649156 8.423165454138852 11
1694738651454 5.965971354599378 12
1694738653970 4.653324916496509 13
1694738656289 4.8883243413955375 14
1694738658738 4.144561767884529 15
1694738661057 3.6561071204530315 16
1694738663434 7.290008162955954 17
1694738665963 2.848826896954969 18
1694738668143 7.452477311717695 19
1694738670686 4.161777822010807 20
1694738673027 7.531950439873875 21
1694738675430 3.321043348985099 22
1694738677939 4.715320765500628 23
1694738680279 4.305899428116134 24
1694738682945 4.598938587407184 25
1694738685351 4.485849800140801 26
1694738688144 4.809959395464317 27
1694738690800 5.285177458163735 28
1694738693232 6.925383600253982 29
1694738696290 4.548785891779227 30
1694738698943 3.556686187659915 31
1694738701258 5.176088072950149 32
1694738703498 3.937107447124083 33
1694738706119 5.3570308006014224 34
1694738708272 5.645822195500042 35
1694738710699 5.447656661437553 36
1694738713162 7.703968409165315 37
1694738715629 3.8427037239665665 38
1694738718023 4.782335512847671 39
1694738720333 3.821020010649892 40
1694738722851 4.603818668632062 41
1694738725163 5.127323386287737 42
1694738727493 3.915726962638838 43
1694738730228 3.8233341242134515 44
1694738733128 2.7879649654207004 45
1694738735285 4.913038093382972 46
1694738737887 3.2011872055246977 47
1694738740400 1.5776368227846445 48
1694738742701 4.622189482658756 49
1694738745131 4.936609145197843 50
1694738747181 3.222001348264809 51
1694738749602 5.24430284508838 52
1694738751782 6.9528744325793115 53
1694738754635 4.836599151531395 54
1694738757438 3.130653750518994 55
1694738760754 4.669489201761241 56
1694738763072 4.198556623547032 57
1694738765810 6.873551657657036 58
1694738768537 6.278574406771941 59
1694738770434 3.4426057923843234 60
1694738772446 2.288734284604659 61
1694738774662 6.641389010517188 62
1694738776716 3.9672317654746343 63
1694738778680 3.6869231266428666 64
1694738781699 2.8251653679197988 65
1694738784229 2.4113915743880305 66
1694738786964 5.177259545522638 67
1694738790014 4.231465824448633 68
1694738792553 5.931586621489702 69
1694738795669 5.565840921984474 70
1694738797996 7.4720232135088 71
1694738800611 4.622273710414072 72
1694738803822 4.671541382131606 73
1694738806730 2.9795313347121843 74
1694738809571 5.304710591706306 75
1694738812197 4.573518198675481 76
1694738815287 6.713942289931219 77
1694738818338 3.0589528955178475 78
1694738821186 6.492619338589022 79
1694738823356 5.1561391592144865 80
1694738825758 5.8186357656024 81
1694738828151 4.507762713657653 82
1694738831241 7.629173171408637 83
1694738833520 5.463199454153954 84
1694738836225 4.887925148741062 85
1694738838932 4.5049030429871415 86
1694738841172 3.284380158879838 87
1694738843808 3.375874652010473 88
1694738848108 4.085941070813852 89
1694738851908 3.689639771538454 90
1694738854672 6.537398598211055 91
1694738856788 4.896809163458965 92
1694738859223 6.117778783996572 93
1694738861768 5.273915563845326 94
1694738864305 5.854817696523491 95
1694738867971 3.4898153783388595 96
1694738872254 5.083390276704186 97
1694738875857 2.9151240568987418 98
1694738878946 5.818843047034656 99
