1694678914393 168.83772543452676 0
1694678915538 136.8044633776088 1
1694678916796 110.85309744927146 2
1694678918078 89.82888853601426 3
1694678919258 72.79634632751954 4
1694678920532 58.997599795968114 5
1694678921827 47.81867227204781 6
1694678922895 38.762160131740764 7
1694678924033 31.4250991429117 8
1694678925289 25.481033423895692 9
1694678926484 20.665489019035736 10
1694678927607 16.76420562677 11
1694678928807 13.603602770784287 12
1694678930046 11.0430561488789 13
1694678931144 8.968640454515809 14
1694678932382 7.288060228669552 15
1694678933616 5.926543169666632 16
1694678934911 4.823513159502247 17
1694678936333 3.9298949630796924 18
1694678938038 3.2059306662922396 19
1694678939157 2.61941069094317 20
1694678940293 2.1442406726790804 21
1694678941584 1.7592804334349461 22
1694678942628 1.4474033874865868 23
1694678943743 1.1947345289051485 24
1694678944955 0.9900330945191311 25
1694678946169 0.8241924340361793 26
1694678947311 0.6898348342353903 27
1694678948495 0.5809832691909649 28
1694678949767 0.49279547134254426 29
1694678950916 0.42134849119951395 30
1694678952085 0.3634641599488319 31
1694678953307 0.31656768919220907 32
1694678954481 0.27857311645179295 33
1694678955863 0.2477904995610684 34
1694678957129 0.222850730749354 35
1694678958422 0.20264462519272275 36
1694678959621 0.18627357392454352 37
1694678960938 0.173009565535039 38
1694678962307 0.16226279793573783 39
1694678963462 0.15355543916897407 40
1694678964614 0.14650036983067677 41
1694678965831 0.14078396131974952 42
1694678966962 0.1361521236912694 43
1694678968097 0.13239900236303648 44
1694678969334 0.1293578207782943 45
1694678970481 0.12689346160543877 46
1694678971611 0.1248964564063656 47
1694678972771 0.12327811637035638 48
1694678973981 0.12196658747827742 49
1694678975057 0.1209036545911136 50
1694678976167 0.12004215227750568 51
1694678977383 0.11934386718946678 52
1694678978535 0.11877783866491848 53
1694678979601 0.1183189819531132 54
1694678980798 0.11794697281269419 55
1694678982071 0.117645343860709 56
1694678983231 0.11740075247172453 57
1694678984372 0.11720238765843098 58
1694678985639 0.11704148954835386 59
1694678986833 0.11691096008060871 60
1694678987998 0.11680504760491559 61
1694678989297 0.11671909135288887 62
1694678990525 0.11664931441521986 63
1694678991676 0.11659265601627897 64
1694678992918 0.11654663562588581 65
1694678994597 0.11650924286431524 66
1694678995856 0.11647884830403617 67
1694678997170 0.11645413120126369 68
1694678998480 0.11643402094351231 69
1694678999600 0.11641764960946006 70
1694679000890 0.11640431353173038 71
1694679002102 0.11639344215364618 72
1694679003254 0.11638457279544322 73
1694679004447 0.11637733020825626 74
1694679005688 0.11637141000713573 75
1694679006858 0.11636656524685735 76
1694679008005 0.1163625955440507 77
1694679009221 0.11635933826240002 78
1694679010385 0.1163566613694007 79
1694679011455 0.11635445764747626 80
1694679012665 0.11635264000246476 81
1694679013901 0.11635113766126741 82
1694679014987 0.11634989308996853 83
1694679016198 0.11634885949575327 84
1694679017523 0.11634799880188976 85
1694679018655 0.11634728000605706 86
1694679019765 0.11634667784932488 87
1694679020948 0.11634617173688938 88
1694679022259 0.11634574486283916 89
1694679023489 0.11634538350028609 90
1694679024815 0.11634507642552658 91
1694679026108 0.11634481445084668 92
1694679027259 0.11634459004539698 93
1694679028535 0.11634439702746574 94
1694679029933 0.11634423031464154 95
1694679031083 0.11634408572091556 96
