1694709943627 54.38801581580096 0
1694709945415 17.781629794277183 1
1694709947408 6.3837459487023 2
1694709948984 2.0328604867377313 3
1694709950630 0.9241970711415292 4
1694709952331 0.370980847998425 5
1694709954125 0.09321987207763907 6
1694709955850 0.2690613560690661 7
1694709957320 0.14714973446132545 8
1694709958861 0.1501492179305983 9
1694709960191 0.10873616822807039 10
1694709962132 0.24196763964358164 11
1694709963795 0.21061444724663678 12
1694709965339 0.14405737024002158 13
1694709967058 0.15051229966892443 14
1694709968729 0.14350221792294238 15
1694709970367 0.21264040250105043 16
1694709971989 0.03215543920159582 17
1694709973574 0.05236297591763571 18
1694709975274 0.11844178553635332 19
1694709976935 0.16615200686882076 20
1694709978712 0.09816055942577646 21
1694709980268 0.30771711850182987 22
1694709981929 0.11181715937632664 23
1694709983594 0.07001091244875132 24
1694709985189 0.06489752328711304 25
1694709986989 0.07974210954301723 26
1694709988576 0.08594582882896348 27
1694709990176 0.19140082788148022 28
1694709991778 0.21966255391467765 29
1694709993428 0.09830273578470491 30
1694709995092 0.0985017623170972 31
1694709996757 0.09354918197600229 32
1694709998724 0.2282481356792628 33
1694710000584 0.09680043757702995 34
1694710002452 0.12179501172404353 35
1694710004129 0.1424555009794768 36
1694710005976 0.14527686254581756 37
1694710007998 0.2754160113925511 38
1694710009810 0.08991634745555299 39
1694710011604 0.15002468680883135 40
1694710013154 0.08966901570305243 41
1694710014924 0.056434422194155065 42
1694710016588 0.2282894219851456 43
1694710018063 0.19386409703060098 44
1694710019624 0.15778932887255462 45
1694710021236 0.21965729080360047 46
1694710023291 0.11620708374682383 47
1694710025065 0.2699859843167208 48
1694710026800 0.2945754815185266 49
1694710028668 0.02472260937952654 50
1694710031283 0.10469961833339936 51
1694710033434 0.1786055899676161 52
1694710035292 0.1710214157864035 53
1694710036946 0.09381386361597092 54
1694710038591 0.3698592937388711 55
1694710040209 0.1676424557690675 56
1694710041826 0.14131742560628907 57
1694710043458 0.06339731553354039 58
1694710045070 0.07889059687436875 59
1694710046915 0.10467178169110045 60
1694710048440 0.16976427835233512 61
1694710050085 0.04572281161899101 62
1694710051757 0.12379571950717867 63
1694710053412 0.12678430792730433 64
1694710055459 0.14221309728517306 65
1694710057446 0.039552086125904606 66
1694710059484 0.1462851270044813 67
1694710061211 0.08462111040693679 68
1694710063012 0.08092261981217831 69
1694710064599 0.10573729556802325 70
1694710066350 0.06820512411342576 71
1694710068101 0.20148616368385297 72
1694710069956 0.14314723751851988 73
1694710071801 0.06336711634134032 74
1694710073382 0.1899260634303364 75
1694710075370 0.08441840179905641 76
1694710077341 0.06870757191415007 77
1694710079219 0.1121994933799914 78
1694710080637 0.22108963134491583 79
1694710082635 0.1364319693424091 80
1694710084272 0.10936089111274164 81
1694710085946 0.1470521464980072 82
1694710087704 0.14826080439901265 83
1694710089375 0.03292563045369805 84
1694710091227 0.044235195051847656 85
1694710092919 0.10059549207796961 86
1694710094677 0.2708595677350044 87
1694710096271 0.16093079360001947 88
