1694339088297 -239.65557148264512 0
1694339088726 -193.99644543767604 1
1694339089192 -157.36257282287897 2
1694339089564 -127.80551749551987 3
1694339089972 -103.93987731968718 4
1694339090408 -84.65344641972727 5
1694339090853 -69.05313023021495 6
1694339091260 -56.42159031514154 7
1694339091719 -46.18248790246604 8
1694339092126 -37.87181220421841 9
1694339092570 -31.118905630577004 10
1694339093020 -25.623254237616077 11
1694339093447 -21.143836950523305 12
1694339093874 -17.485995829671438 13
1694339094289 -14.494749703926121 14
1694339094695 -12.043418366286392 15
1694339095108 -10.030402769566154 16
1694339095515 -8.373155239401028 17
1694339095941 -7.006575600133392 18
1694339096398 -5.876523492298434 19
1694339096844 -4.939190075448027 20
1694339097266 -4.160428535929413 21
1694339097663 -3.5112838994918105 22
1694339098036 -2.9681972763428384 23
1694339098451 -2.5132311641988294 24
1694339098870 -2.130648820177352 25
1694339099266 -1.807538183380598 26
1694339099649 -1.53451276573254 27
1694339100071 -1.3024932589453053 28
1694339100522 -1.1052446638683846 29
1694339101011 -0.9368516597251333 30
1694339101460 -0.7923063460526605 31
1694339101851 -0.6684529906795236 32
1694339102249 -0.5615171618467409 33
1694339102649 -0.4693859801260709 34
1694339103025 -0.38964160011501026 35
1694339103499 -0.32010587631178344 36
1694339103942 -0.25987258856903095 37
1694339104380 -0.20709746096484793 38
1694339104799 -0.1611863574545116 39
1694339105206 -0.12101807269904752 40
1694339105587 -0.0854725588687335 41
1694339106002 -0.05450357480531953 42
1694339106411 -0.027000884099461553 43
1694339106785 -0.002968000239334634 44
1694339107223 0.018209477401174845 45
1694339107693 0.03723292390876776 46
1694339108168 0.05379301510165013 47
1694339108613 0.06870588876072448 48
1694339109060 0.08171181632437563 49
1694339109493 0.09345057468735352 50
1694339109875 0.1037016810589676 51
1694339110244 0.11276889650615507 52
1694339110740 0.12111044711192853 53
1694339111172 0.12828242736800843 54
1694339111681 0.13489113286378773 55
1694339112107 0.14057690371916776 56
1694339112528 0.14560131911122365 57
1694339113069 0.15037618015779153 58
1694339113519 0.15436451525081318 59
1694339113925 0.15815992763659625 60
1694339114337 0.16133057533047102 61
1694339114694 0.16435371726946624 62
1694339115104 0.1668768212200591 63
1694339115543 0.16908350556151697 64
1694339115971 0.17133109046986272 65
1694339116439 0.1730846377452514 66
1694339116875 0.17487454141190173 67
1694339117279 0.17626911775950094 68
1694339117651 0.17769783132358907 69
1694339118026 0.178807113013299 70
1694339118413 0.17975068309911668 71
1694339118924 0.1808641734656674 72
1694339119337 0.18161063126408938 73
1694339119905 0.18249619734360722 74
1694339120359 0.18308699562206487 75
1694339120863 0.18379390357679914 76
1694339121277 0.18426115924933284 77
1694339121662 0.18463043112693933 78
1694339122071 0.18522826123150749 79
1694339122456 0.1855156729496381 80
1694339122869 0.18598906985278152 81
1694339123297 0.18621275890631395 82
1694339123712 0.18659006044923632 83
1694339124144 0.18676361580348833 84
1694339124602 0.18687003421861959 85
1694339125071 0.1872319031402705 86
1694339125505 0.18730896364849925 87
1694339125913 0.18759353616953345 88
1694339126317 0.18764884666513426 89
1694339126704 0.18787500605005247 90
1694339127093 0.18791375468234317 91
1694339127550 0.1878995013565674 92
