1694448769417 -239.56704353659907 0
1694448770273 -193.4880524315238 1
1694448771030 -156.77212234623255 2
1694448771831 -127.19107175160363 3
1694448772963 -103.33762286642589 4
1694448773723 -84.08466497909392 5
1694448774617 -68.52922319075903 6
1694448776220 -55.94730701582157 7
1694448778026 -45.7586268413071 8
1694448779634 -37.497346906666984 9
1694448781077 -30.788867665277508 10
1694448782315 -25.334054601645917 11
1694448783443 -20.891178493775556 12
1694448784730 -17.265536203607233 13
1694448786304 -14.302409635087542 14
1694448787472 -11.875541744495123 15
1694448788403 -9.883688698025907 16
1694448789529 -8.244508557694378 17
1694448790932 -6.893566645200703 18
1694448792281 -5.776948341769552 19
1694448793279 -4.850990436651265 20
1694448794071 -4.082107957763742 21
1694448794801 -3.4414523811422093 22
1694448795414 -2.9060975139785152 23
1694448796059 -2.4568179658388263 24
1694448796803 -2.0796483732424083 25
1694448797432 -1.7616370623438389 26
1694448798089 -1.492163098917223 27
1694448799087 -1.263984297244897 28
1694448800164 -1.0698319590850258 29
1694448801127 -0.9036665313384631 30
1694448802049 -0.7618017640571113 31
1694448803001 -0.6400265392723892 32
1694448803937 -0.534769109599597 33
1694448805189 -0.4442489084817154 34
1694448806142 -0.3659225679724596 35
1694448807046 -0.297566161612117 36
1694448807856 -0.23843940673351316 37
1694448808710 -0.18692301616883333 38
1694448809551 -0.14154096176678088 39
1694448810370 -0.10213538015868373 40
1694448811166 -0.06729535148107013 41
1694448811887 -0.036921234177959894 42
1694448812637 -0.010234141877186298 43
1694448813322 0.01359353238619987 44
1694448814040 0.03435835398242437 45
1694448814970 0.05293857881564967 46
1694448815790 0.06918125742714121 47
1694448816847 0.08351738843605927 48
1694448817613 0.09650657989227496 49
1694448818220 0.10779026322601315 50
1694448818902 0.11802252672453872 51
1694448819897 0.12693466702147593 52
1694448820717 0.13502118330324808 53
1694448821483 0.1420800280350023 54
1694448822345 0.1483057760020451 55
1694448823234 0.1540902027941481 56
1694448824167 0.15903787077018494 57
1694448825181 0.16363158588030668 58
1694448826858 0.16757072244974824 59
1694448828720 0.1712258092191692 60
1694448830289 0.17436624901397557 61
1694448831543 0.17710684934156495 62
1694448832621 0.17978224262485143 63
1694448833598 0.181971885173411 64
1694448834682 0.18410409734203725 65
1694448836070 0.18585520828470847 66
1694448837143 0.18755720880403182 67
1694448838236 0.18895829783680407 68
1694448839202 0.19014631509882618 69
1694448840136 0.19143636223087812 70
1694448840957 0.19238913446994255 71
1694448841801 0.19341818897920937 72
1694448842541 0.1941826681667871 73
1694448843365 0.1950052864613051 74
1694448844238 0.19561852102365185 75
1694448844965 0.196277215856152 76
1694448845709 0.19676874530193278 77
1694448846488 0.19714035923226514 78
1694448847257 0.19768489595639605 79
1694448848106 0.19798510105451284 80
1694448848977 0.19841941590821655 81
1694448850024 0.19866178789500932 82
1694448850969 0.19900952032038743 83
1694448851687 0.19920474152934198 84
1694448852409 0.19948400373461272 85
1694448853614 0.19964069495136738 86
1694448854499 0.19971190783493042 87
1694448855312 0.19998473973767428 88
1694448856133 0.20004439209618763 89
1694448857073 0.2002615538436704 90
1694448857816 0.2003111991022195 91
1694448858569 0.20048530451429303 92
1694448859473 0.2005260582222158 93
1694448860259 0.20066645590752008 94
1694448861060 0.2006993080979489 95
