1694346198679 -6.443184185755737 0
1694346199645 -6.325989897741886 1
1694346200360 -4.522385946174538 2
1694346201038 -5.409467530901675 3
1694346201696 -5.994220573280708 4
1694346202439 -13.759882720241054 5
1694346203571 -6.222038578562304 6
1694346204686 -5.512436561989218 7
1694346205841 -4.3433790294831685 8
1694346207733 -3.7769104777774007 9
1694346208629 -9.33586110008127 10
1694346210875 -6.5329002151074915 11
1694346212131 -4.593241044064044 12
1694346213135 -8.127860016696141 13
1694346214338 -5.390713050620825 14
1694346215113 -3.6269682111006514 15
1694346215913 -7.036546313799445 16
1694346216585 -4.391575496116615 17
1694346217462 -6.722534789186839 18
1694346218423 -3.704319145600156 19
1694346219381 -3.608949788927603 20
1694346220134 -4.742234644874765 21
1694346220833 -9.295570700211501 22
1694346221655 -14.110145783061848 23
1694346222398 -4.6012419013603765 24
1694346223071 -9.230096817533614 25
1694346223613 -3.749916263155944 26
1694346224125 -5.095210533227729 27
1694346224752 -4.3041522979860005 28
1694346225386 -7.472824247726338 29
1694346226039 -10.170398507551468 30
1694346226713 -8.53771672022604 31
1694346227306 -9.161230815919774 32
1694346227782 -8.609763734513296 33
1694346228282 -4.912129971295102 34
1694346228846 -5.476947683642059 35
1694346229428 -9.119406840536273 36
1694346230019 -5.351677083734743 37
1694346230657 -7.4215628479271665 38
1694346231316 -7.084695769658632 39
1694346231867 -4.50127017763212 40
1694346232389 -3.54575917648543 41
1694346232928 -6.931670580955546 42
1694346233512 -8.445212027566823 43
1694346234095 -6.5171902134975035 44
1694346234727 -12.641953091415127 45
1694346235274 -7.191638714360652 46
1694346235831 -4.076999922757646 47
1694346236374 -3.204194228936845 48
1694346236956 -5.233717992303822 49
1694346237565 -7.114029616567262 50
1694346238209 -10.378848279698763 51
1694346238984 -7.112611108461856 52
1694346239602 -11.975097120992821 53
1694346240139 -6.184987941694499 54
1694346240650 -7.8763134787936036 55
1694346241233 -7.948555586288373 56
1694346241805 -6.685939039701061 57
1694346242450 -6.39796223930919 58
1694346243178 -4.923339631579313 59
1694346243758 -5.356066864058103 60
1694346244247 -5.747561857115689 61
1694346244784 -6.482751681012124 62
1694346245369 -4.387715757349299 63
1694346246016 -4.41965353680462 64
1694346246674 -5.240223620094254 65
1694346247437 -3.954193108678896 66
1694346247980 -7.556006922085881 67
1694346248487 -4.469173653610512 68
1694346249017 -6.773514494651091 69
1694346249674 -5.183073660000009 70
1694346250341 -5.168525982862567 71
1694346251081 -5.3964510824342495 72
1694346251684 -3.932150429412233 73
1694346252230 -10.303373294127356 74
1694346252998 -4.580732931747815 75
1694346253882 -4.791822498101898 76
1694346255074 -5.915293394937192 77
1694346256650 -8.457833410523401 78
1694346257677 -10.095869554769171 79
1694346259146 -3.664444806077375 80
1694346260345 -6.38849281008299 81
1694346261367 -6.431087814588417 82
1694346262258 -5.62970720869204 83
1694346262998 -8.407748619520001 84
1694346263743 -5.21691956316008 85
1694346264491 -9.10739976323692 86
1694346265161 -4.9380413450538585 87
1694346265801 -5.6855086898848635 88
1694346266476 -9.353373824988852 89
1694346267290 -4.4981034140742455 90
1694346267973 -5.183802492559386 91
1694346268733 -5.839990825726545 92
1694346269499 -13.189601321570539 93
1694346270186 -14.706424709111555 94
1694346270916 -5.061839451342151 95
1694346271708 -4.595088305637576 96
1694346272377 -4.870867375823378 97
1694346273055 -8.857639447639556 98
1694346273760 -5.307791803948618 99
1694346274399 -7.889313915651577 100
1694346275097 -7.651887981714626 101
1694346275640 -5.65768120194563 102
1694346276255 -5.297642541998772 103
1694346276771 -6.785496923937167 104
1694346277307 -6.492450970458794 105
1694346278020 -10.019693254723151 106
1694346278766 -5.84263008108863 107
1694346279284 -4.428017853588205 108
