1694622120778 169.64084248330963 0
1694622122256 154.9958776924475 1
1694622123794 131.76920240302323 2
1694622125391 107.4086506290742 3
1694622126921 87.98764261532673 4
1694622128426 76.41693204590716 5
1694622129967 72.15914529429192 6
1694622131452 72.2442878034985 7
1694622133044 72.94587110741531 8
1694622134479 71.3623723555292 9
1694622136058 66.33733077642661 10
1694622137518 58.51373634252736 11
1694622138928 49.68476343481766 12
1694622140591 41.835120470620886 13
1694622142116 36.30444947428232 14
1694622143529 33.37073168667056 15
1694622145112 32.33153522091376 16
1694622146783 31.954549609746586 17
1694622148351 31.05186537120561 18
1694622149876 28.932012278733783 19
1694622151342 25.57754931433304 20
1694622152869 21.53018719897443 21
1694622154316 17.581146932112155 22
1694622155719 14.421080670294094 23
1694622157238 12.39095555352996 24
1694622158646 11.410798666945917 25
1694622160205 11.081316227320285 26
1694622161658 10.888513728892987 27
1694622163123 10.415050488442503 28
1694622164869 9.47704239052496 29
1694622166360 8.14804670088919 30
1694622167809 6.681557606713893 31
1694622169350 5.379554023079554 32
1694622170784 4.466282804708355 33
1694622172252 4.013693410230351 34
1694622173701 3.937093674789787 35
1694622175208 4.049934748913414 36
1694622176742 4.146623584928584 37
1694622178320 4.07759733373652 38
1694622179888 3.7904419064723536 39
1694622181568 3.328348850087942 40
1694622183007 2.7946310021761307 41
1694622184507 2.302869161210838 42
1694622186016 1.933748557426361 43
1694622187638 1.7130144183042753 44
1694622189113 1.6142781188495499 45
1694622190630 1.5804298889239161 46
1694622192336 1.551752954933894 47
1694622193915 1.4887625898503485 48
1694622195365 1.382238214415747 49
1694622196959 1.2493132386955343 50
1694622198370 1.1200356070894868 51
1694622199893 1.0215779260320217 52
1694622201382 0.9667546544647926 53
1694622202932 0.9505342749611052 54
1694622204418 0.9544231320307258 55
1694622205929 0.9555621538710835 56
1694622207369 0.9361306214930635 57
1694622208756 0.8893314025840152 58
1694622210261 0.8202181384308418 59
1694622211783 0.7419149747022699 60
1694622213174 0.6694436906747268 61
1694622214630 0.613893022158919 62
1694622216069 0.5790530518929119 63
1694622217570 0.5613331175040702 64
1694622219015 0.552404924593349 65
1694622220579 0.5430961125907608 66
1694622222037 0.5268636474593671 67
1694622223500 0.5016415686042099 68
1694622225225 0.46968665836132706 69
1694622226656 0.4358601323807742 70
1694622228131 0.4052813870140612 71
1694622229719 0.3813446169098413 72
1694622231132 0.3647641386056286 73
1694622232730 0.35380319610677585 74
1694622234193 0.34537044451296145 75
1694622235673 0.3364063926564314 76
1694622237190 0.3249866586046433 77
1694622238557 0.310786799633744 78
1694622240072 0.2948617987788474 79
1694622241488 0.27895888620467235 80
1694622242943 0.2647138842866589 81
1694622244427 0.2530554122361385 82
1694622245782 0.24399850751747618 83
1694622247212 0.2368261501231425 84
1694622248750 0.23051076962391498 85
1694622250179 0.2241662601321523 86
1694622251591 0.21735109401753322 87
1694622253039 0.21013558726140202 88
1694622254557 0.20295399484400978 89
1694622256053 0.1963410082988723 90
1694622257579 0.19067782890916044 91
1694622258994 0.1860456928806814 92
1694622260658 0.18222497370617802 93
1694622262130 0.17881470864076332 94
1694622263709 0.1754054124994566 95
1694622265194 0.1717294211407346 96
1694622266837 0.16773488170545892 97
1694622268282 0.16356796125879777 98
1694622269773 0.15948525552498666 99
