1694707105296 169.48324865050193 0
1694707106997 167.4164369115365 1
1694707108464 164.10554074382293 2
1694707109915 159.7621672986373 3
1694707111404 154.60327871922635 4
1694707112937 148.8415164159088 5
1694707114562 142.67760487482246 6
1694707116012 136.29471215997557 7
1694707117517 129.85459621095217 8
1694707119298 123.49533309489539 9
1694707120878 117.33040401149206 10
1694707122538 111.44891030442015 11
1694707124210 105.91668810749462 12
1694707126542 100.77810462568902 13
1694707129003 96.05833454905134 14
1694707130573 91.76593596429933 15
1694707132296 87.8955687682768 16
1694707133905 84.43072359525071 17
1694707135359 81.34635445207986 18
1694707136748 78.61133263398695 19
1694707138020 76.19066230486177 20
1694707139342 74.04741880821597 21
1694707140838 72.14438895271516 22
1694707142397 70.44540797974541 23
1694707143889 68.91640060224037 24
1694707145369 67.52614345470646 25
1694707146877 66.2467736587178 26
1694707148665 65.05407320154673 27
1694707150307 63.92756171265279 28
1694707151876 62.8504312978674 29
1694707153378 61.80935666159266 30
1694707154867 60.79421211923596 31
1694707156324 59.79772456877803 32
1694707158141 58.81508832367314 33
1694707159575 57.84356415325789 34
1694707161017 56.882081143702656 35
1694707162476 55.93085626057754 36
1694707163998 54.99104290735277 37
1694707165701 54.06441644338885 38
1694707167338 53.15310162981964 39
1694707169318 52.25934436355864 40
1694707170915 51.385327865007405 41
1694707172471 50.533031709359896 42
1694707174099 49.704130722856846 43
1694707176162 48.89992977862938 44
1694707177592 48.12132988662198 45
1694707179121 47.368820636577745 46
1694707180812 46.642493976507424 47
1694707182543 45.942074444480696 48
1694707184218 45.26696127278947 49
1694707185746 44.61627820678459 50
1694707187637 43.988927385883365 51
1694707189418 43.38364418580393 52
1694707191136 42.79905048845127 53
1694707192679 42.2337044037598 54
1694707194187 41.686144996119495 55
1694707195644 41.154931051714335 56
1694707197114 40.638673351756175 57
1694707198563 40.13606028392875 58
1694707199886 39.64587692769157 59
1694707201952 39.167017988774994 60
1694707204101 38.69849513699212 61
1694707205534 38.23943942402264 62
1694707207087 37.78909953002735 63
1694707208584 37.34683661660493 64
1694707210042 36.91211655588844 65
1694707211601 36.48450026873864 66
1694707213203 36.06363284601873 67
1694707215242 35.64923205236235 68
1694707217324 35.24107672757014 69
1694707219656 34.83899551194296 70
1694707221937 34.44285623283598 71
1694707223691 34.052556204027 72
1694707226015 33.66801360986973 73
1694707227929 33.289160074620966 74
1694707229914 32.91593445507947 75
1694707231710 32.54827784243205 76
1694707233344 32.18612971712907 77
1694707235142 31.829425168440498 78
1694707236914 31.478093067472376 79
1694707238687 31.132055068001236 80
1694707240543 30.791225302491515 81
1694707242682 30.45551063998204 82
1694707244772 30.12481137701167 83
1694707246718 29.799022241265472 84
1694707248406 29.47803359908497 85
1694707250097 29.161732771408193 86
1694707251813 28.850005377210042 87
1694707253562 28.542736638342443 88
1694707255427 28.239812594202693 89
1694707257218 27.941121188387626 90
1694707259076 27.646553202048413 91
1694707260924 27.3560030197878 92
1694707262895 27.069369223482138 93
1694707264366 26.786555017301744 94
1694707266091 26.507468493453025 95
1694707267694 26.232022752848188 96
1694707269407 25.96013589813898 97
1694707271298 25.69173091848315 98
1694707273132 25.426735486216657 99
