1694675047075 169.12044505583495 0
1694675048699 136.9831030244171 1
1694675049819 111.20995395933285 2
1694675051002 90.42270682693238 3
1694675052287 73.6445347912435 4
1694675053606 60.09038628863846 5
1694675055559 49.1304851559876 6
1694675057255 40.258730115259446 7
1694675058683 33.070025737910164 8
1694675060630 27.237651074904903 9
1694675062963 22.499411162311628 10
1694675065951 18.64406167331974 11
1694675068085 15.502936779417272 12
1694675069356 12.939114300233191 13
1694675071274 10.842337298627319 14
1694675073489 9.124814928558795 15
1694675075440 7.71479038935703 16
1694675076866 6.554345208462055 17
1694675078342 5.597603720357966 18
1694675079795 4.806664977967084 19
1694675081174 4.150828337905699 20
1694675082540 3.606021913275615 21
1694675084032 3.152008328933217 22
1694675085766 2.7723052203937057 23
1694675087617 2.454241335954102 24
1694675090382 2.186649096010127 25
1694675092228 1.9611334509469889 26
1694675094531 1.7703919322328023 27
1694675096858 1.6083539161099463 28
1694675098782 1.4706054940097282 29
1694675100411 1.3528756251820062 30
1694675102273 1.2521839180925096 31
1694675105368 1.165623467606989 32
1694675106933 1.0911561113149475 33
1694675108411 1.026885343267668 34
1694675109998 0.9710985380809474 35
1694675111611 0.9227977895857165 36
1694675113349 0.8806731775443453 37
1694675115118 0.8440233298435433 38
1694675116735 0.8119254401187477 39
1694675118257 0.7838762029352017 40
1694675119770 0.7592215010601902 41
1694675121169 0.7375920669234303 42
1694675122595 0.7185218551975341 43
1694675124111 0.7017337199762375 44
1694675125600 0.6868943688222333 45
1694675126982 0.6737911012578816 46
1694675128377 0.6621850969581 47
1694675129927 0.6519096312009303 48
1694675131341 0.6428430323479656 49
1694675132744 0.6347001760611634 50
1694675134213 0.6275497355480188 51
1694675136016 0.6211236511813917 52
1694675138476 0.6154672448717744 53
1694675141043 0.6103819849846537 54
1694675143284 0.6058963359887015 55
1694675145583 0.6018630670002932 56
1694675148063 0.5982986728563888 57
1694675150755 0.5950939104539146 58
1694675152756 0.5922569289612443 59
1694675155055 0.5897067058360391 60
1694675157409 0.587445695081903 61
1694675159331 0.58541389912765 62
1694675161247 0.5836099900574394 63
1694675163471 0.5819896738512486 64
1694675165521 0.5805492033162477 65
1694675167527 0.5792560386140377 66
1694675169572 0.5781049697293213 67
1694675171534 0.5770722703397867 68
1694675173985 0.5761519277881285 69
1694675176391 0.5753268331135623 70
1694675178722 0.5745906174645983 71
1694675181221 0.5739311446333386 72
1694675184428 0.5733419835678173 73
1694675187154 0.5728147362119771 74
1694675189244 0.572343095880338 75
1694675191216 0.5719214738439987 76
1694675193418 0.5715437996920673 77
1694675197357 0.5712065939285376 78
1694675201009 0.5709040832871091 79
1694675204114 0.5706343689881386 80
1694675206797 0.5703920016032209 81
1694675208950 0.5701762635926854 82
1694675210935 0.5699820337928778 83
1694675212831 0.5698094737081132 84
1694675214359 0.569653780913872 85
1694675215944 0.569515767259504 86
1694675217790 0.5693909313050896 87
1694675219359 0.5692805621827058 88
1694675221542 0.569180437327242 89
1694675223005 0.5690921922798896 90
1694675224271 0.5690118594501138 91
1694675225658 0.5689413219524435 92
1694675226976 0.5688768431285983 93
1694675229708 0.5688204791885711 94
1694675233107 0.5687687012362879 95
1694675236232 0.568723682634142 96
1694675239183 0.5686820805326411 97
1694675241564 0.5686461436143847 98
1694675242887 0.568612695108073 99
1694675244459 0.5685840279281149 100
1694675245861 0.5685571132640705 101
1694675247318 0.5685342653507501 102
1694675249643 0.5685125870567748 103
1694675252440 0.5684943972434664 104
1694675255462 0.5684769159250554 105
1694675257307 0.5684624546154452 106
1694675262491 0.5684483375628173 107
1694675264991 0.5684368605340968 108
1694675266407 0.5684254405768155 109
1694675267885 0.5684163520089413 110
1694675269659 0.5684070945706243 111
1694675271173 0.5683999174551752 112
1694675272637 0.568392394171321 113
1694675275011 0.5683867466244512 114
1694675277950 0.5683806142141707 115
1694675280201 0.5683761905140319 116
1694675283793 0.5683711738582227 117
1694675285862 0.5683677292635194 118
1694675287919 0.5683636078512391 119
1694675289874 0.5683609464463182 120
1694675291561 0.568357543518408 121
1694675293657 0.5683555084811296 122
1694675295185 0.5683526823339323 123
1694675296495 0.5683511481431296 124
1694675298451 0.5683487851622544 125
1694675299836 0.5683476513581206 126
1694675302269 0.5683456604378472 127
1694675303686 0.5683448466256764 128
1694675305569 0.5683431546982599 129
1694675307346 0.5683425965477651 130
1694675309022 0.5683411450017339 131
1694675311490 0.5683407910435391 132
1694675313174 0.5683395328541284 133
1694675314559 0.5683393419146099 134
1694675315854 0.5683382393446417 135
1694675317326 0.5683381784919438 136
1694675318737 0.5683372012496749 137
1694675319838 0.5683372441490305 138
1694675321162 0.5683363679120675 139
1694675322407 0.5683364935089275 140
1694675323486 0.568335698741414 141
1694675324562 0.568335890207047 142
1694675325808 0.5683351612117853 143
1694675326907 0.5683354050990665 144
1694675327975 0.5683347292578753 145
1694675329106 0.5683350148254122 146
1694675330311 0.5683343819902796 147
1694675331470 0.5683347006613004 148
1694675332592 0.5683341026663665 149
1694675333746 0.5683344475955598 150
1694675335056 0.5683338778659025 151
1694675336292 0.5683342435926635 152
1694675337738 0.5683336968306618 153
1694675338878 0.5683340790015584 154
1694675340039 0.5683335509354046 155
1694675341195 0.5683339460820431 156
1694675342332 0.568333433264081 157
1694675343482 0.5683338386253436 158
1694675344599 0.5683333382703054 159
1694675345742 0.568333751650106 160
1694675346897 0.5683332615053617 161
1694675348034 0.5683336811588456 162
1694675349165 0.568333199400281 163
1694675350290 0.5683336239427896 164
1694675351476 0.5683331490912487 165
1694675352607 0.568333577425507 166
1694675353813 0.5683331082797142 167
1694675355002 0.5683335395376135 168
1694675356164 0.5683330751203016 169
1694675357297 0.5683335086163518 170
1694675358424 0.568333048130994 171
1694675359565 0.5683334833251267 172
1694675360690 0.5683330261211637 173
1694675361823 0.5683334625890064 174
1694675362884 0.5683330081338834 175
1694675364017 0.568333445543025 176
1694675365151 0.5683329933997066 177
1694675366312 0.5683334314907369 178
1694675367449 0.5683329812996062 179
1694675368500 0.5683334198710045 180
1694675369662 0.568332971335287 181
1694675370767 0.5683334102313468 182
1694675371912 0.5683329631053643 183
1694675373510 0.5683334022065896 184
1694675374768 0.5683329562862754 185
1694675376147 0.5683333955017107 186
1694675377486 0.5683329506169723 187
1694675378895 0.5683333898781179 188
1694675380300 0.5683329458866436 189
1694675381834 0.5683333851426069 190
1694675383548 0.5683329419248677 191
1694675385761 0.5683333811385096 192
1694675387093 0.5683329385937059 193
1694675388425 0.568333377738596 194
1694675389771 0.5683329357813707 195
1694675391104 0.5683333748393599 196
1694675392436 0.5683329333971271 197
1694675393722 0.5683333723564477 198
1694675395131 0.568332931367212 199
1694675396646 0.568333370220956 200
1694675398303 0.5683329296315456 201
1694675399578 0.5683333683764882 202
1694675400924 0.5683329281410991 203
1694675402295 0.5683333667767599 204
1694675403560 0.5683329268557737 205
1694675404877 0.5683333653836914 206
1694675406182 0.5683329257426969 207
1694675407543 0.5683333641658549 208
1694675408855 0.5683329247748418 209
1694675410215 0.5683333630972376 210
1694675411556 0.568332923929937 211
1694675412896 0.5683333621562295 212
1694675414167 0.5683329231895623 213
1694675415470 0.5683333613248266 214
1694675416770 0.5683329225384406 215
1694675418043 0.5683333605879558 216
1694675419321 0.5683329219638534 217
1694675420773 0.5683333599329669 218
1694675422109 0.5683329214551762 219
1694675423381 0.5683333593491852 220
1694675424662 0.5683329210034986 221
1694675425978 0.5683333588275779 222
1694675427208 0.5683329206013173 223
1694675428477 0.5683333583604614 224
1694675430596 0.5683329202422918 225
1694675432169 0.5683333579412724 226
1694675433986 0.5683329199210357 227
1694675435438 0.5683333575643841 228
1694675436872 0.5683329196329565 229
1694675438245 0.56833335722495 230
1694675439449 0.5683329193741238 231
1694675440899 0.5683333569187763 232
1694675442136 0.5683329191411551 233
1694675443380 0.5683333566422215 234
1694675444602 0.5683329189311285 235
1694675445878 0.5683333563921106 236
1694675447144 0.5683329187415157 237
1694675448412 0.5683333561656624 238
1694675449884 0.5683329185701093 239
1694675451128 0.5683333559604379 240
1694675452376 0.5683329184149799 241
1694675453628 0.5683333557742823 242
1694675455125 0.5683329182744413 243
1694675456886 0.5683333556052904 244
1694675458671 0.5683329181470008 245
1694675460037 0.5683333554517755 246
1694675461293 0.5683329180313432 247
1694675463120 0.5683333553122311 248
1694675465143 0.5683329179263026 249
1694675467333 0.5683333551853181 250
1694675468693 0.5683329178308411 251
1694675469976 0.568333355069836 252
1694675471278 0.5683329177440392 253
1694675472496 0.5683333549647135 254
1694675473732 0.5683329176650709 255
1694675474949 0.568333354868982 256
1694675476117 0.5683329175931946 257
1694675477349 0.5683333547817764 258
1694675478636 0.5683329175277506 259
1694675479870 0.5683333547023114 260
1694675481119 0.568332917468139 261
1694675482348 0.5683333546298815 262
1694675483586 0.5683329174138266 263
1694675484961 0.5683333545638529 264
1694675486308 0.5683329173643275 265
1694675487545 0.568333354503642 266
1694675488985 0.5683329173192032 267
1694675490297 0.5683333544487279 268
1694675491564 0.5683329172780595 269
1694675492879 0.5683333543986394 270
1694675494146 0.568332917240539 271
1694675495451 0.5683333543529463 272
1694675496773 0.5683329172063168 273
1694675498024 0.5683333543112554 274
1694675499537 0.5683329171751001 275
1694675501166 0.5683333542732149 276
1694675502850 0.5683329171466176 277
1694675504195 0.568333354238499 278
1694675505635 0.5683329171206306 279
1694675506969 0.5683333542068183 280
1694675508421 0.5683329170969156 281
1694675510029 0.5683333541779011 282
1694675511140 0.568332917075272 283
1694675512191 0.5683333541515059 284
1694675513315 0.5683329170555191 285
1694675514609 0.5683333541274127 286
1694675516050 0.5683329170374903 287
1694675517605 0.5683333541054216 288
1694675519136 0.5683329170210353 289
1694675520567 0.5683333540853447 290
1694675521968 0.5683329170060126 291
1694675523310 0.5683333540670159 292
1694675524783 0.5683329169922994 293
1694675526394 0.5683333540502826 294
1694675527773 0.5683329169797806 295
1694675529187 0.568333354035007 296
1694675530958 0.5683329169683531 297
1694675532517 0.5683333540210594 298
1694675533951 0.5683329169579189 299
1694675535407 0.5683333540083262 300
1694675536782 0.5683329169483938 301
1694675538172 0.5683333539966993 302
1694675539686 0.5683329169396959 303
1694675541286 0.568333353986082 304
1694675542809 0.5683329169317528 305
1694675544185 0.5683333539763878 306
1694675545536 0.5683329169245009 307
1694675546931 0.5683333539675355 308
1694675548253 0.5683329169178797 309
1694675549600 0.5683333539594537 310
1694675551001 0.568332916911835 311
1694675552470 0.5683333539520735 312
1694675553871 0.5683329169063139 313
1694675555152 0.5683333539453349 314
1694675556562 0.5683329169012753 315
1694675557976 0.568333353939184 316
1694675559286 0.5683329168966728 317
1694675560665 0.5683333539335644 318
1694675562055 0.5683329168924695 319
1694675563981 0.5683333539284336 320
1694675565866 0.5683329168886319 321
1694675567782 0.5683333539237482 322
1694675569594 0.5683329168851281 323
1694675571335 0.5683333539194695 324
1694675573108 0.5683329168819269 325
1694675575022 0.5683333539155634 326
1694675577201 0.5683329168790061 327
1694675579144 0.5683333539119972 328
1694675581334 0.5683329168763401 329
1694675583404 0.5683333539087411 330
1694675585461 0.5683329168739044 331
1694675587573 0.5683333539057667 332
1694675589485 0.568332916871679 333
1694675591435 0.5683333539030507 334
1694675593198 0.5683329168696474 335
1694675595100 0.5683333539005715 336
1694675597312 0.5683329168677929 337
1694675599407 0.568333353898305 338
1694675601534 0.5683329168660981 339
1694675603402 0.568333353896237 340
1694675605482 0.5683329168645518 341
1694675607455 0.5683333538943495 342
1694675609454 0.5683329168631407 343
1694675611504 0.5683333538926254 344
1694675613900 0.5683329168618502 345
1694675615981 0.5683333538910501 346
1694675618024 0.5683329168606727 347
1694675619529 0.5683333538896125 348
1694675620997 0.5683329168595961 349
1694675622258 0.5683333538882998 350
1694675623750 0.5683329168586164 351
1694675625138 0.5683333538871012 352
1694675626432 0.5683329168577181 353
1694675627630 0.5683333538860056 354
1694675628920 0.5683329168568997 355
1694675630403 0.568333353885007 356
1694675631872 0.5683329168561517 357
1694675633354 0.5683333538840923 358
1694675634770 0.5683329168554673 359
1694675636106 0.568333353883257 360
1694675637589 0.5683329168548442 361
1694675638846 0.5683333538824975 362
1694675640190 0.568332916854275 363
1694675641644 0.5683333538818022 364
1694675643456 0.5683329168537568 365
1694675644900 0.5683333538811699 366
1694675646230 0.568332916853284 367
1694675647947 0.568333353880591 368
1694675649681 0.5683329168528511 369
1694675651655 0.5683333538800615 370
1694675654188 0.5683329168524529 371
1694675656178 0.5683333538795772 372
1694675658639 0.5683329168520908 373
1694675659890 0.5683333538791336 374
1694675661152 0.5683329168517608 375
1694675662515 0.5683333538787314 376
1694675663962 0.5683329168514591 377
1694675665476 0.5683333538783631 378
1694675666944 0.5683329168511849 379
1694675668572 0.5683333538780275 380
1694675669913 0.5683329168509317 381
1694675671159 0.5683333538777199 382
1694675672539 0.5683329168507028 383
1694675673949 0.5683333538774399 384
1694675675585 0.5683329168504943 385
1694675677458 0.5683333538771861 386
1694675679190 0.5683329168503042 387
1694675680836 0.5683333538769516 388
1694675682540 0.5683329168501291 389
1694675684244 0.5683333538767386 390
1694675685940 0.5683329168499687 391
1694675687773 0.5683333538765425 392
1694675690034 0.5683329168498221 393
1694675692067 0.5683333538763639 394
1694675693924 0.5683329168496888 395
1694675695614 0.5683333538762025 396
1694675697312 0.5683329168495678 397
1694675698571 0.568333353876054 398
1694675699966 0.5683329168494565 399
1694675701254 0.5683333538759185 400
1694675702688 0.5683329168493556 401
1694675704120 0.568333353875796 402
1694675705258 0.5683329168492629 403
1694675706342 0.5683333538756818 404
1694675707433 0.5683329168491789 405
1694675708538 0.5683333538755784 406
1694675709775 0.5683329168491011 407
1694675710836 0.5683333538754836 408
1694675711948 0.5683329168490302 409
1694675713113 0.5683333538753976 410
1694675714197 0.5683329168489667 411
1694675715197 0.5683333538753202 412
1694675716266 0.5683329168489075 413
1694675717442 0.5683333538752469 414
1694675718568 0.5683329168488533 415
1694675719664 0.5683333538751826 416
1694675720779 0.5683329168488047 417
1694675721862 0.5683333538751221 418
1694675722925 0.5683329168487589 419
1694675723986 0.5683333538750661 420
1694675725080 0.5683329168487187 421
1694675726178 0.5683333538750167 422
1694675727203 0.5683329168486818 423
1694675728310 0.5683333538749712 424
1694675729413 0.5683329168486482 425
1694675730509 0.5683333538749307 426
1694675731572 0.5683329168486159 427
1694675732782 0.5683333538748918 428
1694675733827 0.5683329168485869 429
1694675734878 0.5683333538748574 430
1694675735911 0.5683329168485622 431
1694675737031 0.5683333538748252 432
1694675738216 0.5683329168485385 433
1694675739288 0.5683333538747971 434
1694675740313 0.5683329168485165 435
1694675741361 0.5683333538747715 436
1694675742431 0.5683329168484985 437
1694675743473 0.5683333538747478 438
1694675744471 0.5683329168484798 439
1694675745560 0.5683333538747263 440
1694675746635 0.5683329168484652 441
1694675747703 0.5683333538747071 442
1694675748767 0.5683329168484499 443
1694675749848 0.5683333538746876 444
1694675750900 0.5683329168484343 445
1694675751953 0.5683333538746703 446
1694675753047 0.5683329168484226 447
1694675754170 0.5683333538746552 448
1694675755343 0.5683329168484108 449
1694675756549 0.5683333538746401 450
1694675757919 0.5683329168483984 451
1694675759003 0.5683333538746271 452
1694675760104 0.5683329168483905 453
1694675761211 0.5683333538746166 454
1694675762324 0.5683329168483822 455
1694675763359 0.5683333538746058 456
1694675764465 0.5683329168483736 457
1694675765622 0.5683333538745948 458
1694675766727 0.5683329168483647 459
1694675767736 0.5683333538745863 460
1694675768811 0.5683329168483578 461
1694675769885 0.5683333538745777 462
1694675771051 0.5683329168483532 463
1694675772086 0.5683333538745712 464
1694675773106 0.5683329168483484 465
1694675774191 0.568333353874565 466
1694675775222 0.5683329168483434 467
1694675776261 0.5683333538745584 468
1694675777306 0.5683329168483382 469
1694675778328 0.5683333538745517 470
1694675779355 0.5683329168483328 471
1694675780454 0.5683333538745452 472
1694675781536 0.5683329168483272 473
1694675782552 0.568333353874541 474
1694675783657 0.5683329168483239 475
1694675784674 0.5683333538745367 476
1694675785788 0.5683329168483229 477
1694675786872 0.5683333538745347 478
1694675787920 0.5683329168483192 479
1694675788986 0.5683333538745301 480
1694675790091 0.568332916848318 481
1694675791134 0.5683333538745282 482
1694675792207 0.5683329168483165 483
1694675793229 0.5683333538745262 484
1694675794275 0.5683329168483151 485
1694675795334 0.5683333538745241 486
1694675796380 0.5683329168483136 487
1694675797439 0.568333353874522 488
1694675798474 0.5683329168483121 489
1694675799583 0.5683333538745199 490
1694675800630 0.5683329168483101 491
1694675801684 0.5683333538745177 492
1694675802696 0.5683329168483087 493
1694675803763 0.5683333538745154 494
1694675804897 0.5683329168483067 495
1694675806039 0.5683333538745132 496
1694675807133 0.568332916848305 497
1694675808193 0.5683333538745111 498
1694675809232 0.568332916848303 499
