1694688388777 23.161053862208004 0
1694688390213 4.3407430609938515 1
1694688391599 0.5937209823629188 2
1694688392845 0.5282196367620166 3
1694688394257 0.1107616342084728 4
1694688395522 0.2505987826844926 5
1694688396718 0.20613715176073286 6
1694688398013 0.4970619176477092 7
1694688399329 0.16934403421021968 8
1694688400600 0.15660861772058293 9
1694688401835 0.057670248504473436 10
1694688403089 0.1628282197708876 11
1694688404317 0.07150339738341406 12
1694688405696 0.09313104039883295 13
1694688407066 0.10094841937787642 14
1694688408250 0.14689892180216726 15
1694688409431 0.151649647748103 16
1694688410760 0.13619685270484316 17
1694688412104 0.17192665514948127 18
1694688413465 0.7078884206031322 19
1694688414951 0.3182332120230232 20
1694688416276 0.6994570768776319 21
1694688417583 0.15036125135360232 22
1694688419065 0.1403497455132341 23
1694688420332 0.17209406725092874 24
1694688421642 0.10190732366141696 25
1694688422879 0.1499631075989535 26
1694688424278 0.3412056572988201 27
1694688425587 0.20157685132748063 28
1694688426957 0.11624741289473517 29
1694688428191 0.07857918254196321 30
1694688429494 0.09047633862720207 31
1694688430900 0.1364838194308046 32
1694688432179 0.05936709168011174 33
1694688433445 0.09023972507365506 34
1694688434775 0.10978345286404571 35
1694688436037 0.15305268404926145 36
1694688437325 0.1850006390845474 37
1694688438645 0.09803463339936984 38
1694688439874 0.2442904608691858 39
1694688441167 0.31828775204299864 40
1694688442480 0.26278270300755685 41
1694688443777 0.1367914202225312 42
1694688445060 0.12027107990600937 43
1694688446456 0.08276422031947914 44
1694688447720 0.1744106681569276 45
1694688449013 0.10525823526079757 46
1694688450519 0.1613064014604773 47
1694688451714 0.171173167540407 48
1694688453027 0.08925370832265841 49
1694688454379 0.08729486485823135 50
1694688455637 0.10184404169784693 51
1694688456895 0.08655916069751045 52
1694688458274 0.19581620862170912 53
1694688459629 0.15033819854433825 54
1694688461142 0.18588835888893368 55
1694688462700 0.08162387681767148 56
1694688464011 0.07693652899289583 57
1694688465292 0.1801456219354156 58
1694688466759 0.15360556966701047 59
1694688467999 0.05840552266640425 60
1694688469381 0.13550311024171097 61
1694688470749 0.1612456675622078 62
1694688471994 0.157170486675035 63
1694688473410 0.1530363262280251 64
1694688474933 0.09362980279137872 65
1694688476299 0.16955205456083713 66
1694688477616 0.11901444542005457 67
1694688479298 0.15964639734712066 68
1694688480724 0.13546345353155598 69
1694688482062 0.11608885369989883 70
1694688483328 0.07172023293022614 71
1694688484582 0.10687290762852002 72
1694688485969 0.12714211604386716 73
1694688487322 0.10218022407151688 74
1694688488549 0.122990451472163 75
1694688489931 0.06102059316004446 76
1694688491331 0.10383082527524837 77
1694688492599 0.11737001093814328 78
1694688494001 0.12865877230646558 79
1694688495393 0.17161207834119271 80
1694688496671 0.15404415761581267 81
1694688497971 0.14688162837326882 82
1694688499340 0.12948999762649563 83
1694688500627 0.17868699880649078 84
1694688501979 0.47628916595859894 85
1694688503286 0.2327686906916618 86
1694688504585 0.09416307453305421 87
1694688505931 0.1758495730371412 88
1694688507280 0.14968952753080303 89
1694688508528 0.09454876884559953 90
1694688509858 0.14961060576092147 91
1694688511276 0.2009285620554433 92
1694688512575 0.17024604005278973 93
1694688514120 0.4424395735687692 94
1694688515496 0.11103544067752698 95
1694688516853 0.08155285842882685 96
1694688518200 0.13576027005454253 97
1694688519520 0.09231513188657356 98
1694688520865 0.18134833304700523 99
1694688522240 0.12410132092202054 100
1694688523509 0.09643739722301055 101
1694688524830 0.12653589500838514 102
1694688526192 0.1034156440759121 103
1694688527529 0.14193886484184667 104
1694688528857 0.24872937513156151 105
1694688530277 0.08414947951726098 106
1694688531649 0.145092492902494 107
1694688533006 0.13069075922265808 108
1694688534541 0.12800464421474422 109
1694688535895 0.07379014970155288 110
1694688537193 0.1858565138887466 111
1694688538755 0.19020503682682013 112
1694688540198 0.0702513901926661 113
1694688541518 0.13110853844802262 114
1694688543009 0.11916602543490921 115
1694688544186 0.17346544473591854 116
1694688545415 0.28173323796795485 117
1694688546749 0.32903321377156425 118
1694688548133 0.17746250939925753 119
1694688549438 0.2515538455576553 120
1694688550838 0.10263050864418755 121
1694688552029 0.1389256231131216 122
1694688553356 0.20530891912967242 123
1694688554715 0.0799373728599865 124
1694688555927 0.1824643500937675 125
1694688557171 0.08071669802090105 126
1694688558460 0.11504271001011826 127
1694688559674 0.19458178716015304 128
1694688560899 0.12644537600185907 129
1694688562201 0.08045076732263758 130
1694688563457 0.12378845701259009 131
1694688564671 0.08278773706671594 132
1694688565916 0.12604337712004088 133
1694688567222 0.14054179589155155 134
1694688568395 0.15122672020617345 135
1694688569641 0.17573032440648167 136
1694688570981 0.14936809394680944 137
1694688572235 0.15166346962247923 138
1694688573510 0.12108442826821131 139
1694688574830 0.21772382960873582 140
1694688576070 0.1497520245613239 141
1694688577358 0.0924508282896808 142
1694688578743 0.0612938312489905 143
1694688580021 0.22187270513586868 144
1694688581292 2.4784807470515546 145
1694688582634 0.23755341059359844 146
1694688583928 0.13359442127464488 147
1694688585197 0.08555591959095196 148
1694688586546 0.16852048114126153 149
1694688587799 0.20753833807382055 150
1694688589151 0.11536270261919862 151
1694688590568 0.49780452006444514 152
1694688591870 0.07446668284306238 153
1694688593083 0.14710916921943903 154
1694688594505 0.11402865014497345 155
1694688596069 0.14789512994190415 156
1694688597420 0.10178330809228277 157
1694688598953 0.13841527555198968 158
1694688600297 0.09010880927899347 159
1694688601585 0.14097586592459774 160
1694688602921 0.12944389644025733 161
1694688604139 0.2936462421279434 162
1694688605391 0.07921836782498017 163
1694688606738 0.22546108068474477 164
1694688607916 0.17437366362045226 165
1694688609172 0.11597740681187022 166
1694688610603 0.11996913207464051 167
1694688611874 0.11577594117273277 168
1694688613099 0.21841995253059251 169
1694688614469 0.17399905390849438 170
1694688615725 0.24342303676768537 171
1694688617056 0.09124146201007068 172
1694688618432 0.14082521417579583 173
1694688619735 0.11015980557201917 174
1694688621039 0.11971863096438999 175
1694688622402 0.32480098612301705 176
1694688623683 0.12097485253281064 177
1694688624978 0.08433816817084816 178
1694688626391 0.08236713583652562 179
1694688627844 0.13082700002832953 180
1694688629199 0.11544708027850413 181
1694688630631 0.16730498772157346 182
1694688631879 0.14136304659829552 183
1694688633115 0.09624767610110983 184
1694688634466 0.13218343959240764 185
1694688635758 0.11033849321604568 186
1694688637001 0.13163764695115324 187
1694688638391 0.19346112780676297 188
1694688639706 0.257217774938342 189
1694688640937 0.1342801817375686 190
1694688642320 0.11117210131573238 191
1694688643648 0.13190006323384534 192
1694688644881 0.11310947137484613 193
1694688646288 0.14089206484465455 194
1694688647603 0.08728191358697479 195
1694688648839 0.10342285724432276 196
1694688650458 0.0789537427262359 197
1694688651760 0.09126076623769425 198
1694688653022 0.11091421463632652 199
1694688654798 1.889321864537974 200
1694688657267 0.09008759872221565 201
1694688659287 0.22013803600212006 202
1694688660998 0.20644904350761736 203
1694688662550 0.14475537665214516 204
1694688664034 0.09890598227143116 205
1694688665358 0.10789310552749924 206
1694688666760 0.07549659628537389 207
1694688668346 0.11553741466172913 208
1694688670249 0.12201736238890144 209
1694688672038 0.13853734274681714 210
1694688673446 0.13304808085791842 211
1694688674831 0.08218967419987036 212
1694688676089 0.17345330038551174 213
1694688677728 0.12359838714557927 214
1694688679128 0.07822311746621337 215
1694688680497 0.22473396312008148 216
1694688681992 0.09377630659274185 217
1694688683605 0.07711130911925107 218
1694688685071 0.13440509057251263 219
1694688686465 0.1651716811764485 220
1694688687844 0.09610251367277575 221
1694688689163 0.10215422799714775 222
1694688690599 0.10728013574488489 223
1694688691960 0.11764027388791862 224
1694688693294 0.47404647478010825 225
1694688694659 0.2054104411739021 226
1694688696014 0.14373296802052068 227
1694688697444 0.06016612699468343 228
1694688698838 0.07658662132575579 229
1694688700139 0.08173726864697123 230
1694688701383 0.08645913838745849 231
1694688702728 0.12490221792852745 232
1694688704051 0.06815366063109653 233
1694688705362 0.10284827962514913 234
1694688706761 0.08323319204147184 235
1694688708076 0.11708442787441689 236
1694688709392 0.15716416293777313 237
1694688710753 0.10866848401481857 238
1694688712135 0.16206832285434625 239
1694688713486 0.09140593897405994 240
1694688714820 0.05666631194271737 241
1694688716168 0.10973805301405523 242
1694688717551 0.14804843322764863 243
1694688719107 0.07831065884808684 244
1694688720468 0.07061095353508814 245
1694688721828 0.08161733377559685 246
1694688723054 0.09460293005496624 247
1694688724240 0.07813697451159639 248
1694688725448 0.10719077763237013 249
1694688726762 0.13012834487504443 250
1694688728030 0.0642842216837943 251
1694688729310 0.12358231403162931 252
1694688730653 0.10070948737233795 253
1694688732129 0.13452990290311675 254
1694688733659 0.17356924195723136 255
1694688735113 0.11098588961842049 256
1694688736396 0.3878280516277571 257
1694688737667 0.12035737755113331 258
1694688738959 0.25154924463817957 259
1694688740210 0.19116365932308121 260
1694688741517 0.16280375609977749 261
1694688742813 0.14667950910833374 262
1694688744048 0.09249889922589746 263
1694688745279 0.14770871510296124 264
1694688746555 0.21877264034632535 265
1694688747906 0.17482726828011755 266
1694688749113 0.5724285426952715 267
1694688750589 0.09359430760369797 268
1694688751911 0.31635578349221466 269
1694688753278 0.1269613700356432 270
1694688754631 0.14896953530340126 271
1694688755912 0.12771790609790407 272
1694688757156 0.06915206947782648 273
1694688758417 0.09881199769885275 274
1694688759746 0.21611818824809703 275
1694688761050 0.07871335292523762 276
1694688762264 0.2659082170234956 277
1694688763605 0.09844790438023891 278
1694688764863 0.10230191255380214 279
1694688766159 0.1624669021208191 280
1694688767482 0.10564306048930819 281
1694688768724 0.15511583445847912 282
1694688770001 0.13086234295559504 283
1694688771304 0.632292544056623 284
1694688772678 0.21313304909625608 285
1694688773938 0.14287570529599022 286
1694688775354 0.11991140664783136 287
1694688776590 0.12033640134998386 288
1694688777982 0.13510872128332985 289
1694688779459 0.08859580110158234 290
1694688780698 0.09449012611957233 291
1694688782009 0.0914881630886989 292
1694688783331 0.18132694362258087 293
1694688784619 0.14544486973932144 294
1694688785837 0.12824050124632344 295
1694688787119 0.1384738793784589 296
1694688788347 0.5394280411605206 297
1694688789628 0.21903206586027024 298
1694688790971 0.18273695081080107 299
