1694347447917 -239.66424707251602 0
1694347448552 -193.78948017311967 1
1694347449254 -157.15673722466695 2
1694347450001 -127.60748152687987 3
1694347450611 -103.75361203551155 4
1694347451298 -84.48069662168218 5
1694347452099 -68.8950457783801 6
1694347452876 -56.27788890325734 7
1694347453585 -46.05292064700202 8
1694347454122 -37.75637515796707 9
1694347454681 -31.015271967404452 10
1694347455297 -25.53069826441604 11
1694347455929 -21.06100089001735 12
1694347456594 -17.412720327266214 13
1694347457344 -14.429382012444995 14
1694347458258 -11.984733016793307 15
1694347458952 -9.977885991553377 16
1694347459967 -8.32636903231735 17
1694347461463 -6.964498422280445 18
1694347462444 -5.838599995514488 19
1694347464386 -4.905086542579397 20
1694347465435 -4.1294782733419035 21
1694347466360 -3.482869248291892 22
1694347467341 -2.94260292206154 23
1694347468265 -2.489563383720428 24
1694347469120 -2.108778801631564 25
1694347470088 -1.7876885205475341 26
1694347470801 -1.5158447974829437 27
1694347471533 -1.2853640896542204 28
1694347472408 -1.0890297422598443 29
1694347473272 -0.9215533261588897 30
1694347474053 -0.7780299885997182 31
1694347474804 -0.6548772622818191 32
1694347475654 -0.548732700285038 33
1694347476494 -0.4571419823250169 34
1694347477305 -0.37777892959873527 35
1694347477966 -0.30894060711452576 36
1694347478574 -0.24909947311405123 37
1694347479155 -0.196748289256093 38
1694347479842 -0.1511423612019558 39
1694347480586 -0.11108263097290938 40
1694347481396 -0.07604434972958996 41
1694347482182 -0.04515894751174354 42
1694347482837 -0.01805003789119075 43
1694347483474 0.0059173879348950464 44
1694347484128 0.027018160085893306 45
1694347484885 0.04572067237780397 46
1694347485683 0.06222906844866094 47
1694347486305 0.07689178241766492 48
1694347486882 0.08986284921367005 49
1694347487512 0.10140356131730865 50
1694347488219 0.11163173955633543 51
1694347489094 0.12074483923159962 52
1694347489858 0.12883399108331828 53
1694347490550 0.13604951966155188 54
1694347491227 0.14246250552130046 55
1694347491967 0.1481882310557815 56
1694347492800 0.15328244199177743 57
1694347493642 0.15783420473328447 58
1694347494316 0.16188734396612792 59
1694347494925 0.1655112093716149 60
1694347495522 0.16874022429870927 61
1694347496199 0.1716288455079692 62
1694347497085 0.1742039897181885 63
1694347497825 0.17650882691044645 64
1694347498505 0.17856421668117073 65
1694347499107 0.18040475548387058 66
1694347499768 0.18204637194881834 67
1694347500520 0.18351714195913138 68
1694347501290 0.18482894991833054 69
1694347502019 0.18600491195637103 70
1694347502613 0.1870535744516627 71
1694347503253 0.18799428514636596 72
1694347503922 0.18883282016875225 73
1694347504668 0.18958567109209867 74
1694347505423 0.19025630386283943 75
1694347506125 0.1908590539812841 76
1694347506757 0.19139545242055622 77
1694347507373 0.19187821670937932 78
1694347508057 0.1923072504971719 79
1694347508774 0.19269406720543536 80
1694347509608 0.19303719656526486 81
1694347510380 0.19334726613932596 82
1694347510954 0.1936216412928773 83
1694347511552 0.19387030818071171 84
1694347512096 0.19408964170708376 85
1694347512749 0.1942891739882735 86
1694347513455 0.19446443426576532 87
1694347514063 0.19462464376684374 88
1694347514562 0.19476460701597975 89
1694347515043 0.19489334321382057 90
1694347515556 0.19500503350670606 91
1694347516145 0.19510857733818243 92
1694347516836 0.1951976176549165 93
1694347517711 0.19528099579542257 94
1694347518359 0.19535188833262573 95
1694347519022 0.19541912418420937 96
1694347519668 0.19547547431676193 97
1694347520402 0.195529788566857 98
1694347521155 0.19557448388206977 99
1694347521885 0.1956184548395079 100
1694347522484 0.1956538083160846 101
1694347523104 0.19568950013893172 102
1694347523895 0.19571736469007583 103
1694347524657 0.19574642996571956 104
1694347525409 0.1957682900985851 105
1694347526213 0.1957920519256935 106
1694347526982 0.19580909710511785 107
1694347527702 0.19582861478604852 108
1694347528534 0.1958417981651187 109
1694347529458 0.1958579197893071 110
1694347530515 0.19586800523241032 111
1694347531256 0.19588140977171786 112
1694347532080 0.1958890095084791 113
1694347532848 0.1959002405195629 114
1694347533792 0.19590584529949484 115
1694347534496 0.19591533790858373 116
1694347535099 0.19591934115209453 117
1694347535754 0.19592744366231907 118
1694347536449 0.1959301608048214 119
1694347537263 0.19593715199840933 120
1694347537986 0.1959388359852744 121
1694347538608 0.19594493897880894 122
1694347539296 0.19594579267782752 123
1694347539972 0.19595118601744044 124
1694347540676 0.1959513721625442 125
1694347541447 0.1959561987089884 126
1694347542214 0.19595584786667253 127
1694347542855 0.1959602219105 128
1694347543533 0.1959594388624647 129
1694347544255 0.19596345182185537 130
1694347544932 0.19596232067899788 131
1694347545659 0.19596604566251508 132
1694347546369 0.19596463396267927 133
1694347546996 0.19596812942298036 134
1694347547670 0.19596649141459743 135
1694347548621 0.19596980407416442 136
1694347549524 0.19596798334768195 137
1694347550392 0.1959711505415047 138
1694347551523 0.19596918213832204 139
1694347552607 0.19597223368966288 140
1694347553834 0.19597014579244154 141
1694347555422 0.1959731055146683 142
1694347556378 0.195970920802221 143
1694347557735 0.19597380770118356 144
1694347558697 0.1959715444346377 145
1694347559483 0.19597437367121373 146
1694347560517 0.1959720465648137 147
1694347561409 0.19597483022542106 148
1694347562345 0.19597245114478 149
1694347563266 0.19597519885810732 150
1694347564125 0.1959727773801655 151
1694347565020 0.19597549681074544 152
1694347565854 0.19597304067291732 153
1694347566520 0.19597573791610956 154
1694347567222 0.19597325337658833 155
1694347567922 0.19597593327459784 156
1694347568690 0.19597342540146545 157
1694347569407 0.19597609179617725 158
1694347570142 0.19597356469944804 159
1694347570752 0.19597622063462117 160
1694347571324 0.19597367765252205 161
1694347571892 0.19597632553551858 162
1694347572510 0.19597376938407918 163
1694347573284 0.19597641111512543 164
1694347573907 0.1959738440083464 165
1694347574413 0.195976481083876 166
1694347574902 0.1959739048303082 167
1694347575436 0.1959765384255162 168
1694347576026 0.19597395450590394 169
1694347576626 0.19597658554068487 170
1694347577445 0.1959739951704219 171
1694347578146 0.19597662436202756 172
1694347578748 0.19597402854142687 173
1694347579315 0.19597665644647067 174
1694347580007 0.19597405600125362 175
1694347580765 0.19597668304922045 176
1694347581521 0.19597407866314098 177
1694347582155 0.1959767051830924 178
1694347582806 0.19597409742425642 179
1694347583483 0.19597672366611074 180
1694347584127 0.19597411300823442 181
1694347584820 0.19597673915968394 182
1694347585564 0.19597412599925657 183
1694347586254 0.19597675219923116 184
1694347586828 0.19597413686941145 185
1694347587464 0.19597676321876223 186
1694347588143 0.19597414600064578 187
1694347588873 0.19597677257062707 188
1694347589639 0.19597415370236237 189
1694347590334 0.19597678054133727 190
1694347590973 0.19597416022556213 191
1694347591610 0.1959767873643139 192
1694347592278 0.19597416577419624 193
1694347593041 0.19597679323010697 194
1694347593780 0.19597417051426658 195
1694347594441 0.195976798294617 196
1694347595071 0.19597417458115352 197
1694347595664 0.19597680268569995 198
1694347596333 0.19597417808550588 199
1694347597117 0.1959768065085058 200
1694347597834 0.19597418111796838 201
1694347598506 0.1959768098497563 202
1694347599133 0.1959741837529837 203
1694347599827 0.19597681278117762 204
1694347600690 0.19597418605186112 205
1694347601933 0.1959768153623127 206
1694347602690 0.19597418806524491 207
1694347603425 0.19597681764275543 208
1694347604161 0.19597418983510884 209
1694347604926 0.1959768196639674 210
1694347605730 0.1959741913963483 211
1694347606350 0.19597682146074102 212
1694347606906 0.19597419277808903 213
1694347607543 0.19597682306239617 214
1694347608173 0.19597419400472793 215
1694347609135 0.19597682449374554 216
1694347609968 0.19597419509678715 217
1694347610686 0.19597682577587217 218
1694347611363 0.19597419607159938 219
1694347611986 0.1959768269267711 220
1694347612779 0.1959741969438613 221
1694347613599 0.19597682796186333 222
1694347614241 0.19597419772609026 223
1694347614925 0.19597682889442203 224
1694347615663 0.19597419842898844 225
1694347616335 0.19597682973592456 226
1694347617089 0.19597419906175917 227
1694347617902 0.19597683049633585 228
1694347618604 0.19597419963233842 229
1694347619405 0.19597683118434073 230
1694347620284 0.19597420014760414 231
1694347621130 0.19597683180753855 232
1694347622119 0.19597420061353843 233
1694347622961 0.19597683237260521 234
1694347623814 0.19597420103536867 235
1694347624620 0.1959768328854239 236
1694347625420 0.19597420141767552 237
1694347626088 0.19597683335119553 238
1694347626696 0.19597420176449143 239
1694347627358 0.19597683377454111 240
1694347628035 0.19597420207937954 241
1694347628773 0.19597683415956313 242
1694347629518 0.19597420236548913 243
1694347630184 0.1959768345099243 244
1694347630742 0.19597420262562515 245
1694347631253 0.19597683482890538 246
1694347631876 0.19597420286228395 247
1694347632443 0.19597683511943742 248
1694347633192 0.1959742030776963 249
1694347633874 0.195976835384166 250
1694347634459 0.19597420327386195 251
1694347635014 0.19597683562545753 252
1694347635548 0.19597420345256833 253
1694347636098 0.19597683584545356 254
1694347636753 0.19597420361543205 255
1694347637555 0.19597683604609106 256
1694347638360 0.1959742037639054 257
1694347639058 0.1959768362291131 258
1694347639787 0.19597420389929532 259
1694347640592 0.1959768363960962 260
1694347641443 0.19597420402278332 261
1694347642236 0.19597683654847942 262
1694347643271 0.19597420413544275 263
1694347644411 0.1959768366875564 264
1694347645498 0.19597420423824075 265
1694347647014 0.1959768368145104 266
1694347648038 0.1959742043320577 267
1694347649027 0.1959768369304078 268
1694347650140 0.1959742044176902 269
1694347651004 0.1959768370362266 270
1694347651804 0.195974204495862 271
1694347652682 0.1959768371328494 272
1694347653753 0.19597420456723091 273
1694347654493 0.19597683722108195 274
1694347655282 0.19597420463239446 275
1694347655998 0.1959768373016635 276
1694347656744 0.19597420469190108 277
1694347657573 0.19597683737525773 278
1694347658298 0.19597420474624294 279
1694347658987 0.19597683744247651 280
1694347659773 0.1959742047958709 281
1694347660598 0.19597683750387263 282
1694347661320 0.19597420484119787 283
1694347661948 0.1959768375599531 284
1694347662550 0.19597420488259887 285
1694347663153 0.19597683761118478 286
1694347663777 0.19597420492041595 287
1694347664388 0.1959768376579828 288
1694347665111 0.19597420495496287 289
1694347665854 0.1959768377007357 290
1694347666490 0.1959742049865184 291
1694347667079 0.19597683773979158 292
1694347667701 0.19597420501534568 293
1694347668499 0.19597683777547148 294
1694347669305 0.19597420504167817 295
1694347670064 0.19597683780807074 296
1694347670689 0.19597420506574004 297
1694347671310 0.19597683783785458 298
1694347671922 0.19597420508771912 299
1694347672590 0.1959768378650637 300
1694347673388 0.19597420510780061 301
1694347674043 0.19597683788992193 302
1694347674661 0.1959742051261465 303
1694347675292 0.19597683791263554 304
1694347675930 0.19597420514290753 305
1694347676572 0.19597683793338672 306
1694347677234 0.19597420515822073 307
1694347677945 0.19597683795234522 308
1694347678544 0.19597420517221154 309
1694347679118 0.19597683796966592 310
1694347679787 0.19597420518499287 311
1694347680513 0.19597683798549137 312
1694347681223 0.19597420519667097 313
1694347681907 0.19597683799995136 314
1694347682517 0.1959742052073431 315
1694347683121 0.19597683801316512 316
1694347683741 0.19597420521709363 317
1694347684383 0.19597683802523713 318
1694347685149 0.1959742052260003 319
1694347685820 0.1959768380362673 320
1694347686423 0.19597420523413922 321
1694347687075 0.19597683804634647 322
1694347687632 0.1959742052415795 323
1694347688251 0.19597683805555566 324
1694347688939 0.19597420524837528 325
1694347689629 0.1959768380639696 326
1694347690297 0.19597420525458287 327
1694347690862 0.19597683807165855 328
1694347691555 0.195974205260256 329
1694347692108 0.1959768380786827 330
1694347692822 0.19597420526543963 331
1694347693580 0.19597683808509903 332
1694347694253 0.19597420527017373 333
1694347694796 0.19597683809096245 334
1694347695316 0.19597420527449894 335
1694347695857 0.19597683809632083 336
1694347696463 0.19597420527845322 337
1694347697198 0.19597683810121613 338
1694347697990 0.19597420528206677 339
1694347698624 0.1959768381056921 340
1694347699332 0.19597420528536813 341
1694347699977 0.19597683810977728 342
1694347700674 0.1959742052883826 343
1694347701579 0.19597683811351052 344
1694347702305 0.19597420529113807 345
1694347702979 0.19597683811692412 346
1694347703702 0.19597420529365872 347
1694347704480 0.19597683812004396 348
1694347705255 0.195974205295961 349
1694347705968 0.19597683812289501 350
1694347706611 0.1959742052980631 351
1694347707203 0.1959768381254976 352
1694347707811 0.19597420529998388 353
1694347708523 0.19597683812787758 354
1694347709226 0.19597420530174026 355
1694347709997 0.19597683813004985 356
1694347710789 0.19597420530334253 357
1694347711568 0.19597683813203504 358
1694347712388 0.19597420530480958 359
1694347713360 0.19597683813385236 360
1694347714388 0.19597420530615073 361
1694347715089 0.19597683813551048 362
1694347715860 0.1959742053073743 363
1694347716762 0.1959768381370276 364
1694347717508 0.19597420530849197 365
1694347718205 0.19597683813841116 366
1694347718801 0.19597420530951393 367
1694347719414 0.19597683813967404 368
1694347720088 0.19597420531044507 369
1694347720829 0.19597683814082922 370
1694347721670 0.19597420531129828 371
1694347722430 0.1959768381418855 372
1694347723051 0.19597420531207677 373
1694347723718 0.19597683814284805 374
1694347724442 0.19597420531278753 375
1694347725191 0.19597683814373135 376
1694347725887 0.19597420531343934 377
1694347726538 0.1959768381445367 378
1694347727184 0.1959742053140342 379
1694347727829 0.19597683814527422 380
1694347728645 0.19597420531457954 381
1694347729425 0.1959768381459478 382
1694347730130 0.19597420531507526 383
1694347730822 0.19597683814656042 384
1694347731574 0.19597420531552778 385
1694347732330 0.1959768381471214 386
1694347733224 0.19597420531594212 387
1694347734154 0.1959768381476341 388
1694347735242 0.19597420531631937 389
1694347736770 0.1959768381481043 390
1694347737911 0.19597420531666532 391
1694347739611 0.1959768381485304 392
1694347740779 0.19597420531697984 393
1694347742256 0.19597683814892108 394
1694347743097 0.1959742053172685 395
1694347744052 0.1959768381492789 396
1694347745044 0.19597420531753207 397
1694347745941 0.19597683814960476 398
1694347746716 0.1959742053177721 399
1694347747484 0.1959768381499043 400
1694347748232 0.19597420531799492 401
1694347749102 0.19597683815017863 402
1694347749937 0.1959742053181962 403
1694347750713 0.19597683815042577 404
1694347751543 0.19597420531837906 405
1694347752229 0.19597683815065337 406
1694347752962 0.19597420531854504 407
1694347753573 0.1959768381508593 408
1694347754120 0.1959742053186967 409
1694347754592 0.19597683815104838 410
1694347755136 0.19597420531883636 411
1694347755620 0.19597683815122102 412
1694347756184 0.19597420531896592 413
1694347756763 0.19597683815138134 414
1694347757528 0.19597420531908416 415
1694347758158 0.19597683815152678 416
1694347758765 0.19597420531919119 417
1694347759343 0.19597683815166156 418
1694347760043 0.19597420531929033 419
1694347760803 0.19597683815178324 420
1694347761531 0.1959742053193787 421
1694347762193 0.19597683815189182 422
1694347762827 0.19597420531946041 423
1694347763490 0.19597683815199463 424
1694347764098 0.19597420531953536 425
1694347764794 0.19597683815208589 426
1694347765519 0.19597420531960408 427
1694347766121 0.19597683815217237 428
1694347766727 0.1959742053196668 429
1694347767310 0.19597683815224787 430
1694347767900 0.19597420531972343 431
1694347768592 0.19597683815231937 432
1694347769365 0.19597420531977428 433
1694347770066 0.19597683815238043 434
1694347770807 0.1959742053198199 435
1694347771440 0.19597683815243883 436
1694347772118 0.19597420531986354 437
1694347772898 0.19597683815249378 438
1694347773645 0.19597420531990573 439
1694347774345 0.19597683815254585 440
1694347775036 0.19597420531994258 441
1694347775696 0.19597683815258926 442
1694347776471 0.19597420531997478 443
1694347777264 0.19597683815263045 444
1694347777960 0.19597420532000565 445
1694347778522 0.19597683815266875 446
1694347779156 0.1959742053200353 447
1694347779840 0.1959768381527056 448
1694347780578 0.1959742053200605 449
1694347781386 0.19597683815273426 450
1694347782092 0.19597420532008114 451
1694347782741 0.19597683815276112 452
1694347783416 0.19597420532010112 453
1694347784128 0.19597683815278644 454
1694347784950 0.1959742053201201 455
1694347785738 0.19597683815281075 456
1694347786407 0.19597420532013876 457
1694347787038 0.19597683815283362 458
1694347787661 0.19597420532015608 459
1694347788427 0.19597683815285538 460
1694347789401 0.19597420532017307 461
1694347790117 0.19597683815287592 462
1694347790744 0.19597420532018595 463
1694347791398 0.19597683815288902 464
1694347792132 0.19597420532019494 465
1694347792980 0.19597683815290468 466
1694347793785 0.1959742053202066 467
1694347794485 0.19597683815291644 468
1694347795084 0.1959742053202148 469
1694347795684 0.19597683815292677 470
1694347796384 0.1959742053202227 471
1694347797131 0.19597683815293732 472
1694347797786 0.19597420532023013 473
1694347798411 0.19597683815294675 474
1694347799028 0.19597420532023702 475
1694347799685 0.19597683815295586 476
1694347800467 0.19597420532024368 477
1694347801336 0.1959768381529643 478
1694347802180 0.19597420532025012 479
1694347802936 0.1959768381529724 480
1694347803869 0.19597420532025622 481
1694347804760 0.19597683815298028 482
1694347805770 0.19597420532026233 483
1694347806541 0.1959768381529874 484
1694347807276 0.19597420532026755 485
1694347807952 0.1959768381529946 486
1694347808658 0.1959742053202732 487
1694347809444 0.19597683815300115 488
1694347810139 0.19597420532027854 489
1694347810745 0.19597683815300737 490
1694347811369 0.19597420532028376 491
1694347812053 0.1959768381530138 492
1694347812654 0.19597420532028886 493
1694347813318 0.19597683815301947 494
1694347813897 0.1959742053202932 495
1694347814463 0.19597683815302502 496
1694347814992 0.1959742053202983 497
1694347815444 0.19597683815303046 498
1694347815985 0.19597420532030285 499
