1694721252783 0.0012500371926599714 0
1694721255123 0.04568855930807352 1
1694721257293 0.0021139946146844766 2
1694721259526 0.3251181153628264 3
1694721261679 0.0017692229424075758 4
1694721263862 0.028753471407927216 5
1694721266218 0.030221519732708937 6
1694721268193 0.008660089697095738 7
1694721270455 0.00824439768857735 8
1694721272463 0.06384914090115215 9
1694721274946 0.00848140931039934 10
1694721277033 0.0010517394916942707 11
1694721279235 0.6503026058641401 12
1694721281323 0.14318148796169866 13
1694721283719 0.009397564726225308 14
1694721285773 0.03302532232754773 15
1694721287927 0.07815522620483453 16
1694721290140 0.00040851252470251715 17
1694721292346 0.019679758293795018 18
1694721294952 0.2843581629446902 19
1694721297029 5.586704647434831e-06 20
1694721299428 0.10419222179564006 21
1694721301704 0.011676176068837871 22
1694721304420 0.007709340983169766 23
1694721306801 0.194924910200679 24
1694721308889 2.427267415469103e-05 25
1694721311388 0.5909786795882677 26
1694721313790 0.008272226051326124 27
1694721315839 0.007033421356207604 28
1694721317985 0.08436495098564008 29
1694721320167 0.23305200794103656 30
1694721322430 0.016889843191901878 31
1694721324374 0.0035250221805166286 32
1694721326579 0.3628068379927304 33
1694721328584 0.026340230109721044 34
1694721330762 0.5071472384385916 35
1694721332723 0.016926275991531008 36
1694721334998 0.5903841908494084 37
1694721337042 0.008542423969440233 38
1694721339231 0.21901357047602288 39
1694721341162 0.09920003792628783 40
1694721343351 0.40569262831989045 41
1694721345578 0.03925403239862993 42
1694721347736 0.035411422184169615 43
1694721349828 0.013536642967308448 44
1694721351870 0.1961142479822456 45
1694721353847 0.03180818208056223 46
1694721356452 0.00043055623586400066 47
1694721358770 0.002058494232635679 48
1694721360878 0.6917943917886643 49
1694721363371 0.000509176032402487 50
1694721365748 0.008954644988709778 51
1694721367799 0.08946270420844489 52
1694721370200 1.138152064921985 53
1694721372516 0.4087358243688823 54
1694721374714 0.4573984134709083 55
1694721376627 0.04934303882020555 56
1694721378946 0.17484771729341694 57
1694721380928 0.0010556800191026373 58
1694721383212 0.007857928365012484 59
1694721385232 0.03785066988609908 60
1694721387388 0.008487882799351922 61
1694721389413 0.0004193771340946149 62
1694721391627 0.006503127018002597 63
1694721393684 1.0782465964947927 64
1694721395920 0.017865924966370822 65
1694721398268 0.05662466874100934 66
1694721400191 0.00405251275258631 67
1694721402322 0.0004483938004748191 68
1694721404269 0.021191299905572086 69
1694721406309 0.09940684388631194 70
1694721408252 0.1033036452187757 71
1694721410323 0.015981395190565417 72
1694721412164 0.20476959048992227 73
1694721414183 0.22902714816016664 74
1694721416646 0.024424135447390853 75
1694721418702 0.025374412342408215 76
1694721420607 0.13597427356907835 77
1694721423543 0.14980551698836045 78
1694721426072 0.006545577397681226 79
1694721428172 0.5835952131365298 80
1694721430222 0.05211059052074216 81
1694721432306 0.0028373770363618175 82
1694721434576 0.05225827763738963 83
1694721436478 0.3424290696759209 84
1694721438588 0.5039186214082542 85
1694721440363 0.12900980373241444 86
1694721442472 0.0011952860363073374 87
1694721444344 4.636524268315111e-05 88
1694721446503 0.046728086535184 89
1694721448365 0.05426288357800615 90
1694721450341 0.1595662016213107 91
1694721452511 0.4658369929357274 92
1694721454651 0.04050805602288321 93
1694721456561 0.229260703933389 94
1694721458820 0.08130882461400354 95
1694721460797 0.00044856445171853615 96
1694721462933 0.030215982234627375 97
1694721464839 0.019296692639454136 98
1694721466956 0.03610084168518534 99
