1694698542831 169.64084248330963 0
1694698544666 168.05057125161693 1
1694698546180 166.2927151740031 2
1694698547940 164.3892001249863 3
1694698549631 162.35999944775318 4
1694698551206 160.2232440346853 5
1694698552927 157.99539140343197 6
1694698554567 155.6913470959126 7
1694698556295 153.3245457371225 8
1694698557971 150.90708794563625 9
1694698559740 148.44984976937351 10
1694698561876 145.96258577939017 11
1694698563694 143.45402565653 12
1694698565423 140.93196425951479 13
1694698566985 138.40332962765123 14
1694698568733 135.87429454497078 15
1694698570358 133.3503293688582 16
1694698572109 130.83628175713346 17
1694698573896 128.3364058747023 18
1694698576142 125.85443508601911 19
1694698577894 123.39363252552633 20
1694698579922 120.95683726659938 21
1694698581934 118.54650640807614 22
1694698584037 116.16474193376402 23
1694698586276 113.81335088367268 24
1694698589250 111.49387334448143 25
1694698591257 109.20758774269996 26
1694698593310 106.95554049347358 27
1694698595383 104.73860005429577 28
1694698597488 102.55744566375607 29
1694698600281 100.41258997743638 30
1694698603099 98.30441508434387 31
1694698605134 96.23318487250079 32
1694698606990 94.19904251773703 33
1694698608752 92.20203292072644 34
1694698610508 90.24211418236332 35
1694698612578 88.31916214470073 36
1694698614229 86.43299291211305 37
1694698616129 84.5833636203927 38
1694698617793 82.76998432386961 39
1694698619484 80.99251416174744 40
1694698621354 79.25057381445036 41
1694698623003 77.54375090014085 42
1694698624665 75.87160168188478 43
1694698626211 74.2336628750421 44
1694698627959 72.62945104791291 45
1694698629633 71.05846607145318 46
1694698631425 69.52019562228901 47
1694698633113 68.01411370918161 48
1694698634740 66.53968614769933 49
1694698636410 65.0963727104101 50
1694698639680 63.68362903635716 51
1694698641678 62.300908178989516 52
1694698643694 60.94766307698811 53
1694698645983 59.62334699297088 54
1694698647895 58.32741467036154 55
1694698649511 57.05932335204321 56
1694698651288 55.81853203465227 57
1694698653088 54.604504647311 58
1694698655049 53.41671016731948 59
1694698657020 52.2546231815269 60
1694698659074 51.117724370327714 61
1694698661658 50.00550350953054 62
1694698663855 48.917454846789774 63
1694698665572 47.85307977475656 64
1694698667318 46.81188706757631 65
1694698669148 45.79339307541651 66
1694698670714 44.797121881129875 67
1694698672599 43.82260104910251 68
1694698674145 42.86937002272084 69
1694698675912 41.9369764190672 70
1694698677617 41.02497603813359 71
1694698679649 40.13293285543663 72
1694698681418 39.260424026583614 73
1694698683078 38.40702956278093 74
1694698684868 37.57233757264659 75
1694698686386 36.75594419313271 76
1694698687949 35.95745351328962 77
1694698689492 35.17647749147796 78
1694698691046 34.41262943913187 79
1694698692814 33.66553673907905 80
1694698694484 32.93483448148187 81
1694698696263 32.220165332890446 82
1694698698004 31.521186183988714 83
1694698699874 30.837553970630353 84
1694698701420 30.168932860660767 85
1694698703062 29.514994121462472 86
1694698704787 28.875415989592195 87
1694698706668 28.249875820379273 88
1694698708387 27.638065652985194 89
1694698709883 27.0396841959122 90
1694698711500 26.454444569585828 91
1694698713385 25.88205773260766 92
1694698714953 25.32224092653061 93
1694698716832 24.77471754077016 94
1694698718392 24.239208447174157 95
1694698720021 23.71544938594468 96
1694698721775 23.203181917304804 97
1694698723508 22.702161871399976 98
1694698725097 22.21214120627246 99
