1694620300913 168.54379126551402 0
1694620302173 165.19807082103898 1
1694620303796 158.99290388041717 2
1694620305160 150.43513621016635 3
1694620306537 140.05082308596346 4
1694620307726 128.3590882795387 5
1694620308923 115.85140270749616 6
1694620310126 102.97606812999571 7
1694620311320 90.12770366716782 8
1694620312531 77.64057837097877 9
1694620313810 65.78615760855381 10
1694620315055 54.77317569709665 11
1694620316272 44.75033437388767 12
1694620317553 35.81131605039529 13
1694620318893 28.000366700348657 14
1694620320127 21.319032968364777 15
1694620321418 15.733863168266508 16
1694620322626 11.183159550248092 17
1694620323876 7.583956248212324 18
1694620325090 4.839138212464326 19
1694620326372 2.842756383703548 20
1694620327555 1.4853861312616363 21
1694620328774 0.6582809454777159 22
1694620330042 0.2575403292299625 23
1694620331294 0.18619706668152333 24
1694620332495 0.3564188602304949 25
1694620333736 0.6907956355804092 26
1694620335029 1.1228179787545343 27
1694620336300 1.597463428907178 28
1694620337512 2.0708582715322814 29
1694620338789 2.5092512062248558 30
1694620339986 2.8883634020486615 31
1694620341292 3.192336662852213 32
1694620342580 3.412578176836561 33
1694620343831 3.5465638740033296 34
1694620345045 3.596514727340077 35
1694620346446 3.568573068847609 36
1694620347673 3.47158786891207 37
1694620348879 3.316248455729499 38
1694620350111 3.1140318156817774 39
1694620351372 2.876663870571421 40
1694620352580 2.6155569534891603 41
1694620353785 2.3413728783557706 42
1694620354977 2.0636439456398517 43
1694620356178 1.7906955197835297 44
1694620357324 1.5294548660586826 45
1694620358525 1.2854277079222387 46
1694620359788 1.0626511516831192 47
1694620361124 0.8638397696391482 48
1694620362347 0.6905033021519515 49
1694620363750 0.5430692930597796 50
1694620365381 0.421081989350352 51
1694620366871 0.32335371041874816 52
1694620368230 0.24812849156988706 53
1694620369578 0.19321902112797404 54
1694620370764 0.1561663600599288 55
1694620371985 0.13438570756965015 56
1694620373229 0.12528619744754294 57
1694620374490 0.12632975391414186 58
1694620375785 0.13510387299711887 59
1694620376967 0.1494153156158147 60
1694620378135 0.16732296668738636 61
1694620379425 0.18712840777558606 62
1694620380607 0.20740944143559725 63
1694620381825 0.226993277828778 64
1694620383027 0.24498480847844611 65
1694620384248 0.2607381706953965 66
1694620385517 0.27382991728489114 67
1694620386781 0.28400975493025277 68
1694620387932 0.2911970524012515 69
1694620389146 0.2954401493411847 70
1694620390369 0.29690157055085226 71
1694620391658 0.29582988398799687 72
1694620392813 0.29251583099220824 73
1694620394091 0.2872818528947606 74
1694620395216 0.28047285124011095 75
1694620396407 0.2724441183360945 76
1694620397617 0.26352668351904207 77
1694620398859 0.25403431570922647 78
1694620400031 0.24422419063945686 79
1694620401270 0.2343352752780615 80
1694620402497 0.22457769708825676 81
1694620403872 0.2151448297969562 82
1694620405097 0.20616795663628168 83
1694620406483 0.19774990269879705 84
1694620407649 0.1899658366054035 85
1694620408975 0.1828174772631087 86
1694620410307 0.17631498915393232 87
1694620411504 0.1704582160077133 88
1694620412681 0.16523776230414053 89
1694620413967 0.16065732565216237 90
1694620415149 0.15666811156169108 91
1694620416351 0.15322244744371227 92
1694620417550 0.15027436165158514 93
1694620418780 0.14777995714474615 94
1694620420015 0.14564318206348958 95
1694620421427 0.14381090833676216 96
1694620422655 0.14224348657522376 97
1694620424045 0.14091233828736707 98
1694620425249 0.13982422262659566 99
