1694700032945 169.23335037202625 0
1694700034521 165.85192899582344 1
1694700036126 162.5449182570203 2
1694700037566 159.31061055353797 3
1694700039062 156.14733844325303 4
1694700040399 153.05347368568476 5
1694700041867 150.0274263067662 6
1694700043434 147.0676436861383 7
1694700044903 144.1726096664215 8
1694700046386 141.34084368393113 9
1694700047828 138.57089992031734 10
1694700049291 135.86136647462152 11
1694700050776 133.21086455525517 12
1694700052359 130.61804769141742 13
1694700053803 128.08160096348078 14
1694700055516 125.60024025188568 15
1694700057171 123.17271150409475 16
1694700058865 120.79779001916991 17
1694700060528 118.47427974954567 18
1694700062031 116.20101261958149 19
1694700063651 113.97684786048804 20
1694700065046 111.80067136123 21
1694700066599 109.67139503501963 22
1694700068193 107.58795620102296 23
1694700069602 105.54931698091157 24
1694700071175 103.55446370989976 25
1694700072539 101.60240636191779 26
1694700074194 99.69217798857831 27
1694700075763 97.82283417160359 28
1694700077136 95.99345248838712 29
1694700078662 94.20313199037277 30
1694700080120 92.45099269394146 31
1694700081568 90.73617508350334 32
1694700083078 89.05783962650017 33
1694700084564 87.41516630003075 34
1694700086000 85.80735412881832 35
1694700087528 84.23362073424609 36
1694700088919 82.69320189419382 37
1694700090363 81.1853511134145 38
1694700091848 79.70933920419698 39
1694700093293 78.26445387706606 40
1694700094743 76.849999341278 41
1694700096375 75.46529591487517 42
1694700098002 74.10967964406916 43
1694700099463 72.78250193172735 44
1694700100944 71.48312917474367 45
1694700102466 70.2109424100789 46
1694700103947 68.9653369692621 47
1694700105397 67.74572214114873 48
1694700106890 66.55152084273678 49
1694700108358 65.38216929784672 50
1694700109772 64.23711672347567 51
1694700111320 63.11582502364121 52
1694700112788 62.01776849053427 53
1694700114288 60.94243351280506 54
1694700115987 59.88931829081057 55
1694700117460 58.857932558655804 56
1694700119273 57.84779731286536 57
1694700120937 56.85844454752593 58
1694700122361 55.889416995743666 59
1694700123928 54.94026787726498 60
1694700125559 54.01056065211216 61
1694700127137 53.09986878008947 62
1694700128570 52.20777548601824 63
1694700130031 51.33387353056353 64
1694700131580 50.477764986517904 65
1694700132979 49.63906102041099 66
1694700134541 48.817381679317144 67
1694700136151 48.012355682736114 68
1694700137556 47.22362021942494 69
1694700139060 46.45082074906225 70
1694700140487 45.69361080862879 71
1694700141886 44.95165182339104 72
1694700143431 44.22461292237745 73
1694700144849 43.51217075823941 74
1694700146381 42.81400933139178 75
1694700147864 42.12981981833037 76
1694700149258 41.45930040402598 77
1694700150749 40.802156118297525 78
1694700152374 40.15809867606855 79
1694700153951 39.52684632141425 80
1694700155744 38.908123675307955 81
1694700157198 38.30166158697863 82
1694700158721 37.70719698879264 83
1694700160131 37.12447275457543 84
1694700161558 36.55323756129087 85
1694700163304 35.99324575399764 86
1694700164727 35.44425721400423 87
1694700166274 34.906037230146104 88
1694700167706 34.37835637311016 89
1694700169071 33.86099037273362 90
1694700170640 33.353719998206174 91
1694700172194 32.8563309411059 92
1694700173721 32.36861370120121 93
1694700175627 31.890363474952647 94
1694700177052 31.421380046649972 95
1694700178585 30.961467682121604 96
1694700180540 30.510435024954877 97
1694700182100 30.06809499516705 98
1694700183605 29.634264690268726 99
