1694626544512 169.64084248330963 0
1694626545977 154.9958776924475 1
1694626547420 131.76920240302323 2
1694626548892 107.40865062907419 3
1694626550188 87.98764261532673 4
1694626551590 76.41693204590716 5
1694626553084 72.15914529429192 6
1694626554521 72.2442878034985 7
1694626555954 72.94587110741531 8
1694626557483 71.3623723555292 9
1694626558924 66.33733077642661 10
1694626560679 58.51373634252735 11
1694626562095 49.68476343481765 12
1694626563486 41.83512047062088 13
1694626565101 36.30444947428233 14
1694626566478 33.370731686670545 15
1694626567890 32.33153522091374 16
1694626569417 31.954549609746582 17
1694626570773 31.051865371205604 18
1694626572405 28.932012278733772 19
1694626573890 25.57754931433303 20
1694626575248 21.530187198974428 21
1694626576741 17.581146932112155 22
1694626578168 14.421080670294094 23
1694626579649 12.39095555352996 24
1694626581221 11.410798666945917 25
1694626582625 11.081316227320283 26
1694626584203 10.888513728892985 27
1694626585717 10.415050488442501 28
1694626587452 9.477042390524957 29
1694626588875 8.148046700889187 30
1694626590170 6.6815576067138895 31
1694626591394 5.379554023079554 32
1694626593202 4.466282804708354 33
1694626596289 4.013693410230353 34
1694626599009 3.937093674789788 35
1694626601280 4.049934748913414 36
1694626602682 4.146623584928585 37
1694626603933 4.077597333736522 38
1694626605309 3.7904419064723536 39
1694626606544 3.328348850087942 40
1694626608059 2.7946310021761307 41
1694626609448 2.3028691612108374 42
1694626610561 1.9337485574263615 43
1694626611752 1.7130144183042755 44
1694626612907 1.6142781188495505 45
1694626614078 1.5804298889239168 46
1694626615200 1.5517529549338949 47
1694626616462 1.4887625898503494 48
1694626617715 1.382238214415748 49
1694626618911 1.2493132386955348 50
1694626620273 1.1200356070894868 51
1694626621521 1.0215779260320217 52
1694626622626 0.9667546544647926 53
1694626623745 0.9505342749611055 54
1694626624915 0.9544231320307265 55
1694626626056 0.955562153871084 56
1694626627227 0.9361306214930635 57
1694626628414 0.8893314025840152 58
1694626629707 0.8202181384308418 59
1694626630863 0.7419149747022696 60
1694626632077 0.6694436906747268 61
1694626633439 0.613893022158919 62
1694626634820 0.5790530518929117 63
1694626636096 0.5613331175040702 64
1694626637318 0.552404924593349 65
1694626638518 0.5430961125907608 66
1694626639677 0.5268636474593672 67
1694626640865 0.50164156860421 68
1694626641994 0.4696866583613272 69
1694626643116 0.43586013238077437 70
1694626644337 0.4052813870140612 71
1694626645501 0.38134461690984134 72
1694626646602 0.3647641386056286 73
1694626647941 0.35380319610677596 74
1694626649261 0.3453704445129615 75
1694626650657 0.3364063926564315 76
1694626651808 0.3249866586046434 77
1694626652986 0.310786799633744 78
1694626654231 0.29486179877884744 79
1694626655437 0.27895888620467235 80
1694626656642 0.2647138842866589 81
1694626657793 0.2530554122361385 82
1694626659068 0.24399850751747618 83
1694626660402 0.23682615012314254 84
1694626661584 0.230510769623915 85
1694626662795 0.22416626013215235 86
1694626664292 0.2173510940175332 87
1694626665719 0.21013558726140202 88
1694626667011 0.20295399484400978 89
1694626668338 0.1963410082988723 90
1694626669613 0.1906778289091604 91
1694626670925 0.1860456928806814 92
1694626672187 0.18222497370617807 93
1694626673527 0.17881470864076338 94
1694626674849 0.1754054124994566 95
1694626676215 0.17172942114073467 96
1694626677477 0.16773488170545892 97
1694626678845 0.16356796125879777 98
1694626680180 0.15948525552498666 99
