1694691856240 0.2545100971926271 0
1694691857618 0.21787433704858208 1
1694691858794 0.15373176443879905 2
1694691860020 0.12965629703106277 3
1694691861278 0.18091746254972424 4
1694691862870 0.16387971945361482 5
1694691864328 0.15038735312643378 6
1694691865710 0.11569710012428368 7
1694691867309 0.10566800268343865 8
1694691868704 0.09367540739042958 9
1694691870025 0.1420174739488136 10
1694691871312 0.1198236236896756 11
1694691872610 0.12460688873457106 12
1694691873816 0.11989606478330019 13
1694691875190 0.16957148797257737 14
1694691876403 0.14688719307131365 15
1694691877686 0.14350382748082813 16
1694691878928 0.187959645479425 17
1694691880261 0.14356480818407014 18
1694691881422 0.1350903236893975 19
1694691882794 0.11446727486794492 20
1694691884108 0.19269968235685536 21
1694691885435 0.18077916796600293 22
1694691886790 0.16456567316775428 23
1694691888779 0.1116790061188499 24
1694691890296 0.131826161806082 25
1694691892080 0.11947112712119685 26
1694691893523 0.10696949174898535 27
1694691894946 0.13197809748129077 28
1694691896450 0.1354219431103735 29
1694691897726 0.15441618662790602 30
1694691899042 0.13419486193256638 31
1694691900353 0.14093280044644635 32
1694691901622 0.13449858819044677 33
1694691902912 0.13236494388382034 34
1694691904220 0.2778469244048338 35
1694691905529 0.20268524053997763 36
1694691908198 0.1291603106891329 37
1694691909971 0.17601431662495848 38
1694691911314 0.12430836134522552 39
1694691912520 0.1493886141624056 40
1694691914001 0.15373901728554545 41
1694691916004 0.21733699590405703 42
1694691917563 0.16060487751935387 43
1694691918859 0.12131752360172801 44
1694691920832 0.11446711687131103 45
1694691922484 0.1228848093716537 46
1694691923752 0.15484951426177812 47
1694691924956 0.13970327882912267 48
1694691926356 0.11823611654655788 49
1694691927673 0.10960361798570363 50
1694691928939 0.15911475184238813 51
1694691930202 0.21935076380125956 52
1694691931808 0.10516278810924293 53
1694691933221 0.1439846733519719 54
1694691934493 0.15374766142160007 55
1694691935711 0.12264502662596968 56
1694691936812 0.12878701784981966 57
1694691937968 0.09924181579620228 58
1694691939117 0.15643961167855075 59
1694691940274 0.12063855176124945 60
1694691941410 0.10503691041957962 61
1694691942548 0.16269124282596117 62
1694691943655 0.19534648265833346 63
1694691944797 0.130679347791414 64
1694691946575 0.1271526126756357 65
1694691948191 0.15009864443237317 66
1694691949460 0.13279044975284204 67
1694691950794 0.14858479291865126 68
1694691951995 0.21368191211383702 69
1694691953355 0.14148106897065182 70
1694691955038 0.15802468665863503 71
1694691956834 0.11104637890927037 72
1694691958754 0.1573514665751792 73
1694691960795 0.15367230651738 74
1694691962091 0.13565265225410386 75
1694691963399 0.12079630849020714 76
1694691964593 0.10615132529013706 77
1694691966127 0.10662580867624386 78
1694691967379 0.11407032269336827 79
1694691968943 0.12971374090360827 80
1694691970942 0.1456619583731333 81
1694691972854 0.14204880547832535 82
1694691974127 0.12261879103720623 83
1694691975591 0.18781980873190848 84
1694691976818 0.22354336476311815 85
1694691978050 0.14080981707368387 86
1694691979223 0.1127733632893124 87
1694691980470 0.1414007559060502 88
1694691981803 0.21841237775076267 89
1694691983380 0.11576845066981306 90
1694691984847 0.1586773924299388 91
1694691986113 0.11037975585815854 92
1694691987402 0.11268354318916479 93
1694691988998 0.19339218213448145 94
1694691990506 0.16976610990121635 95
1694691991811 0.1359653637389166 96
1694691993285 0.12268131420491671 97
1694691994571 0.10255516941683215 98
1694691996053 0.2662199857372095 99
1694691997729 0.17402445559251026 100
1694691999019 0.1951133426279931 101
1694692000737 0.16772012024916333 102
1694692003606 0.13996909219496545 103
1694692006370 0.10939383992315531 104
1694692008695 0.11032700487176773 105
1694692010024 0.1631349877530401 106
1694692011818 0.13170781808913162 107
1694692013095 0.2577377993958265 108
1694692014409 0.13155343518707036 109
1694692015979 0.2163186518582544 110
1694692017314 0.152015572533692 111
1694692018484 0.17148083728959024 112
1694692020031 0.17512451757581204 113
1694692021349 0.15067582446129166 114
1694692023181 0.14241981738466492 115
1694692025477 0.15259754960551167 116
1694692027389 0.12986473158682688 117
1694692029087 0.1646220521954964 118
1694692030526 0.158628290166047 119
1694692032368 0.14340149986240114 120
1694692033616 0.14942862358229692 121
1694692034922 0.0964632759010621 122
1694692036265 0.14064075322451927 123
1694692037852 0.16435128353953687 124
1694692039116 0.15071254801672765 125
1694692040539 0.24325643130105795 126
1694692041923 0.15624108363208122 127
1694692043241 0.06754207649488032 128
1694692044946 0.07719132127421653 129
1694692046389 0.1221422132836644 130
1694692048268 0.07186236728031448 131
1694692049880 0.17454842741923465 132
1694692051691 0.15148954823109298 133
1694692054258 0.1217726019530327 134
1694692056428 0.14403556541225712 135
1694692058146 0.15819546655907285 136
1694692059437 0.10056978312412913 137
1694692060664 0.13183370018570675 138
1694692061831 0.08798385195934552 139
1694692063085 0.21250465996945261 140
1694692064296 0.16420122668173764 141
1694692065557 0.11122270533764006 142
1694692066994 0.12289872743727051 143
1694692068472 0.13140751258126085 144
1694692070261 0.18238263936547802 145
1694692072888 0.13947044588467655 146
1694692075937 0.21212904734064006 147
1694692077248 0.13268693565915776 148
1694692078440 0.24791066844985682 149
1694692079825 0.15844354674314393 150
1694692080975 0.12713710648722354 151
1694692082087 0.1860669318285361 152
1694692083410 0.11893754626967358 153
1694692084778 0.1458995772174861 154
1694692086072 0.19374611283894833 155
1694692087432 0.16913025246712532 156
1694692089109 0.11902895190508708 157
1694692091187 0.15998423499136702 158
1694692092703 0.15410603410427803 159
1694692093997 0.12516147200795813 160
1694692095204 0.2159102742204981 161
1694692096664 0.1325732118953804 162
1694692098107 0.16644693110254427 163
1694692099366 0.15295330309115696 164
1694692100532 0.14348767054582245 165
1694692101636 0.11456811355340571 166
1694692102760 0.18171694042491954 167
1694692103986 0.1542867322131407 168
1694692105208 0.11241600975795654 169
1694692106467 0.09665293061237495 170
1694692107586 0.1544266903541509 171
1694692108751 0.13155689849792368 172
1694692109822 0.1464890855911766 173
1694692111078 0.15561146778844243 174
1694692112408 0.1172804873427439 175
1694692113661 0.20142769857773174 176
1694692114941 0.1657059628807651 177
1694692116334 0.1672463004487461 178
1694692117476 0.10561104083581623 179
1694692118650 0.13859214816105123 180
1694692119729 0.12144117276647556 181
1694692120892 0.15426295015467076 182
1694692122017 0.15229734909778464 183
1694692123170 0.12229592562476269 184
1694692124381 0.2389031905207732 185
1694692125642 0.15500919177679498 186
1694692127211 0.2644848763196311 187
1694692128529 0.12975568908710353 188
1694692130297 0.10942676786060339 189
1694692132121 0.14221088554441733 190
1694692133482 0.1609987959180255 191
1694692134832 0.11630167796492602 192
1694692136496 0.1645124420708172 193
1694692137643 0.1693185196532281 194
1694692138938 0.1472711770856058 195
1694692140357 0.1645192345862647 196
1694692142174 0.14642926931418818 197
1694692143837 0.17615151215382774 198
1694692145297 0.12770635964753008 199
1694692147191 0.16718296099896252 200
1694692148924 0.1921835257869087 201
1694692150156 0.11031572141906192 202
1694692151601 0.10900232954805528 203
1694692154790 0.13778054548759383 204
1694692156397 0.10012785201672743 205
1694692157603 0.14207617118183508 206
1694692158963 0.1850826980052574 207
1694692160336 0.10053117992073028 208
1694692161758 0.15812727180150496 209
1694692163030 0.23720806459526203 210
1694692164287 0.10955956347737968 211
1694692165509 0.13628020694254778 212
1694692166781 0.10246078201888578 213
1694692168066 0.10148282431913117 214
1694692169411 0.14857829480594378 215
1694692170852 0.14407518899817556 216
1694692172496 0.17196154507144173 217
1694692173878 0.1284318661500473 218
1694692175076 0.0986112779368215 219
1694692176340 0.14523846258145343 220
1694692177449 0.14311734049737365 221
1694692178633 0.1267987498916599 222
1694692179828 0.20588396279618415 223
1694692181032 0.14253897399525278 224
1694692182185 0.13383362221491543 225
1694692183437 0.10155614272562809 226
1694692184581 0.12156119117351775 227
1694692185765 0.15232096415623425 228
1694692186918 0.1105966704616152 229
1694692188073 0.12823022116539398 230
1694692189224 0.18111303954197785 231
1694692190454 0.1115837004355147 232
1694692191673 0.15305484395073327 233
1694692192846 0.11940316027453939 234
1694692193977 0.13910438156732322 235
1694692195609 0.18588151463642186 236
1694692197055 0.17777050503247505 237
1694692198357 0.15592395080250393 238
1694692200060 0.15927263616188328 239
1694692201458 0.14370030681861165 240
1694692203027 0.13293686905334615 241
1694692205425 0.14729319674238142 242
1694692206958 0.1560993894051988 243
1694692208721 0.14569766676041315 244
1694692210570 0.09018173705720399 245
1694692211907 0.16623278724780127 246
1694692213233 0.17197394504349872 247
1694692214428 0.13163389806275688 248
1694692216064 0.11844934785014853 249
1694692217351 0.11563616885105915 250
1694692219279 0.0879990136219715 251
1694692220993 0.15560031988753453 252
1694692222781 0.24008759844622268 253
1694692224409 0.13866427659141123 254
1694692225857 0.09022895906332243 255
1694692227411 0.12355053879816755 256
1694692228835 0.13119030906737922 257
1694692230060 0.15704944812266258 258
1694692231271 0.17671961928883154 259
1694692232393 0.15069146509711742 260
1694692233951 0.1696313567931331 261
1694692235795 0.25044347987019366 262
1694692237187 0.1535225361318494 263
1694692238798 0.17238274935393336 264
1694692240117 0.15123167335952542 265
1694692241329 0.17904526603202053 266
1694692242460 0.18086231410819445 267
1694692243791 0.15057408296592953 268
1694692244994 0.16398626156755547 269
1694692246435 0.11292384463337073 270
1694692247863 0.17351056710896087 271
1694692249166 0.11134440212839179 272
1694692250749 0.1154163542778288 273
1694692252365 0.1358654275714788 274
1694692254002 0.13162549198552007 275
1694692256882 0.1422544292478027 276
1694692259260 0.14519376510661366 277
1694692260878 0.14177537711618426 278
1694692262031 0.09544896309759122 279
1694692263189 0.1705073498298743 280
1694692264460 0.13341079953551246 281
1694692265699 0.15386394943552711 282
1694692267037 0.17495939323076137 283
1694692268409 0.1488032604821969 284
1694692269932 0.22462028770953513 285
1694692271265 0.15104328099606826 286
1694692272699 0.14052787376650605 287
1694692274097 0.13060255530046988 288
1694692275933 0.13405622662134623 289
1694692277581 0.06870338458169277 290
1694692279131 0.17292332568892368 291
1694692280574 0.11415253633460519 292
1694692281812 0.13222444597333735 293
1694692283331 0.13520051783955203 294
1694692284977 0.23420930652819583 295
1694692286650 0.11107178162071951 296
1694692288507 0.09767917231019259 297
1694692289740 0.11422038029480375 298
1694692290967 0.15307225640077862 299
