1694698348723 168.54379126551402 0
1694698350438 168.20770831703868 1
1694698352345 167.57313885697874 2
1694698354240 166.67219825182264 3
1694698356009 165.53460444166305 4
1694698357731 164.18775193723167 5
1694698359574 162.65680611150003 6
1694698361588 160.96481259101725 7
1694698363205 159.13281773964937 8
1694698364902 157.17999279491272 9
1694698366652 155.12375645074525 10
1694698368286 152.9798977274262 11
1694698369966 150.76270142170264 12
1694698371650 148.48505763794202 13
1694698373330 146.1585781508319 14
1694698375219 143.79370242448738 15
1694698376912 141.3997920899594 16
1694698378654 138.9852258955171 17
1694698380606 136.55748290247885 18
1694698382266 134.12322884774358 19
1694698383973 131.68838772480748 20
1694698385734 129.25821404188065 21
1694698387494 126.83734850981712 22
1694698389224 124.429879544973 23
1694698391214 122.03939627561485 24
1694698393096 119.66903213627666 25
1694698394847 117.32151853437274 26
1694698396674 114.99922075021124 27
1694698398695 112.70417997426438 28
1694698400382 110.43813590124458 29
1694698402184 108.20256243784323 30
1694698404062 105.9986890513343 31
1694698405874 103.82753784059334 32
1694698408335 101.68994653407717 33
1694698410330 99.58657587678975 34
1694698412046 97.5179346372254 35
1694698413822 95.48438907972898 36
1694698415754 93.48619238436346 37
1694698417447 91.52349849492258 38
1694698419083 89.59635912771176 39
1694698420660 87.70474251341095 40
1694698422389 85.84853513802481 41
1694698423985 84.02756715414267 42
1694698425644 82.2416121098922 43
1694698427359 80.49040253997889 44
1694698428875 78.77361896461127 45
1694698430648 77.09090472744258 46
1694698432343 75.44187117188666 47
1694698434307 73.82610227908383 48
1694698436340 72.24315881984906 49
1694698438242 70.69257231833834 50
1694698440427 69.17386822411116 51
1694698441986 67.68655886314215 52
1694698443588 66.23014604871176 53
1694698445662 64.8041334150948 54
1694698448100 63.40800757349163 55
1694698449991 62.041250935432096 56
1694698451611 60.70334333936393 57
1694698453314 59.3937634912811 58
1694698454970 58.11199023792906 59
1694698456629 56.857492640639045 60
1694698458448 55.629753682493764 61
1694698460511 54.42825952557623 62
1694698462250 53.25251141323792 63
1694698463861 52.10200292137225 64
1694698465670 50.9762327922304 65
1694698467550 49.874705411413 66
1694698469439 48.796931216994324 67
1694698471312 47.74241511566805 68
1694698472940 46.71068145058488 69
1694698476402 45.70126154431164 70
1694698478147 44.71370583290911 71
1694698479920 43.74755887972382 72
1694698481460 42.802372746922856 73
1694698483347 41.877707076508614 74
1694698485020 40.97312914641881 75
1694698486814 40.08821390430695 76
1694698488497 39.22253123541229 77
1694698490282 38.37567238590737 78
1694698492626 37.54723629838883 79
1694698494853 36.73684227738341 80
1694698496609 35.94410312839418 81
1694698499063 35.16863925104677 82
1694698501748 34.41007855881556 83
1694698504724 33.66805639312766 84
1694698507126 32.94221543247252 85
1694698509139 32.23219219866044 86
1694698511057 31.537644817839347 87
1694698513326 30.85823848132209 88
1694698515169 30.193658629389272 89
1694698516899 29.543582727580763 90
1694698518556 28.90769503246688 91
1694698520572 28.285686466979932 92
1694698522243 27.67725449725104 93
1694698523951 27.08208928976623 94
1694698525703 26.499902232265885 95
1694698527424 25.930424537853373 96
1694698529159 25.373378344930146 97
1694698531047 24.82849179093981 98
1694698532784 24.295498887026127 99
