1694626831796 168.54379126551402 0
1694626833151 154.73661687003525 1
1694626834408 132.63756957026226 2
1694626835632 109.18651520682056 3
1694626836924 90.13921497887719 4
1694626838366 78.39380922745214 5
1694626839709 73.65700664827189 6
1694626841111 73.29724792942113 7
1694626842488 73.83787011582758 8
1694626843805 72.42337586477082 9
1694626845454 67.73653185179116 10
1694626846772 60.14909833533939 11
1694626848193 51.21218850604655 12
1694626849526 42.8122609957579 13
1694626851074 36.37550947825942 14
1694626852336 32.408250934499556 15
1694626853711 30.47858963076634 16
1694626854958 29.55929971559717 17
1694626856411 28.532462566073136 18
1694626857877 26.634256437118022 19
1694626859082 23.682880092407384 20
1694626860376 20.043380434615123 21
1694626861872 16.390304071081143 22
1694626863213 13.393574140613302 23
1694626864457 11.458915948554079 24
1694626865846 10.610241617534658 25
1694626867163 10.533134700565808 26
1694626868500 10.735651422845491 27
1694626869907 10.747276424257903 28
1694626871184 10.276980092326392 29
1694626872429 9.280356333335108 30
1694626873829 7.927822050832031 31
1694626875164 6.503096274305067 32
1694626876513 5.280954662774562 33
1694626877930 4.431622061206022 34
1694626879202 3.980715225130366 35
1694626880544 3.8282348470639573 36
1694626881987 3.8082607233811743 37
1694626883322 3.759964919444213 38
1694626884668 3.582258498227116 39
1694626886030 3.255760519385234 40
1694626887241 2.8308272385905924 41
1694626888494 2.3929249239678927 42
1694626889695 2.022596436396074 43
1694626890931 1.7657714705212453 44
1694626892062 1.623212341736962 45
1694626893369 1.5590853085178737 46
1694626894603 1.5215887649614408 47
1694626895834 1.4655063303930622 48
1694626897052 1.3678339396020893 49
1694626898397 1.2319399900136643 50
1694626899707 1.0808796718803002 51
1694626901122 0.9444262780074498 52
1694626902462 0.8458777847072584 53
1694626903877 0.793656848457598 54
1694626905419 0.7800100914689371 55
1694626906833 0.7860457915541624 56
1694626908175 0.7901284067151316 57
1694626909729 0.7759372463566465 58
1694626911042 0.7372783080901232 59
1694626912334 0.6784496997313079 60
1694626913736 0.6108019941915053 61
1694626915034 0.5474063059200146 62
1694626916521 0.4980844679135632 63
1694626917917 0.4665144203700784 64
1694626919301 0.4500606934072978 65
1694626920628 0.441878680975455 66
1694626922015 0.43410944446234095 67
1694626923296 0.42081524516255375 68
1694626924715 0.3996583272936316 69
1694626926181 0.3719702429945365 70
1694626927425 0.3415065876732214 71
1694626928794 0.3125970926077537 72
1694626930210 0.28847799247417294 73
1694626931626 0.2703701954055624 74
1694626932944 0.25748285987540387 75
1694626934321 0.24774878723492255 76
1694626935527 0.23886967952213137 77
1694626936920 0.22922090239369083 78
1694626938198 0.21830813864734297 79
1694626939507 0.20669626197488453 80
1694626940806 0.1955433292367747 81
1694626942175 0.1859943250996943 82
1694626943454 0.17869274950602765 83
1694626944767 0.1735747625828646 84
1694626946093 0.16997348121877243 85
1694626947283 0.16693929718511819 86
1694626948493 0.16361801027529385 87
1694626949749 0.15953513435849556 88
1694626950863 0.1546964103598048 89
1694626952119 0.1494983849364697 90
1694626953272 0.14451389627612707 91
1694626954540 0.14025168029412877 92
1694626955592 0.1369811606662624 93
1694626956867 0.13467359558164857 94
1694626958192 0.1330595263212999 95
1694626959512 0.1317606650899011 96
1694626960840 0.13043542568291713 97
1694626962192 0.12888384485660612 98
1694626963425 0.12708250754952535 99
