1694518439262 169.64084248330965 0
1694518440282 166.32992007539954 1
1694518441306 160.0905294335243 2
1694518442484 151.45281370337304 3
1694518443659 140.96975084230354 4
1694518444735 129.18720064362373 5
1694518445801 116.62008617295895 6
1694518446911 103.73460156958087 7
1694518448097 90.93608723300817 8
1694518449090 78.5620261734339 9
1694518450079 66.87948829475562 10
1694518451118 56.086277027498994 11
1694518452170 46.31500800406545 12
1694518453273 37.6393644807689 13
1694518454489 30.081820738307368 14
1694518455637 23.62219462269977 15
1694518456645 18.20647607326132 16
1694518457585 13.755473001588683 17
1694518458556 10.172913223228827 18
1694518459558 7.352736302646217 19
1694518460600 5.185398204691787 20
1694518461580 3.563091638115889 21
1694518462660 2.383853986331493 22
1694518463658 1.5545916813835228 23
1694518464638 0.9930944811638102 24
1694518465590 0.6291456776930151 25
1694518466545 0.40485560964619827 26
1694518467581 0.2743571508233447 27
1694518468587 0.20300451187803278 28
1694518469528 0.1662122666689593 29
1694518470511 0.1480615702614337 30
1694518471484 0.1397865990462673 31
1694518472436 0.13823773224523583 32
1694518473264 0.14440017246385334 33
1694518474283 0.16202865270789876 34
1694518475311 0.19644148264670336 35
1694518476523 0.25350113157070736 36
1694518477559 0.33879431942452276 37
1694518478557 0.4570125012653306 38
1694518479594 0.6115238360928144 39
1694518480556 0.8041202442071717 40
1694518481598 1.0349178837829995 41
1694518482886 1.302386138200134 42
1694518483930 1.6034787617297508 43
1694518484879 1.9338409058436556 44
1694518485880 2.2880670476609435 45
1694518486912 2.659987071372252 46
1694518487894 3.042960631669175 47
1694518488903 3.4301631977919635 48
1694518489883 3.814850611447432 49
1694518490947 4.190592400816368 50
1694518491939 4.551467323047809 51
1694518493013 4.89221754337985 52
1694518493997 5.208360420312177 53
1694518494991 5.4962590055545455 54
1694518496048 5.753154065712912 55
1694518497066 5.977161694659375 56
1694518498028 6.16724143516122 57
1694518499070 6.323140303851251 58
1694518500096 6.445318263078542 59
1694518501093 6.534860560409094 60
1694518502127 6.593382017561977 61
1694518503206 6.622927850589707 62
1694518504272 6.625874994203063 63
1694518505302 6.604837232433883 64
1694518506310 6.5625767463272595 65
1694518507319 6.501924011239343 66
1694518508306 6.425707338705764 67
1694518509249 6.336692780913189 68
1694518510475 6.237534613204583 69
1694518511865 6.130736189538376 70
1694518513515 6.01862063005443 71
1694518514943 5.903310547278615 72
1694518516126 5.786715843065951 73
1694518517061 5.670528504693256 74
1694518518050 5.556223286440938 75
1694518519098 5.445063172483631 76
1694518520147 5.338108567560897 77
1694518521184 5.236229243557801 78
1694518522212 5.140118173252628 79
1694518523360 5.050306498477056 80
1694518524359 4.967179001310324 81
1694518525396 4.890989567465054 82
1694518526467 4.821876245771259 83
1694518527539 4.759875612928637 84
1694518528517 4.704936245945255 85
1694518529431 4.656931184433673 86
1694518530325 4.61566933062088 87
1694518531288 4.5809057867260545 88
1694518532247 4.552351168042593 89
1694518533279 4.52967995683915 90
1694518534251 4.512537978573592 91
1694518535366 4.5005490895643225 92
1694518536683 4.4933211659103875 93
1694518538133 4.4904514787828065 94
1694518539326 4.4915315328043 95
1694518540393 4.496151433511658 96
1694518541557 4.5039038380777745 97
1694518543319 4.514387531568915 98
1694518544709 4.527210659818228 99
