1694701780392 168.54379126551402 0
1694701781973 168.20770831703868 1
1694701783473 167.8750269518527 2
1694701784941 167.54300675276883 3
1694701786366 167.21164724296457 4
1694701787824 166.88094620741435 5
1694701789319 166.55090328748034 6
1694701790697 166.22151616077286 7
1694701792118 165.8927845862056 8
1694701793518 165.56470613461497 9
1694701795102 165.23728068183507 10
1694701796751 164.91050569251644 11
1694701798176 164.5843811587851 12
1694701799642 164.2589044396913 13
1694701801398 163.93407564302694 14
1694701803571 163.60989202282545 15
1694701807045 163.2863538019209 16
1694701808818 162.96345812991112 17
1694701810664 162.64120534405095 18
1694701812383 162.3195924900817 19
1694701814360 161.99862001906007 20
1694701816232 161.67828487344755 21
1694701817927 161.35858761748614 22
1694701819538 161.03952509093222 23
1694701821181 160.7210979705988 24
1694701822883 160.40330299410954 25
1694701824506 160.08614095023663 26
1694701826451 159.76960847504114 27
1694701828101 159.45370646864498 28
1694701830252 159.13843146611475 29
1694701832246 158.82378447831485 30
1694701836583 158.5097619398832 31
1694701841314 158.1963649718219 32
1694701842994 157.8835899089039 33
1694701844689 157.5714379816664 34
1694701846155 157.259905425579 35
1694701847801 156.9489935801139 36
1694701849204 156.63869858199652 37
1694701850509 156.3290218790361 38
1694701851873 156.01995950977135 39
1694701853829 155.71151302975298 40
1694701855787 155.40367837988794 41
1694701857408 155.096457222875 42
1694701859411 154.78984540254248 43
1694701861615 154.4838446881463 44
1694701863323 154.1784524158336 45
1694701865359 153.87366571843256 46
1694701867207 153.5694866043054 47
1694701869006 153.26591059671367 48
1694701870471 152.96293980891406 49
1694701871900 152.66056966920297 50
1694701873408 152.35880239514896 51
1694701874883 152.05763332062602 52
1694701876327 151.75706476693443 53
1694701877699 151.45709197406669 54
1694701879144 151.15771736647653 55
1694701880484 150.8589360908138 56
1694701881838 150.56075067410993 57
1694701883263 150.26315617020876 58
1694701884662 149.96615520814578 59
1694701886001 149.66974274949348 60
1694701887528 149.37392152471995 61
1694701888956 149.07868640365893 62
1694701890383 148.78404021764194 63
1694701891773 148.48997774529445 64
1694701893080 148.19650191824442 65
1694701894418 147.90360956492242 66
1694701895880 147.61129731787864 67
1694701897470 147.31956833850137 68
1694701898985 147.02841709942768 69
1694701900445 146.73784686073935 70
1694701901961 146.4478520059006 71
1694701903755 146.158435893128 72
1694701905250 145.86959281723375 73
1694701906713 145.58132623401255 74
1694701908304 145.2936303501433 75
1694701909706 145.0065087184444 76
1694701911217 144.7199554579783 77
1694701912608 144.43397421803465 78
1694701914064 144.14855903057432 79
1694701915640 143.86371364080804 80
1694701916993 143.57943199410784 81
1694701918341 143.29571793105757 82
1694701919662 143.0125653109511 83
1694701921177 142.72997806919943 84
1694701922433 142.44795259619866 85
1694701923867 142.1664850929645 86
1694701925173 141.88557971650368 87
1694701926524 141.60523003286144 88
1694701927918 141.3254402923211 89
1694701929280 141.04620397681688 90
1694701930850 140.7675254293707 91
1694701932440 140.489398048307 92
1694701933814 140.21182626885073 93
1694701935230 139.934803406216 94
1694701936609 139.65833398729657 95
1694701937973 139.38241124469403 96
1694701939288 139.10703979643938 97
1694701940699 138.8322157339162 98
1694701942015 138.55793496351674 99
