1694748715584 40.679932260584486 0
1694748717112 27.882501672568633 1
1694748718892 12.28096763646731 2
1694748720579 7.989038490130509 3
1694748722261 5.336122475377572 4
1694748724086 2.326725061916318 5
1694748725635 3.472791169016678 6
1694748727108 4.078595633501161 7
1694748728417 4.244913527965588 8
1694748729861 0.4782660144929275 9
1694748731537 0.4612997481030586 10
1694748733099 0.4369880280491737 11
1694748734799 0.3349161869981362 12
1694748736428 0.26490929348121806 13
1694748738129 0.1604018182514084 14
1694748739799 0.20799160654207852 15
1694748741309 0.0786638180309859 16
1694748742910 0.20283332386725533 17
1694748744487 0.24980916544631793 18
1694748746095 0.21530405154111518 19
1694748747647 0.11261859116588391 20
1694748749160 1.5594999370312417 21
1694748750731 0.10422078868625344 22
1694748752476 0.06275992494301513 23
1694748754227 0.1745394820962699 24
1694748756327 0.2434376974375451 25
1694748758006 0.10749508712581186 26
1694748759622 0.07783201219844219 27
1694748761251 0.14609865175844614 28
1694748762993 0.06161671833850134 29
1694748764489 0.09537388232905332 30
1694748765985 0.043446293786390075 31
1694748767588 0.1712097364211067 32
1694748769417 0.024399596447762642 33
1694748771187 0.13044511552745924 34
1694748772933 0.07322728291063701 35
1694748774530 0.03023287292432057 36
1694748776051 0.09236027511496334 37
1694748777501 0.06774458087030363 38
1694748779049 0.11165154233691361 39
1694748780527 0.028978703105924854 40
1694748782134 0.09565104494649593 41
1694748783680 0.059886730605368255 42
1694748785349 0.05764690505071356 43
1694748787114 0.19996591688736487 44
1694748788728 0.1245322839164186 45
1694748790082 0.06903898829788442 46
1694748791607 0.08795135408782431 47
1694748793421 0.07790871247254319 48
1694748794956 0.17581730620553515 49
1694748796538 0.043667190873087854 50
1694748798106 0.05288034384135783 51
1694748799922 0.08056545919301146 52
1694748801619 0.07969750050644005 53
1694748803573 0.11067795167928027 54
1694748805468 0.06414075684780526 55
1694748807218 0.11051401757237118 56
1694748808860 0.09849585096243221 57
1694748810414 0.10770143284396486 58
1694748812020 0.07707462653333017 59
1694748813588 0.05908550867747131 60
1694748815188 0.05114971784539222 61
1694748816770 0.08495066079734459 62
1694748818279 0.17291824341140818 63
1694748819789 0.0926358403864532 64
1694748821334 0.03462494046912135 65
1694748823005 0.11482707837220932 66
1694748824595 0.1724734777849384 67
1694748826174 0.10797123430283326 68
1694748827708 0.15216709043536897 69
1694748829237 0.07428195345312907 70
1694748830770 0.06880903657589041 71
1694748832337 0.11347384583655469 72
1694748833972 0.13677559397508526 73
1694748835584 0.07315747210890552 74
1694748837121 0.25867776930815145 75
1694748838677 0.18045596594445126 76
1694748840253 0.08818550290564767 77
1694748841826 0.06264378274274193 78
1694748843497 0.02171259168160049 79
1694748845057 0.09635601973372013 80
1694748846464 0.13524059279055475 81
1694748847857 0.10656600571185662 82
1694748849207 0.20351282954520725 83
1694748850716 0.03644805539413709 84
1694748852313 0.0414495268051485 85
1694748853838 0.10308350247392539 86
1694748855314 0.04662093017017815 87
1694748856854 0.060675212641230124 88
1694748858470 0.24323492412967637 89
1694748859938 0.03842272201502238 90
1694748861450 0.426775035375214 91
1694748863043 0.14536969768483282 92
1694748864590 0.16629525483371108 93
1694748866121 0.04281062811273687 94
1694748867648 0.10012491222258577 95
1694748869140 0.11743511757720285 96
1694748870665 0.10477005378973196 97
1694748872166 0.05724149676997594 98
1694748873740 0.08557841407022165 99
