1694627919012 169.64084248330963 0
1694627920692 166.1418037783334 1
1694627922498 159.7353907874083 2
1694627924167 150.94338027364674 3
1694627926046 140.30692573790904 4
1694627927661 128.35944975209364 5
1694627929488 115.60525758076079 6
1694627931030 102.50357659419952 7
1694627932568 89.45757697644615 8
1694627934458 76.80782522940363 9
1694627936018 64.82955847523314 10
1694627937935 53.73313935901193 11
1694627939806 43.667052871616505 12
1694627941590 34.722831978288596 13
1694627943372 26.941343026512207 14
1694627945291 20.319919324191503 15
1694627947048 14.81989730136413 16
1694627948780 10.374180134344261 17
1694627950821 6.8945250758165795 18
1694627952810 4.278320090647978 19
1694627954586 2.414680466412976 20
1694627956334 1.1897551687726355 21
1694627958060 0.49118471301224714 22
1694627959830 0.21169658101016797 23
1694627961581 0.25186050516777864 24
1694627964207 0.5220543941995315 25
1694627966143 0.9437126949538703 26
1694627967559 1.4499431837921206 27
1694627968829 1.9856063204121954 28
1694627970801 2.506954224833602 29
1694627972555 2.9809249418462893 30
1694627973981 3.3841828209244547 31
1694627975566 3.701988411175779 32
1694627977681 3.9269720356814632 33
1694627979003 4.05787487205953 34
1694627980308 4.098310538077683 35
1694627981485 4.0555893758979 36
1694627982876 3.9396372597572764 37
1694627984249 3.7620311368317916 38
1694627986100 3.5351648767396657 39
1694627987591 3.2715514970104653 40
1694627989097 2.9832615236920534 41
1694627990464 2.681492151252071 42
1694627991850 2.3762579477388726 43
1694627993098 2.076191034951437 44
1694627994631 1.7884368560817236 45
1694627996056 1.5186307031237933 46
1694627997702 1.2709399810572135 47
1694627999236 1.048157599885122 48
1694628000660 0.8518327761150373 49
1694628002448 0.6824267665291215 50
1694628004169 0.5394825341244864 51
1694628005600 0.42179895702212267 52
1694628007251 0.3276018485506856 53
1694628008569 0.25470568828379314 54
1694628009995 0.2006615121706216 55
1694628011374 0.1628878319449221 56
1694628012989 0.13878271979469678 57
1694628014493 0.12581628566798975 58
1694628015845 0.12160368361934397 59
1694628017701 0.12395951083387871 60
1694628019340 0.13093501582230174 61
1694628020623 0.14083992342117088 62
1694628022038 0.15225093005647114 63
1694628023474 0.16400904201622227 64
1694628024939 0.1752079422103821 65
1694628026330 0.1851754972554541 66
1694628027621 0.19345037627659045 67
1694628029018 0.19975556389838484 68
1694628030395 0.20397032912031696 69
1694628031904 0.20610197375855036 70
1694628033598 0.20625844131967933 71
1694628035066 0.2046226297611196 72
1694628036407 0.20142902760768075 73
1694628037968 0.19694308828680024 74
1694628039489 0.19144357637498147 75
1694628040960 0.18520796409378149 76
1694628042457 0.17850082778937343 77
1694628043951 0.17156509200981757 78
1694628045625 0.16461589193693202 79
1694628046942 0.1578367713890706 80
1694628048282 0.15137790093155487 81
1694628049680 0.14535598604019714 82
1694628051128 0.13985553583683144 83
1694628052439 0.13493117572053098 84
1694628053670 0.13061070942351236 85
1694628054736 0.12689866498634947 86
1694628056006 0.123780092486135 87
1694628057534 0.12122441697154053 88
1694628058974 0.11918918618500042 89
1694628060482 0.1176235878318299 90
1694628061963 0.11647164425141736 91
1694628063470 0.115675022516367 92
1694628064794 0.11517542466269191 93
1694628066111 0.11491654560955067 94
1694628067456 0.11484560523872153 95
1694628068911 0.11491447612148437 96
1694628070300 0.11508043968974173 97
1694628071713 0.11530661153817509 98
1694628073347 0.11556208137663022 99
