1694718641688 3.9713798049635822 0
1694718643699 1.7462128327879893 1
1694718645845 3.353520203188766 2
1694718647809 5.349515695387834 3
1694718650054 3.950918929564445 4
1694718652268 2.6810858176182584 5
1694718654746 4.900407691371303 6
1694718657078 4.808101231448564 7
1694718659387 3.337232742374994 8
1694718661433 7.9656861517690825 9
1694718663816 4.0227574713124765 10
1694718666216 5.10724211643 11
1694718668424 4.317120564845985 12
1694718670756 4.149499774610898 13
1694718672813 5.57399075712037 14
1694718675013 7.683814652731653 15
1694718677100 7.047100968774665 16
1694718679286 2.777315448563015 17
1694718681533 2.108584359981309 18
1694718683586 6.275829970364819 19
1694718685837 5.6252484870162425 20
1694718687885 4.333698312567507 21
1694718690237 7.120677472746027 22
1694718692396 3.2527104262215625 23
1694718694661 3.334276000375763 24
1694718696714 4.5547044809212975 25
1694718699035 4.856981576680526 26
1694718701289 2.7320720560373983 27
1694718703562 4.5540669628605555 28
1694718705885 3.109547191989939 29
1694718707966 14.475531743253807 30
1694718710372 1.3293108300244811 31
1694718712562 8.970038187321881 32
1694718715003 3.8458592921419883 33
1694718717076 3.022438052989222 34
1694718719311 4.531923175426629 35
1694718721600 6.675442022718711 36
1694718724025 3.082223603916288 37
1694718726538 8.334347990615617 38
1694718728890 1.969670522305533 39
1694718731259 3.867509014728502 40
1694718733601 4.806013415800726 41
1694718735879 3.8908461282727047 42
1694718738414 4.494368682899131 43
1694718740542 3.1122770001939535 44
1694718742838 5.499812420621845 45
1694718744943 3.384690585080757 46
1694718747150 3.2664387237694354 47
1694718749319 2.158427387737921 48
1694718751398 4.369051843310093 49
1694718753617 3.4220780038312952 50
1694718755655 4.460753825397913 51
1694718757964 3.6746181132930658 52
1694718759999 7.79858049967837 53
1694718762346 4.521278512325584 54
1694718764326 4.810211165191265 55
1694718766767 5.532797140124737 56
1694718768728 5.810223342819261 57
1694718771120 5.834621646576929 58
1694718773460 3.740179283516982 59
1694718776007 2.13062362679883 60
1694718778451 2.8108916439967047 61
1694718780537 4.905884965649526 62
1694718783117 8.611850719275369 63
1694718785504 2.948721065333876 64
1694718787745 4.968552246280969 65
1694718790070 4.464610276369792 66
1694718792237 2.9282962280450926 67
1694718794766 6.144333245117818 68
1694718796929 7.229863268884863 69
1694718799161 4.287743623254454 70
1694718801262 6.045246997811885 71
1694718803343 7.074589043764951 72
1694718805741 5.892108028542408 73
1694718807729 5.904457003786318 74
1694718809910 6.537801343808611 75
1694718812125 2.6491430803189178 76
1694718814375 2.6311562501631722 77
1694718816318 0.3271425338083389 78
1694718818547 3.4624104734203285 79
1694718820480 5.592118181631869 80
1694718822736 4.641838126663531 81
1694718824701 4.738336854532904 82
1694718826995 4.242593212488235 83
1694718829122 5.936702967476589 84
1694718831277 3.994056891428004 85
1694718833594 5.114514165334049 86
1694718836114 6.387491906022539 87
1694718838190 4.575465217884879 88
1694718840140 5.648081274619888 89
1694718842506 7.574814909348614 90
1694718844795 7.612599184627026 91
1694718847034 3.766070021365585 92
1694718849306 4.5884354192055685 93
1694718851864 2.5609321606607875 94
1694718854217 6.326483025776471 95
1694718856247 3.9064284488029957 96
1694718858433 4.620163175529823 97
1694718860259 2.6992981300439647 98
1694718862408 3.2730615285406426 99
