1694621330131 169.64084248330963 0
1694621332494 166.32992007539954 1
1694621334080 160.0905294335243 2
1694621335615 151.452813703373 3
1694621337566 140.96975084230354 4
1694621339811 129.18720064362373 5
1694621341838 116.62008617295895 6
1694621343747 103.73460156958087 7
1694621345899 90.93608723300818 8
1694621347355 78.56202617343392 9
1694621348724 66.87948829475565 10
1694621349890 56.086277027499015 11
1694621351221 46.31500800406547 12
1694621352541 37.63936448076892 13
1694621353909 30.08182073830739 14
1694621355163 23.62219462269977 15
1694621356485 18.20647607326132 16
1694621357807 13.755473001588687 17
1694621359195 10.172913223228827 18
1694621360462 7.352736302646217 19
1694621361757 5.185398204691787 20
1694621363022 3.56309163811589 21
1694621364389 2.383853986331493 22
1694621365621 1.5545916813835232 23
1694621366954 0.99309448116381 24
1694621368223 0.6291456776930152 25
1694621369512 0.40485560964619816 26
1694621370989 0.2743571508233447 27
1694621372373 0.20300451187803278 28
1694621373653 0.1662122666689593 29
1694621375014 0.1480615702614337 30
1694621376667 0.1397865990462673 31
1694621377996 0.13823773224523583 32
1694621379323 0.14440017246385334 33
1694621380759 0.16202865270789876 34
1694621382100 0.1964414826467033 35
1694621383355 0.25350113157070736 36
1694621384793 0.33879431942452276 37
1694621385899 0.4570125012653306 38
1694621387129 0.6115238360928142 39
1694621388302 0.8041202442071717 40
1694621389543 1.0349178837829995 41
1694621390682 1.3023861382001338 42
1694621392054 1.6034787617297501 43
1694621393265 1.9338409058436556 44
1694621394654 2.2880670476609435 45
1694621395994 2.6599870713722527 46
1694621397314 3.042960631669175 47
1694621398441 3.4301631977919635 48
1694621399583 3.8148506114474325 49
1694621400795 4.190592400816368 50
1694621402009 4.551467323047808 51
1694621403232 4.89221754337985 52
1694621404409 5.208360420312176 53
1694621405573 5.4962590055545455 54
1694621406795 5.753154065712911 55
1694621407993 5.977161694659376 56
1694621409217 6.16724143516122 57
1694621410389 6.323140303851251 58
1694621411624 6.445318263078542 59
1694621412920 6.534860560409093 60
1694621414337 6.593382017561977 61
1694621415685 6.622927850589707 62
1694621417621 6.6258749942030635 63
1694621420098 6.604837232433884 64
1694621423103 6.562576746327261 65
1694621425094 6.501924011239343 66
1694621428581 6.425707338705764 67
1694621431401 6.336692780913189 68
1694621434014 6.237534613204583 69
1694621436385 6.130736189538376 70
1694621439592 6.018620630054431 71
1694621446246 5.903310547278616 72
1694621448374 5.786715843065952 73
1694621451942 5.670528504693256 74
1694621454250 5.556223286440938 75
1694621455960 5.445063172483631 76
1694621458001 5.338108567560897 77
1694621459748 5.236229243557801 78
1694621461411 5.140118173252628 79
1694621463171 5.050306498477056 80
1694621465138 4.967179001310324 81
1694621466782 4.890989567465055 82
1694621468714 4.821876245771259 83
1694621471479 4.759875612928638 84
1694621473033 4.704936245945254 85
1694621474691 4.656931184433673 86
1694621476434 4.61566933062088 87
1694621477809 4.580905786726054 88
1694621479102 4.552351168042593 89
1694621480509 4.529679956839149 90
1694621482073 4.512537978573592 91
1694621483368 4.5005490895643225 92
1694621484731 4.4933211659103875 93
1694621486249 4.4904514787828065 94
1694621487594 4.4915315328042995 95
1694621488936 4.496151433511657 96
1694621490420 4.5039038380777745 97
1694621491716 4.514387531568916 98
1694621493059 4.527210659818229 99
