1694445821265 -239.50563140254084 0
1694445821804 -193.91946596117162 1
1694445822392 -157.3011217404688 2
1694445822996 -127.59985818010227 3
1694445823673 -103.50733995145941 4
1694445824329 -83.95947942136762 5
1694445824950 -68.09848690228752 6
1694445825588 -55.224439097113326 7
1694445826270 -44.77499231055156 8
1694445826911 -36.290975706766375 9
1694445827518 -29.39911833686606 10
1694445828101 -23.8020688879662 11
1694445828678 -19.254213660649604 12
1694445829264 -15.555711214415147 13
1694445829832 -12.550001544656855 14
1694445830416 -10.105216736334059 15
1694445831089 -8.113896573179073 16
1694445831720 -6.4942698989627985 17
1694445832265 -5.175120886247811 18
1694445832830 -4.0982435895038005 19
1694445833338 -3.2215850949667315 20
1694445833979 -2.506313886965358 21
1694445834595 -1.9205113040973023 22
1694445835200 -1.4432144439973191 23
1694445835807 -1.0515101508442317 24
1694445836337 -0.7319010431947479 25
1694445836871 -0.4700912861896751 26
1694445837431 -0.25393228149152725 27
1694445837905 -0.07751935271857335 28
1694445838441 0.06745355498815198 29
1694445839004 0.18825027898145175 30
1694445839562 0.2866990570301642 31
1694445840147 0.36908602240002397 32
1694445840963 0.43638192861933756 33
1694445841623 0.492023978275531 34
1694445842249 0.5394374326699236 35
1694445842961 0.577875570702066 36
1694445843790 0.6108410075356361 37
1694445844967 0.6376322004660708 38
1694445846457 0.6607625900858675 39
1694445847779 0.6796194928048608 40
1694445848609 0.6953108095889835 41
1694445849309 0.7095164671901713 42
1694445849956 0.7207066167665139 43
1694445850600 0.7309342805331138 44
1694445851295 0.7390070251936489 45
1694445852028 0.7464520970232615 46
1694445852606 0.7523447787685165 47
1694445853211 0.7571948366241188 48
1694445853760 0.7622582585618021 49
1694445854421 0.76583622807096 50
1694445855028 0.7696174856661042 51
1694445855591 0.7722895864950774 52
1694445856148 0.7751432685089352 53
1694445856798 0.7771617314328274 54
1694445857396 0.7793365674048619 55
1694445858040 0.7808771516942529 56
1694445858646 0.7820035493311414 57
1694445859286 0.7838051836541928 58
1694445859846 0.7846618427446769 59
1694445860440 0.7860511566906644 60
1694445861019 0.786710421903843 61
1694445861668 0.7877913194491684 62
1694445862336 0.7883033272670374 63
1694445862968 0.7891508992921126 64
1694445863656 0.7895511865651513 65
1694445864421 0.7902204621578672 66
1694445865801 0.7905347751752322 67
1694445867299 0.7910665967045163 68
1694445868555 0.7913139750337672 69
1694445869751 0.7912914618513189 70
1694445870566 0.7919894476014703 71
1694445871454 0.7919642942117613 72
1694445872172 0.7925081978187215 73
1694445872956 0.7924837106024643 74
1694445873698 0.7929119217365472 75
1694445874915 0.7928889768964044 76
1694445875781 0.7932292558281184 77
1694445876653 0.7932077336283995 78
1694445877456 0.7934804794002605 79
1694445878424 0.7934599522394681 80
1694445879432 0.7936803618154475 81
1694445880347 0.793660397141327 82
1694445881127 0.7933961039251173 83
1694445881805 0.793874113605095 84
1694445882383 0.7936552736217145 85
1694445882979 0.7940255691483025 86
1694445883598 0.7938451450727878 87
1694445884216 0.7941359657977325 88
1694445884826 0.7939869439745711 89
1694445885401 0.7942182852011811 90
1694445885960 0.7940944559347288 91
1694445886580 0.7942807201409846 92
1694445887247 0.7941769077202723 93
1694445887926 0.7943286240895124 94
1694445888486 0.7942406628285602 95
1694445889055 0.7943656277682117 96
1694445889602 0.7942902358072531 97
1694445890235 0.7939719952154642 98
1694445890813 0.7943801047937151 99
