1694714875093 56.73824844534615 0
1694714876847 18.63578425323539 1
1694714878574 5.747633576735366 2
1694714880375 2.2991658664701062 3
1694714882397 0.658504919076328 4
1694714884481 0.20353883594391453 5
1694714886293 0.18940762749245457 6
1694714888254 0.36015871287805823 7
1694714890019 0.3815399532390799 8
1694714891993 0.316268053007852 9
1694714893882 0.2045350409548552 10
1694714895996 0.17307014308081298 11
1694714897929 0.1649177200747914 12
1694714900099 0.10484062269472597 13
1694714902131 0.17962499730209225 14
1694714904420 0.11459958418051608 15
1694714906717 0.14996381322500155 16
1694714909095 0.10816799668897133 17
1694714911290 0.09169496000004658 18
1694714913317 0.2094795706354088 19
1694714915217 0.29206874390215504 20
1694714917051 0.14798990311368132 21
1694714918954 0.03646889137666998 22
1694714920943 0.2536658473502913 23
1694714922706 0.07838078010444845 24
1694714924938 0.1414409677737239 25
1694714926856 0.16080442287372473 26
1694714928734 0.13717231716471384 27
1694714930550 0.26737736300120646 28
1694714932399 0.28153506081025115 29
1694714934178 0.21931738808722864 30
1694714936199 0.061509374549988824 31
1694714937733 0.0711084206596129 32
1694714939490 0.07764077297206215 33
1694714941179 0.17797982374594445 34
1694714943147 0.20662737667778117 35
1694714944957 0.11811593918153258 36
1694714946708 0.14069492276643727 37
1694714948663 0.1757313722022277 38
1694714950698 0.18553024920483227 39
1694714952538 0.11755808093588224 40
1694714954460 0.08256197036372763 41
1694714956424 0.07254709598598892 42
1694714958256 0.1346771858560309 43
1694714960304 0.06852753873385117 44
1694714962185 0.14435210332653775 45
1694714964379 0.15232339594121705 46
1694714966116 0.09662148229735971 47
1694714968000 0.14458166619513613 48
1694714970013 0.14705328468682058 49
1694714971969 0.07507317163650003 50
1694714973928 0.07689607264214107 51
1694714975927 0.12404442873117719 52
1694714977670 0.08330707474890701 53
1694714979578 0.18653351961747552 54
1694714981263 0.09246992802285178 55
1694714983034 0.1596446943731938 56
1694714984816 0.08987840859201963 57
1694714986599 0.08753822479199695 58
1694714988359 0.17770576919814218 59
1694714990085 0.05292080967634073 60
1694714991890 0.11010327385865641 61
1694714993690 0.1052865077207142 62
1694714995697 0.06986201530801718 63
1694714997216 0.12294799728001977 64
1694714998860 0.12130383874100077 65
1694715000580 0.10547524496591129 66
1694715002511 0.1550642771452688 67
1694715004325 0.15539325267189358 68
1694715006139 0.13146488054579455 69
1694715007913 0.16139942580360941 70
1694715009574 0.06895351264791243 71
1694715011404 0.13923875704217073 72
1694715013091 0.253967258875844 73
1694715014961 0.2156102377744323 74
1694715016742 0.06269353589246576 75
1694715018640 0.12707246958052376 76
1694715020601 0.19319267147714822 77
1694715022337 0.26922236296092694 78
1694715024312 0.14088159660813285 79
1694715026219 0.2344874427159736 80
1694715027993 0.04298714772215918 81
1694715029719 0.06382550707727165 82
1694715031713 0.05314718440433027 83
1694715033487 0.05401219767217587 84
1694715035250 0.16714226934341908 85
1694715037055 0.093397239563589 86
1694715039051 0.1457169017383721 87
1694715040960 0.08063383818652453 88
1694715042869 0.07665046298997472 89
1694715044888 0.33801327825845395 90
1694715046726 0.13151612418765024 91
1694715048672 0.18985819102869445 92
1694715050496 0.14956705545746696 93
1694715052300 0.23676833511514306 94
1694715054077 0.10079077180911984 95
1694715056034 0.19116814462474788 96
1694715057815 0.23826775331238825 97
1694715059553 0.06106571516195346 98
1694715061754 0.03106908891370292 99
