1694447410013 -239.32384704812617 0
1694447410616 -193.4832011498777 1
1694447411384 -156.76922940296544 2
1694447412144 -127.18952782344937 3
1694447412787 -103.33695547192974 4
1694447413402 -84.08485383077685 5
1694447413986 -68.52979502191182 6
1694447414648 -55.948290891165705 7
1694447415401 -45.7598800731208 8
1694447416033 -37.49806705778893 9
1694447416685 -30.790092272532117 10
1694447417373 -25.335282275987204 11
1694447418019 -20.891632246288047 12
1694447418690 -17.266558060170293 13
1694447419378 -14.303375350089015 14
1694447420012 -11.87642911091205 15
1694447420661 -9.883746945522446 16
1694447421423 -8.245208274008455 17
1694447422173 -6.894209459022293 18
1694447422836 -5.7775286980632865 19
1694447423472 -4.851443050850769 20
1694447424163 -4.082518353556126 21
1694447424877 -3.4418199804002416 22
1694447425631 -2.905838002125792 23
1694447426401 -2.457122686697732 24
1694447427811 -2.0799331978412554 25
1694447429035 -1.7618987210907844 26
1694447430964 -1.4923563174764705 27
1694447432102 -1.264165592901342 28
1694447433136 -1.0699992399075726 29
1694447433884 -0.9037914700909129 30
1694447434616 -0.761919459482141 31
1694447435488 -0.6401355947996639 32
1694447436330 -0.5348517265518071 33
1694447437292 -0.44432693264822976 34
1694447438211 -0.365995077318942 35
1694447438978 -0.2976219443316801 36
1694447439813 -0.2384921222285603 37
1694447440626 -0.18697207437331875 38
1694447441448 -0.14157928102703443 39
1694447442347 -0.102171556340525 40
1694447443205 -0.06732397359099851 41
1694447443884 -0.036948507050588386 42
1694447444522 -0.0102597093266521 43
1694447445278 0.013573069398549631 44
1694447446188 0.034338998460164305 45
1694447447007 0.052922927455159585 46
1694447447874 0.0691663773519996 47
1694447449350 0.08350344390216213 48
1694447450277 0.09649522071375616 49
1694447451038 0.10777955326649857 50
1694447451713 0.11801373922662972 51
1694447452395 0.12692635327687296 52
1694447453014 0.1350143262527863 53
1694447453843 0.14207352940022488 54
1694447454634 0.14829968768180424 55
1694447455398 0.15408517299611146 56
1694447456162 0.15903313906455763 57
1694447456912 0.1636276667259 58
1694447457694 0.16756702494032416 59
1694447458343 0.1712227445495207 60
1694447459073 0.17436335099563527 61
1694447459696 0.17710413111540013 62
1694447460288 0.1797799954171696 63
1694447460934 0.181969767097657 64
1694447461669 0.184102350086085 65
1694447462440 0.18585355391834357 66
1694447463154 0.18755584992353236 67
1694447463900 0.18895700501811918 68
1694447464626 0.19014509180526773 69
1694447465347 0.19143536429980468 70
1694447466071 0.19238818309658023 71
1694447466669 0.1934174193795446 72
1694447467300 0.19418192844498738 73
1694447467876 0.19500469490849415 74
1694447468646 0.19561794700572643 75
1694447469460 0.19627676369677494 76
1694447470150 0.19676830145729063 77
1694447470797 0.19713992560474947 78
1694447471505 0.1976845592564166 79
1694447472180 0.19798476703966972 80
1694447472875 0.19841916259966386 81
1694447473543 0.19866153187606828 82
1694447474226 0.1990093320753239 83
1694447474876 0.19920454672096966 84
1694447475544 0.199483866266575 85
1694447476282 0.19964054820943467 86
1694447477307 0.199711753627151 87
1694447478209 0.1999846332065015 88
1694447479135 0.20004427598797003 89
1694447480001 0.20026147855719245 90
1694447480804 0.20031111287318992 91
1694447481800 0.20048525346877488 92
1694447482962 0.20052599541339777 93
1694447484059 0.2006664236006016 94
1694447484932 0.20069926360935053 95
