1694611834731 168.54379126551402 0
1694611836422 165.19807082103898 1
1694611838434 158.97283858782842 2
1694611839816 150.39067077116144 3
1694611841457 139.99561320171784 4
1694611843495 128.3240918909732 5
1694611845204 115.88181085411796 6
1694611846728 103.12651531263904 7
1694611848301 90.45625996883106 8
1694611849796 78.20264489736027 9
1694611851159 66.62836214485006 10
1694611852556 55.92832884684175 11
1694611853886 46.233660720647954 12
1694611855402 37.617755571342286 13
1694611856764 30.10380208540018 14
1694611858170 23.673096950424732 15
1694611859600 18.27363596210261 16
1694611861168 13.82853569932899 17
1694611862582 10.24393587375869 18
1694611863879 7.416123862762231 19
1694611865286 5.237708481962645 20
1694611866669 3.6027469879395766 21
1694611867990 2.4107957815363767 22
1694611869397 1.569910290835356 23
1694611870681 0.9986627480230612 24
1694611872136 0.6272783260502656 25
1694611874154 0.3980111255901094 26
1694611876081 0.26489289995225446 27
1694611877702 0.1929905028778191 28
1694611879278 0.15730429322899578 29
1694611880708 0.1414306176886369 30
1694611882124 0.1360984641881709 31
1694611883502 0.13767478341640726 32
1694611885549 0.14671602128099082 33
1694611887793 0.16662613059345793 34
1694611889378 0.20246459053017113 35
1694611891650 0.2599324247167768 36
1694611893919 0.3445503577682358 37
1694611896670 0.46103140069829507 38
1694611898809 0.612840470937996 39
1694611900348 0.8019261656450024 40
1694611902162 1.0286044434735702 41
1694611904040 1.2915705727544875 42
1694611905503 1.5880140556933264 43
1694611906970 1.9138110825471293 44
1694611909080 2.2637701309016585 45
1694611910832 2.6319083239108907 46
1694611913052 3.0117388284812643 47
1694611915568 3.3965526611082186 48
1694611917554 3.7796815545207085 49
1694611918869 4.15473183425942 50
1694611920397 4.515782407669918 51
1694611922094 4.857542860796274 52
1694611923389 5.1754702076352945 53
1694611925178 5.465844988898824 54
1694611927426 5.7258091494286685 55
1694611929907 5.953369434008859 56
1694611931474 6.147370949069067 57
1694611932970 6.307446075988229 58
1694611934231 6.4339441341808605 59
1694611935476 6.527847129183854 60
1694611936784 6.590676635870092 61
1694611938104 6.62439641303878 62
1694611939362 6.631314773926655 63
1694611940710 6.613990094372453 64
1694611941966 6.575142167629263 65
1694611943228 6.517571446987814 66
1694611944579 6.444087582559122 67
1694611946241 6.357448078167095 68
1694611947667 6.260307383310924 69
