1694693136104 1.0174345312713664 0
1694693137691 0.5196556946854198 1
1694693139088 0.5511760177977727 2
1694693140701 0.5689285864755022 3
1694693141947 0.5954436055136656 4
1694693143021 0.4730758943894744 5
1694693144149 0.4629584736335303 6
1694693145432 0.7256270380150526 7
1694693147254 0.47227314920463587 8
1694693149154 0.6664073294587421 9
1694693151362 0.5780281657556368 10
1694693152857 0.5317465815147954 11
1694693154220 0.5455794141657786 12
1694693155579 0.5890561137546024 13
1694693157048 0.5408569606921381 14
1694693158249 0.4601051971165519 15
1694693159769 0.6125319751867919 16
1694693161213 0.576585704299922 17
1694693162456 0.5032071049142063 18
1694693163911 0.6755655210855317 19
1694693165314 0.5310512484524199 20
1694693166836 0.48837699387333056 21
1694693168065 0.4731184533483278 22
1694693169461 0.5642291130576588 23
1694693170644 0.6774487003348536 24
1694693171944 0.5406415798753067 25
1694693173772 0.5633107860851732 26
1694693175528 0.4857276323001499 27
1694693176905 0.680988372474374 28
1694693178764 0.6039086041595811 29
1694693180781 0.5585002358784513 30
1694693182169 0.5298078010821544 31
1694693183455 0.5551965765817231 32
1694693185038 0.5428640460829883 33
1694693186518 0.6778922673393107 34
1694693187938 0.5979238788749928 35
1694693189252 0.5624804120172786 36
1694693190657 0.494191061322395 37
1694693191983 0.45691372006546677 38
1694693193331 0.5911192178309363 39
1694693194546 0.5847895296203921 40
1694693195771 0.526835992599487 41
1694693196944 0.5233875642101257 42
1694693198038 0.5089036945191275 43
1694693199324 0.5383792671035412 44
1694693200741 0.7767729307154221 45
1694693202192 0.49542317316508167 46
1694693203493 0.581339469464449 47
1694693204694 0.6099033276109138 48
1694693205930 0.5680722700780396 49
1694693207101 0.6181789662898226 50
1694693208805 0.6581101803751325 51
1694693210020 0.5274063909551289 52
1694693211423 0.45944182163462516 53
1694693212933 0.57200988377474 54
1694693214131 0.616124030123988 55
1694693215461 0.5723793950203002 56
1694693216662 0.5567962559276102 57
1694693217777 0.5656536752837248 58
1694693219157 0.531351634480007 59
1694693221238 0.5755126602903269 60
1694693222890 0.6312366369730765 61
1694693225222 0.4923514035145459 62
1694693227170 0.5948756784244402 63
1694693228974 0.5098233471167173 64
1694693230380 0.5191922402862926 65
1694693231764 0.5645832621830776 66
1694693233026 0.6456461524209899 67
1694693234254 0.57092343676176 68
1694693235470 0.5273662222789052 69
1694693236804 0.6410161662822031 70
1694693238203 0.48032959860211827 71
1694693240020 0.6031523294720701 72
1694693241252 0.7059528824912052 73
1694693242653 0.5559894188919297 74
1694693243949 0.6717351750894176 75
1694693245091 0.5571495604172099 76
1694693246391 0.49079418754177334 77
1694693248735 0.745590132098129 78
1694693250912 0.488227752942952 79
1694693253587 0.49515348626329564 80
1694693255866 0.5552367583378894 81
1694693257431 0.5309962301132793 82
1694693258895 0.7140377576526061 83
1694693260437 0.5611248887793185 84
1694693261856 0.47821021977833394 85
1694693263070 0.6754616834211674 86
1694693264174 0.4712074639203586 87
1694693265301 0.53955080363262 88
1694693266367 0.6491703784514072 89
1694693267609 0.6591480106892746 90
1694693268767 0.4415196974211957 91
1694693269837 0.5218043508609072 92
1694693270918 0.5491827879681067 93
1694693272097 0.5578352245509823 94
1694693273456 0.4745599142005072 95
1694693274932 0.5956066347819003 96
1694693276394 0.5157241244062215 97
1694693277589 0.48462092300196635 98
1694693278730 0.5450031070140123 99
1694693280241 0.6912391218202771 100
1694693281368 0.652274773402753 101
1694693282605 0.5401889660891364 102
1694693283992 0.6326997942549585 103
1694693285426 0.5363312897376297 104
1694693286768 0.6143765173372042 105
1694693288839 0.5787987003589674 106
1694693290835 0.5185820119725978 107
1694693292246 0.6349279408927139 108
1694693294125 0.6069761056028028 109
1694693295937 0.5815771168102684 110
1694693297160 0.6761483972256122 111
1694693298646 0.5488562959840853 112
1694693300115 0.5694127559468091 113
1694693301374 0.6627414766925369 114
1694693302658 0.5018424679655245 115
1694693303856 0.6273861629997254 116
1694693305110 0.5066002078010821 117
1694693306277 0.5907663488166117 118
1694693307583 0.5735943237709151 119
1694693308859 0.6703825257059148 120
1694693310011 0.503092932175104 121
1694693311173 0.5345455429642475 122
1694693312472 0.7349813636595453 123
1694693313702 0.48123514530273737 124
1694693314884 0.56123064689425 125
1694693316103 0.5681286461133476 126
1694693317305 0.5969166723528609 127
1694693318493 0.5415595115803692 128
1694693319692 0.40020085988859205 129
1694693321061 0.6303065818858574 130
1694693322442 0.5292890035481493 131
1694693323592 0.5129614525903968 132
1694693324762 0.559754870147689 133
1694693325892 0.5757378029170832 134
1694693327105 0.5310867651982542 135
1694693328481 0.47937982121334455 136
1694693329661 0.5824800636730372 137
1694693330778 0.5465611365169731 138
1694693331957 0.6335278390567716 139
1694693333247 0.5289502743977172 140
1694693334906 0.5381326737527772 141
1694693336450 0.6827442654840659 142
1694693337654 0.6873526294629977 143
1694693339026 0.7332366588655748 144
1694693340614 0.5100755558030806 145
1694693341974 0.5699727153002702 146
1694693343401 0.5370159276376847 147
1694693344940 0.635692661600688 148
1694693346665 0.6629434581999714 149
1694693348741 0.605042096141451 150
1694693351301 0.4992122563441276 151
1694693353317 0.630998007714192 152
1694693354707 0.49262393972878177 153
1694693356391 0.5876907655124137 154
1694693357862 0.47953297323549926 155
1694693359079 0.5495335810803502 156
1694693360699 0.6179182267610571 157
1694693361949 0.5948301647246103 158
1694693363230 0.6126403567931193 159
1694693364362 0.4897375577644398 160
1694693365812 0.6074979231949142 161
1694693367645 0.646147236092686 162
1694693369095 0.5684780928146356 163
1694693370393 0.6805833069345101 164
1694693371580 0.6123078463390079 165
1694693373042 0.4942809364737806 166
1694693374333 0.6562269221644571 167
1694693375633 0.7305083783133237 168
1694693376876 0.5041038775669987 169
1694693378078 0.5424873744702932 170
1694693379174 0.6658384560162454 171
1694693380386 0.6778730106644918 172
1694693381802 0.7443109952037762 173
1694693383091 0.5283303674906785 174
1694693384257 0.4596261778123806 175
1694693385470 0.6369873659215898 176
1694693386730 0.47882789763654154 177
1694693388057 0.6386029782042614 178
1694693389370 0.43970655544859466 179
1694693390729 0.5862739635571692 180
1694693392244 0.45597543513784233 181
1694693393396 0.554515104978816 182
1694693394937 0.5086558282798509 183
1694693396551 0.7687920933886178 184
1694693397845 0.5493749090641247 185
1694693399669 0.5259776113482518 186
1694693401020 0.5789001154220614 187
1694693402208 0.5105690594210535 188
1694693403484 0.47491919205098687 189
1694693405088 0.644552523422869 190
1694693406334 0.5046919372031242 191
1694693407732 0.5188324614912151 192
1694693409283 0.4611019127607887 193
1694693410660 0.6287211438847852 194
1694693411968 0.6768213845809655 195
1694693413171 0.6588929217412811 196
1694693414411 0.603754361351822 197
1694693415683 0.5417027586891766 198
1694693417058 0.5107190341289969 199
1694693418265 0.4778239056362484 200
1694693419729 0.5880604328537062 201
1694693421364 0.5942990908796304 202
1694693422793 0.564950624235646 203
1694693424222 0.5313796313043825 204
1694693425554 0.550570782706634 205
1694693426912 0.6158026002763405 206
1694693428036 0.5166918813848728 207
1694693429282 0.5903802491453709 208
1694693430552 0.563633508309439 209
1694693431773 0.5342086572292875 210
1694693432941 0.6176785108264722 211
1694693434102 0.6712136668014164 212
1694693435498 0.6148919138914006 213
1694693437255 0.5543112786319175 214
1694693438582 0.5795138324589107 215
1694693440057 0.5580837113656526 216
1694693441743 0.7155715478295663 217
1694693443175 0.7001518804412542 218
1694693444356 0.665512647473994 219
1694693445592 0.5564020051796054 220
1694693446715 0.499098613885013 221
1694693447863 0.6220182997278115 222
1694693449092 0.5479772682663782 223
1694693450426 0.5604242430093087 224
1694693451578 0.5040820367843127 225
1694693452833 0.6811866177623228 226
1694693454301 0.5760857750395476 227
1694693456786 0.4397734997448773 228
1694693459195 0.5359179988888906 229
1694693460961 0.6257816948224834 230
1694693462090 0.5863168502917371 231
1694693463303 0.5846587987709748 232
1694693464645 0.48148579674134323 233
1694693465860 0.5831248849194959 234
1694693467104 0.5798244264273898 235
1694693468319 0.572696358037498 236
1694693469452 0.5468553996483364 237
1694693470656 0.5634645529653721 238
1694693471863 0.7219714759784879 239
1694693473101 0.5052078894746669 240
1694693474301 0.5208002825561434 241
1694693475551 0.45010600724842126 242
1694693476811 0.5561298285587591 243
1694693478001 0.6345236606501604 244
1694693479135 0.47291508279678807 245
1694693480399 0.6608567399969769 246
1694693481557 0.6048339681978528 247
1694693482732 0.484679939047552 248
1694693483953 0.5314489861777213 249
1694693485170 0.5865384165926154 250
1694693486348 0.5227934020231897 251
1694693487599 0.6697578896452312 252
1694693488801 0.602108878663735 253
1694693489950 0.5507064891638764 254
1694693491253 0.5791112757933398 255
1694693492471 0.5395913631578081 256
1694693493603 0.5159953214084843 257
1694693494784 0.5525824905153839 258
1694693496035 0.5196846485455795 259
1694693497375 0.5155683076761869 260
1694693498539 0.6907997559174555 261
1694693499925 0.6184780901374808 262
1694693501207 0.5253936180615945 263
1694693502388 0.46924885813872996 264
1694693503611 0.6554079029437172 265
1694693505008 0.5624138914121157 266
1694693506168 0.6858265733733396 267
1694693507364 0.6621608246457783 268
1694693508596 0.5494666345260739 269
1694693509721 0.6354925679937754 270
1694693510875 0.5429679178990865 271
1694693512184 0.5976879293688105 272
1694693513524 0.5959567199727109 273
1694693514985 0.4907422640580042 274
1694693516400 0.5966738723945146 275
1694693517742 0.7083920450403594 276
1694693519087 0.44797687354922777 277
1694693520459 0.6282225663523938 278
1694693521644 0.47939444216970567 279
1694693522750 0.4382112030138252 280
1694693524188 0.46165365296921207 281
1694693525336 0.6806592490479887 282
1694693526469 0.658057268873422 283
1694693527654 0.5414383531997552 284
1694693528899 0.5758591518912304 285
1694693529994 0.6110937001312372 286
1694693531358 0.6239044739041926 287
1694693532670 0.5096468777261254 288
1694693533966 0.6227044637556973 289
1694693535156 0.5141048127381976 290
1694693536526 0.632139278731065 291
1694693537621 0.5783000100190167 292
1694693538768 0.5263182981904867 293
1694693539972 0.5499934457740899 294
1694693541185 0.519436953097994 295
1694693542291 0.47167464371717593 296
1694693543529 0.6059789077401815 297
1694693544747 0.5515496884013332 298
1694693545901 0.49237773674730667 299
