1694699871787 168.09122431258675 0
1694699873504 164.7553099761235 1
1694699875183 161.49224869621779 2
1694699876601 158.30038356530906 3
1694699878090 155.17809622738832 4
1694699879749 152.12380596990377 5
1694699881407 149.13596883719921 6
1694699882819 146.2130767649726 7
1694699884309 143.35365673525487 8
1694699885682 140.55626995142032 9
1694699887311 137.81951103275182 10
1694699888967 135.14200722809625 11
1694699890574 132.52241764815483 12
1694699891935 129.959432515966 13
1694699893410 127.45177243514762 14
1694699895149 124.99818767547558 15
1694699896676 122.59745747538753 16
1694699898317 120.24838936100775 17
1694699900171 117.9498184813016 18
1694699901531 115.70060695897465 19
1694699903322 113.49964325674311 20
1694699904969 111.34584155860931 21
1694699906668 109.23814116578572 22
1694699908441 107.1755059069192 23
1694699909784 105.15692356227527 24
1694699911283 103.18140530155091 25
1694699912694 101.24798513499157 26
1694699914058 99.35571937749576 27
1694699915454 97.50368612539965 28
1694699916736 95.69098474563918 29
1694699918383 93.9167353769958 30
1694699919737 92.18007844313897 31
1694699921199 90.48017417718492 32
1694699922655 88.81620215749774 33
1694699924083 87.1873608544661 34
1694699925542 85.59286718799463 35
1694699927077 84.03195609545514 36
1694699928633 82.5038801098499 37
1694699930326 81.00790894794358 38
1694699931736 79.5433291081277 39
1694699933166 78.109443477786 40
1694699935093 76.70557094993545 41
1694699936713 75.33104604892229 42
1694699938158 73.98521856495837 43
1694699939453 72.66745319728766 44
1694699940978 71.37712920577823 45
1694699942411 70.11364007073952 46
1694699943793 68.87639316076958 47
1694699945861 67.66480940844205 48
1694699947629 66.47832299364632 49
1694699949102 65.3163810343995 50
1694699950869 64.1784432849529 51
1694699952573 63.06398184101985 52
1694699954207 61.97248085195589 53
1694699955693 60.90343623972628 54
1694699957036 59.85635542450013 55
1694699958673 58.83075705671356 56
1694699960107 57.826170755448814 57
1694699961547 56.842136852979046 58
1694699963088 55.87820614533319 59
1694699964578 54.933939648737585 60
1694699966185 54.00890836179533 61
1694699967610 53.102693033267116 62
1694699968961 52.214883935321 63
1694699970501 51.34508064212129 64
1694699971941 50.492891813629896 65
1694699973395 49.65793498449686 66
1694699974809 48.83983635791934 67
1694699976390 48.03823060435109 68
1694699977745 47.25276066494805 69
1694699979277 46.48307755963709 70
1694699980691 45.72884019969911 71
1694699982061 44.98971520475907 72
1694699983777 44.265376724078756 73
1694699985157 43.555506262050365 74
1694699986676 42.85979250779139 75
1694699988097 42.17793116874371 76
1694699989494 41.509624808182174 77
1694699991162 40.85458268653982 78
1694699992576 40.212520606459876 79
1694699994008 39.58316076148576 80
1694699995829 38.96623158830348 81
1694699997464 38.36146762245207 82
1694699998992 37.76860935742006 83
1694700000754 37.18740310704798 84
1694700002717 36.61760087115849 85
1694700004980 36.058960204337964 86
1694700006672 35.51124408779497 87
1694700008127 34.97422080422273 88
1694700009622 34.44766381559467 89
1694700011189 33.93135164382378 90
1694700012725 33.42506775421774 91
1694700014279 32.92860044166422 92
1694700015760 32.44174271948137 93
1694700017196 31.964292210870777 94
1694700018701 31.496051042911365 95
1694700020123 31.036825743034044 96
1694700021584 30.586427137918726 97
1694700022975 30.14467025475633 98
1694700024426 29.71137422481998 99
