1694683656533 168.83772543452676 0
1694683658781 154.71404007620677 1
1694683660460 132.21803637906365 2
1694683663033 108.56244368006828 3
1694683666115 89.65305728301867 4
1694683669960 78.34282754237067 5
1694683673271 74.13610807529865 6
1694683675860 74.1563691547583 7
1694683678674 74.76447386544883 8
1694683681803 73.0985353257262 9
1694683684176 67.98327919352573 10
1694683686792 60.00362696364502 11
1694683689428 50.89123259195927 12
1694683692122 42.60021232487903 13
1694683694879 36.4889922055845 14
1694683697563 32.90058358987243 15
1694683700357 31.22313233539971 16
1694683702917 30.3125790743473 17
1694683705145 29.043379842274263 18
1694683707840 26.74910002542457 19
1694683710428 23.40234523144704 20
1694683713271 19.512040279734975 21
1694683715754 15.828840438848681 22
1694683718493 13.006530027972817 23
1694683721222 11.357367481213439 24
1694683723610 10.778705522326304 25
1694683726316 10.849256861990384 26
1694683729562 11.029382837253241 27
1694683732172 10.872195238890981 28
1694683734754 10.164797454835337 29
1694683737228 8.95955637077054 30
1694683740088 7.503494663642688 31
1694683743097 6.110247812649601 32
1694683745988 5.032130687418583 33
1694683748791 4.379132991714707 34
1694683751723 4.1055602493860945 35
1694683754294 4.056167635051959 36
1694683756690 4.043265193302186 37
1694683759180 3.920368226259383 38
1694683761842 3.62596029715211 39
1694683764834 3.1871860972580843 40
1694683767680 2.690155176248149 41
1694683770482 2.2346126633119545 42
1694683773343 1.8930136151248664 43
1694683775952 1.6883864752010382 44
1694683778682 1.5954525155015475 45
1694683781384 1.5598344982175558 46
1694683784373 1.5244009627379558 47
1694683786948 1.4512776218941303 48
1694683789327 1.3319794633811668 49
1694683792193 1.184131336130477 50
1694683795202 1.0386699789639713 51
1694683798197 0.9243147130840472 52
1694683801207 0.8558454773298693 53
1694683804815 0.8300301759516578 54
1694683809372 0.8293878962233204 55
1694683811899 0.8309306344081989 56
1694683814498 0.8156358394156139 57
1694683817559 0.7748852527503013 58
1694683819712 0.7119317316230377 59
1694683821896 0.6386855240270439 60
1694683824145 0.5698276412773542 61
1694683826807 0.5169074011863675 62
1694683829813 0.484615174827456 63
1694683832672 0.47021970347226527 64
1694683835919 0.4658076278365572 65
1694683838653 0.46199405537039523 66
1694683841201 0.45147739478157367 67
1694683843752 0.4311737045393796 68
1694683846647 0.4024272669901372 69
1694683849296 0.3695965780516431 70
1694683852268 0.3378526746109189 71
1694683855534 0.3111508599092802 72
1694683859233 0.2910812029657642 73
1694683862266 0.2768365416939475 74
1694683865455 0.266074044297229 75
1694683868729 0.2561594559502039 76
1694683871299 0.24524463740441052 77
1694683874078 0.23280436251221143 78
1694683876840 0.21953954730466083 79
1694683879677 0.20681437566319844 80
1694683882474 0.19593995953385673 81
1694683885417 0.18761474281902282 82
1694683887920 0.18171140618117154 83
1694683890362 0.177430092849332 84
1694683893335 0.17369249129839065 85
1694683896025 0.16958132588261937 86
1694683899011 0.16464759836004791 87
1694683901870 0.15899032278076697 88
1694683904808 0.15311719022506115 89
1694683907642 0.14767630348275992 90
1694683909988 0.14318193117853706 91
1694683911906 0.13983771450087693 92
1694683914006 0.13750586457609545 93
1694683916272 0.13580774837798776 94
1694683918447 0.1342950816411593 95
1694683921126 0.1326158899777747 96
1694683923507 0.1306153274190267 97
1694683926383 0.12834664715442498 98
1694683929450 0.12600538076186213 99
1694683931711 0.12382556711871254 100
1694683933983 0.12198336060123044 101
1694683936941 0.12054180537582562 102
1694683939505 0.11944873668128786 103
1694683942611 0.11857776198458073 104
1694683945490 0.11778831390065718 105
1694683948144 0.11697849192769073 106
1694683951347 0.1161123905374146 107
1694683953994 0.11521685723287758 108
1694683957079 0.11435514220073338 109
1694683959834 0.1135921345554118 110
1694683962886 0.1129661421320039 111
1694683965704 0.1124767251613861 112
1694683968226 0.11209010739157542 113
1694683971123 0.11175667523532773 114
1694683973972 0.11143150500937953 115
1694683976742 0.11108942319666494 116
1694683979308 0.11072980051711694 117
1694683981968 0.11037110917806747 118
1694683984934 0.11003918609897308 119
1694683988015 0.10975482899679241 120
1694683990956 0.10952558435180618 121
1694683994057 0.10934411354679863 122
1694683996546 0.10919259805334865 123
1694683999111 0.10905045616406989 124
1694684001996 0.10890188265200448 125
1694684004261 0.1087404129016484 126
1694684006745 0.10856932784386979 127
1694684009689 0.10839847913321478 128
1694684012092 0.10823933784336129 129
1694684014758 0.10810039712605521 130
1694684017974 0.10798453468245388 131
1694684020405 0.10788891935128142 132
1694684023230 0.10780700120446805 133
1694684026039 0.10773144904811896 134
1694684028626 0.10765677362960395 135
1694684031247 0.10758074021942585 136
1694684034236 0.10750429990491395 137
1694684037347 0.1074303715576264 138
1694684038895 0.10736216602652024 139
1694684040570 0.10730177412541382 140
1694684041890 0.1072494940015472 141
1694684043153 0.10720399804498257 142
1694684044475 0.10716310120550766 143
1694684045695 0.1071247115955499 144
1694684046889 0.10708755812026391 145
1694684048140 0.10705145532985454 146
1694684049470 0.10701709055258696 147
1694684050771 0.10698550572953705 148
1694684052071 0.10695753210657825 149
1694684053330 0.10693340667729159 150
1694684054626 0.10691268779708538 151
1694684056069 0.10689445148823443 152
1694684057422 0.10687764583238762 153
1694684059146 0.10686144217109303 154
1694684062247 0.10684545124583666 155
1694684064866 0.10682974632814378 156
1694684067811 0.106814717812629 157
1694684070674 0.10680084212586241 158
1694684073665 0.1067884646577713 159
1694684076062 0.10677767308921629 160
1694684078812 0.10676829011287949 161
1694684081512 0.10675996524954458 162
1694684083985 0.10675231294614088 163
1694684086616 0.10674503732470265 164
1694684089552 0.10673800048352738 165
1694684092133 0.10673122052773773 166
1694684095101 0.10672481419568038 167
1694684098053 0.10671891649480994 168
1694684100312 0.10671361179923498 169
1694684102615 0.10670889965808425 170
1694684105209 0.10670470089625005 171
1694684107707 0.10670089333738891 172
1694684110536 0.10669735746140287 173
1694684113880 0.10669401249644811 174
1694684116159 0.10669083096649501 175
1694684118676 0.1066878302995109 176
1694684121457 0.10668504915036707 177
1694684124198 0.10668252047595973 178
1694684127028 0.10668025235328828 179
1694684129120 0.1066782224908847 180
1694684130736 0.1066763860243552 181
1694684132130 0.10667469117359023 182
1694684133383 0.1066730953237345 183
1694684134600 0.10667157527911604 184
1694684135815 0.10667012878314702 185
1694684137133 0.10666876823170049 186
1694684138527 0.10666751029200412 187
1694684139767 0.10666636601618892 188
