1694539812938 169.64084248330965 0
1694539813929 166.32992007539954 1
1694539814984 160.0905294335243 2
1694539816020 151.452813703373 3
1694539817183 140.96975084230354 4
1694539818205 129.18720064362373 5
1694539819227 116.62008617295895 6
1694539820202 103.73460156958089 7
1694539821273 90.93608723300817 8
1694539822278 78.56202617343389 9
1694539823232 66.87948829475562 10
1694539824234 56.086277027499 11
1694539825159 46.31500800406545 12
1694539826146 37.6393644807689 13
1694539827132 30.081820738307368 14
1694539828082 23.622194622699766 15
1694539829093 18.20647607326132 16
1694539829898 13.755473001588687 17
1694539830918 10.172913223228827 18
1694539832002 7.352736302646217 19
1694539833144 5.185398204691787 20
1694539834252 3.56309163811589 21
1694539835281 2.383853986331493 22
1694539836294 1.5545916813835232 23
1694539837220 0.99309448116381 24
1694539838412 0.6291456776930151 25
1694539839457 0.40485560964619816 26
1694539840427 0.27435715082334466 27
1694539841632 0.20300451187803276 28
1694539842683 0.16621226666895927 29
1694539843667 0.1480615702614337 30
1694539844633 0.1397865990462673 31
1694539845603 0.13823773224523583 32
1694539846602 0.14440017246385334 33
1694539847548 0.16202865270789876 34
1694539848559 0.19644148264670336 35
1694539849559 0.25350113157070736 36
1694539850597 0.33879431942452276 37
1694539851591 0.4570125012653306 38
1694539852564 0.6115238360928144 39
1694539853631 0.8041202442071717 40
1694539854744 1.0349178837829995 41
1694539855891 1.3023861382001338 42
1694539856911 1.6034787617297508 43
1694539857903 1.933840905843656 44
1694539858878 2.2880670476609435 45
1694539859891 2.6599870713722527 46
1694539861120 3.042960631669175 47
1694539862175 3.4301631977919635 48
1694539863263 3.8148506114474325 49
1694539864463 4.190592400816368 50
1694539865643 4.551467323047808 51
1694539866758 4.89221754337985 52
1694539867782 5.208360420312176 53
1694539868851 5.496259005554546 54
1694539869844 5.753154065712912 55
1694539870903 5.977161694659376 56
1694539872273 6.167241435161218 57
1694539873542 6.323140303851252 58
1694539875031 6.445318263078542 59
1694539876564 6.534860560409093 60
1694539878182 6.593382017561977 61
1694539879600 6.622927850589707 62
1694539881149 6.6258749942030635 63
1694539882636 6.604837232433884 64
1694539884051 6.5625767463272595 65
1694539885512 6.501924011239343 66
1694539886504 6.425707338705766 67
1694539887600 6.336692780913189 68
1694539888627 6.237534613204583 69
1694539889498 6.130736189538376 70
1694539890327 6.018620630054431 71
1694539891248 5.903310547278615 72
1694539892085 5.786715843065952 73
1694539892938 5.670528504693256 74
1694539893995 5.556223286440938 75
1694539895022 5.445063172483631 76
1694539895977 5.338108567560897 77
1694539896894 5.236229243557801 78
1694539897919 5.1401181732526275 79
1694539898810 5.050306498477056 80
1694539899736 4.967179001310323 81
1694539900817 4.890989567465055 82
1694539901814 4.821876245771259 83
1694539902814 4.759875612928637 84
1694539903787 4.704936245945255 85
1694539904810 4.656931184433671 86
1694539905894 4.61566933062088 87
1694539906853 4.580905786726054 88
1694539908012 4.552351168042592 89
1694539909213 4.529679956839149 90
1694539910257 4.512537978573592 91
1694539911348 4.5005490895643225 92
1694539912684 4.4933211659103875 93
1694539913698 4.4904514787828065 94
1694539914936 4.4915315328043 95
1694539916257 4.496151433511657 96
1694539917300 4.5039038380777745 97
1694539918365 4.514387531568916 98
1694539919463 4.527210659818228 99
