1694717869413 0.7770498209369723 0
1694717871485 0.09263454408847574 1
1694717873728 0.2638529540280822 2
1694717875754 0.1038377835785934 3
1694717878292 0.01166381740620446 4
1694717880318 0.027799614184124435 5
1694717882947 0.016903319976195905 6
1694717885063 0.03057139069221906 7
1694717887036 0.0010824446734807114 8
1694717889146 0.04406841867051792 9
1694717891210 0.024865641399345016 10
1694717893656 0.03856625517683342 11
1694717895700 0.0007727877295330077 12
1694717898032 0.11490351622416793 13
1694717900110 0.2439231432782039 14
1694717902355 0.0873952241293753 15
1694717904414 1.0033326125969737 16
1694717906811 2.1688033938828216e-07 17
1694717908901 0.06480903576759116 18
1694717911106 0.8268921684223671 19
1694717913616 0.006935472304690161 20
1694717915741 0.01148886241575156 21
1694717918169 0.04553918056207759 22
1694717920702 0.0008511496614246741 23
1694717922995 0.26051633881946334 24
1694717925571 0.13914652795768306 25
1694717927852 0.014222957809290972 26
1694717930395 0.45433467139916656 27
1694717932678 0.013182055428508218 28
1694717935092 0.03434102190444931 29
1694717937392 0.2743022902351934 30
1694717939529 0.0004283973847330418 31
1694717941857 0.0025555069756388123 32
1694717944570 0.0027224570768183834 33
1694717947007 0.010855865881223078 34
1694717949357 0.1309449554382026 35
1694717951809 1.2911002817382122 36
1694717954240 0.009539675134306707 37
1694717956572 0.01763430085713904 38
1694717959069 0.012035991378890847 39
1694717961474 0.02195389977266757 40
1694717963596 1.2039373114417697 41
1694717965981 54.8120325786337 42
1694717967996 0.12466910800253095 43
1694717970258 0.0001639058576324976 44
1694717972373 0.09768202234359417 45
1694717974737 0.19507509465689027 46
1694717976839 0.06288776654289911 47
1694717978976 0.3984178385205756 48
1694717981360 0.013662882216087413 49
1694717983639 1.6560078778310472e-07 50
1694717986071 0.16642000354464012 51
1694717988382 0.1826075095575904 52
1694717990650 0.0035245090417273346 53
1694717993043 0.48352980252638034 54
1694717995409 0.11228991742317865 55
1694717997609 0.0002434072406594175 56
1694717999615 0.6867261198052378 57
1694718002182 0.0395297240388845 58
1694718005548 0.05488395080969561 59
1694718007750 5.388552390938327e-05 60
1694718010337 0.01611834911881313 61
1694718012545 0.21533192193817718 62
1694718014743 0.0376030560099057 63
1694718016796 1.3440275823104377 64
1694718018931 4.2189411685300134e-05 65
1694718021101 0.009791850360724089 66
1694718023295 0.2770541307168886 67
1694718025808 3.104265822722205e-05 68
1694718027938 8.106618174367164e-06 69
1694718030377 5.844109429739589e-05 70
1694718032650 0.165740257061091 71
1694718034920 0.07667743444432354 72
1694718037366 0.03253402633513797 73
1694718039570 0.0011179575949940366 74
1694718042403 0.06857032027407672 75
1694718044739 0.02440281269531775 76
1694718047784 0.009985337011767337 77
1694718050848 0.04251121981067379 78
1694718053291 0.2328322073815064 79
1694718055848 0.07404369669912876 80
1694718058271 0.0032950861234221328 81
1694718060439 0.19824305269708012 82
1694718062837 0.0895671709541404 83
1694718065354 0.1396065857340149 84
1694718067485 0.3244141685555148 85
1694718069899 0.004346801314942308 86
1694718071978 0.06196159316623821 87
1694718074759 0.034400406921371626 88
1694718077056 0.010374670870339062 89
1694718079301 2.4535328881865808 90
1694718081667 0.01842116422692061 91
1694718083866 0.004622683570388088 92
1694718086409 0.16563833523442312 93
1694718088983 0.0011675260418232767 94
1694718091530 0.150998047313947 95
1694718094262 0.0758269442769889 96
1694718096369 0.7850060891281677 97
1694718098826 0.00631290217474825 98
1694718101299 0.004323027153887252 99
