1694705807989 168.15693853403732 0
1694705809292 168.12339133212245 1
1694705810542 168.08985082965074 2
1694705811840 168.05631702528385 3
1694705813196 168.0227899176836 4
1694705814742 167.98926950551217 5
1694705816127 167.9557557874319 6
1694705817424 167.92224876210554 7
1694705818620 167.88874842819595 8
1694705819930 167.85525478436642 9
1694705821627 167.82176782928036 10
1694705823055 167.78828756160158 11
1694705824538 167.754813979994 12
1694705825924 167.72134708312197 13
1694705827440 167.68788686965001 14
1694705828775 167.6544333382429 15
1694705830430 167.62098648756574 16
1694705831849 167.58754631628392 17
1694705833269 167.55411282306298 18
1694705834683 167.5206860065688 19
1694705836006 167.48726586546758 20
1694705837491 167.45385239842568 21
1694705839068 167.4204456041098 22
1694705840645 167.38704548118687 23
1694705842717 167.35365202832412 24
1694705844991 167.320265244189 25
1694705846849 167.28688512744924 26
1694705848984 167.2535116767729 27
1694705850679 167.22014489082824 28
1694705852485 167.18678476828376 29
1694705854563 167.15343130780832 30
1694705856489 167.12008450807096 31
1694705858028 167.08674436774103 32
1694705859625 167.05341088548815 33
1694705861483 167.02008405998214 34
1694705863067 166.98676388989318 35
1694705864660 166.95345037389168 36
1694705866338 166.9201435106483 37
1694705868190 166.88684329883395 38
1694705869954 166.85354973711983 39
1694705871786 166.82026282417743 40
1694705873427 166.78698255867852 41
1694705875177 166.753708939295 42
1694705876949 166.7204419646992 43
1694705878406 166.68718163356363 44
1694705880494 166.65392794456108 45
1694705883130 166.6206808963646 46
1694705885086 166.58744048764754 47
1694705887008 166.55420671708342 48
1694705888610 166.5209795833462 49
1694705890275 166.48775908510993 50
1694705892241 166.454545221049 51
1694705894188 166.42133798983804 52
1694705895981 166.388137390152 53
1694705897988 166.35494342066605 54
1694705900395 166.32175608005562 55
1694705902145 166.28857536699644 56
1694705904546 166.25540128016445 57
1694705906780 166.2222338182359 58
1694705908480 166.18907297988733 59
1694705909906 166.15591876379543 60
1694705911317 166.12277116863729 61
1694705912672 166.08963019309022 62
1694705914146 166.05649583583167 63
1694705915700 166.02336809553958 64
1694705917100 165.990246970892 65
1694705918839 165.9571324605673 66
1694705920247 165.92402456324402 67
1694705921618 165.89092327760113 68
1694705922996 165.85782860231774 69
1694705924470 165.82474053607325 70
1694705925829 165.79165907754734 71
1694705927249 165.75858422541995 72
1694705928573 165.72551597837125 73
1694705929916 165.69245433508178 74
1694705931330 165.6593992942322 75
1694705932687 165.6263508545035 76
1694705934035 165.59330901457696 77
1694705935655 165.5602737731341 78
1694705937007 165.5272451288567 79
1694705938417 165.49422308042676 80
1694705939814 165.4612076265267 81
1694705941332 165.42819876583894 82
1694705942767 165.3951964970464 83
1694705944207 165.36220081883224 84
1694705945572 165.32921172987972 85
1694705947053 165.29622922887248 86
1694705948493 165.26325331449448 87
1694705949930 165.23028398542976 88
1694705951379 165.19732124036284 89
1694705952822 165.16436507797835 90
1694705954285 165.1314154969612 91
1694705955779 165.09847249599665 92
1694705957113 165.06553607377012 93
1694705958506 165.0326062289674 94
1694705959918 164.99968296027438 95
1694705961399 164.96676626637742 96
1694705962781 164.93385614596298 97
1694705964207 164.90095259771783 98
1694705965621 164.86805562032907 99
