1694666324759 168.54379126551402 0
1694666325863 136.59749084859934 1
1694666326969 111.25787898192587 2
1694666327994 91.10682260477216 3
1694666329045 75.03740337408315 4
1694666330129 62.18475147235005 5
1694666331224 51.87236150884744 6
1694666332284 43.57041075290477 7
1694666333395 36.86338400618111 8
1694666334498 31.42491652283096 9
1694666335648 26.998236516598784 10
1694666336711 23.380952897102716 11
1694666337794 20.413215899226433 12
1694666338888 17.968496740664992 13
1694666339935 15.946401705643641 14
1694666341036 14.267067209239649 15
1694666342131 12.866784040497981 16
1694666343276 11.694577766947587 17
1694666344335 10.709533359594767 18
1694666345410 9.87869945489391 19
1694666346734 9.175444397610626 20
1694666347843 8.578164698300657 21
1694666349033 8.069268644388714 22
1694666350194 7.634374959995264 23
1694666351255 7.261679728801608 24
1694666352344 6.94145513801109 25
1694666353415 6.66565163754915 26
1694666354512 6.427581354510573 27
1694666355561 6.221665459598585 28
1694666356603 6.043231960844199 29
1694666357655 5.888353341329473 30
1694666358723 5.753715748925603 31
1694666359974 5.636513232209877 32
1694666361014 5.5343619102491175 33
1694666362088 5.445230052135367 34
1694666363115 5.367380892798013 35
1694666364196 5.299325677313182 36
1694666365266 5.239784947553025 37
1694666366380 5.187656494319614 38
1694666367478 5.141988719773613 39
1694666368624 5.101958408192892 40
1694666369687 5.066852102817436 41
1694666370691 5.036050444382864 42
1694666371777 5.009014951976053 43
1694666372909 4.985276826125611 44
1694666374113 4.964427433079248 45
1694666375212 4.946110192324265 46
1694666376290 4.930013639941355 47
1694666377329 4.9158654809806395 48
1694666378388 4.903427476776 49
1694666379334 4.8924910395905625 50
1694666380390 4.882873428485124 51
1694666381427 4.87441445782633 52
1694666382491 4.866973644192722 53
1694666383527 4.860427729220486 54
1694666384554 4.854668525651919 55
1694666385626 4.849601041902157 56
1694666386704 4.845141847156851 57
1694666387738 4.841217644605712 58
1694666388748 4.837764025104474 59
1694666389820 4.834724377502303 60
1694666390881 4.83204893520274 61
1694666391960 4.829693941349202 62
1694666393218 4.827620917426229 63
1694666394446 4.825796022114882 64
1694666395547 4.824189488991918 65
1694666396615 4.822775133164314 66
1694666397720 4.8215299182225575 67
1694666398738 4.820433576009245 68
1694666399771 4.8194682726614015 69
1694666400795 4.818618315217061 70
1694666401900 4.8178698937983615 71
1694666402916 4.817210855010044 72
1694666403965 4.816630502737238 73
1694666405065 4.816119423001078 74
1694666406259 4.815669329944435 75
1694666407309 4.815272930381271 76
1694666408326 4.8149238046586955 77
1694666409354 4.814616301856592 78
1694666410443 4.814345447591281 79
1694666411491 4.814106862900877 80
1694666412492 4.813896692875525 81
1694666413524 4.813711543857765 82
1694666414571 4.813548428180941 83
1694666415649 4.813404715538417 84
1694666416701 4.81327809018612 85
1694666417721 4.8131665132771495 86
1694666418784 4.8130681897119425 87
1694666419828 4.812981538961675 88
1694666420855 4.812905169387917 89
1694666421871 4.812837855639 90
1694666422939 4.812778518754084 91
1694666424007 4.812726208650031 92
