1694670745894 169.18053433745993 0
1694670747268 137.01379459716082 1
1694670748694 110.96903708326849 2
1694670750256 89.8807029709492 3
1694670751660 72.80523980487831 4
1694670752948 58.97879329209184 5
1694670754330 47.78296696650519 6
1694670755716 38.71711006092732 7
1694670757107 31.375888022905052 8
1694670758493 25.431127970139695 9
1694670759765 20.61712376924543 10
1694670761173 16.71874104225486 11
1694670762483 13.561788293792537 12
1694670763902 11.005222195332488 13
1694670765140 8.934837459169824 14
1694670766462 7.258158401082115 15
1694670767731 5.900303233039974 16
1694670769142 4.800635776550315 17
1694670770412 3.910054609161713 18
1694670771776 3.1887982413432736 19
1694670773058 2.604668054465895 20
1694670774348 2.1315894533204403 21
1694670775785 1.7484468401160658 22
1694670777099 1.4381402821011848 23
1694670778370 1.1868216727255974 24
1694670779671 0.9832762223471059 25
1694670781021 0.8184216195486482 26
1694670782466 0.6849024700266437 27
1694670783995 0.5767618829189752 28
1694670785253 0.48917552549761184 29
1694670786727 0.41823626104571243 30
1694670788246 0.3607797466696871 31
1694670789684 0.31424319909543924 32
1694670791109 0.27655101918437053 33
1694670792358 0.24602216636863114 34
1694670793722 0.22129514618693205 35
1694670795004 0.2012672611044441 36
1694670796378 0.18504541203908098 37
1694670797766 0.17190625400059517 38
1694670799102 0.1612639270582764 39
1694670800417 0.1526439221726522 40
1694670801831 0.14566191538403517 41
1694670803261 0.14000662569372632 42
1694670804583 0.13542593161837319 43
1694670805880 0.13171562687325217 44
1694670807170 0.1287103134468629 45
1694670808504 0.12627602573078314 46
1694670809797 0.1243042566272964 47
1694670811143 0.12270711912392043 48
1694670812441 0.1214134274930834 49
1694670813749 0.1203655233096405 50
1694670815067 0.11951670471105477 51
1694670816437 0.11882914423865662 52
1694670817716 0.11827220239502598 53
1694670819028 0.11782106170521205 54
1694670820268 0.11745562036618697 55
1694670821578 0.11715959614773304 56
1694670822844 0.11691980058562494 57
1694670824182 0.1167255511030028 58
1694670825507 0.11656819484712809 59
1694670826868 0.11644072301075539 60
1694670828162 0.11633745844241339 61
1694670829470 0.11625380261799134 62
1694670830774 0.11618603069296464 63
1694670832081 0.1161311254984402 64
1694670833448 0.11608664308059201 65
1694670834970 0.11605060378942736 66
1694670836408 0.11602140406192187 67
1694670837645 0.11599774496715923 68
1694670838969 0.11597857432838957 69
1694670840259 0.1159630398421706 70
1694670841592 0.11595045110499362 71
1694670842865 0.11594024885486666 72
1694670844271 0.11593198005694307 73
1694670845548 0.11592527772278192 74
1694670847176 0.1159198445638227 75
1694670848553 0.11591543975056019 76
1694670849990 0.11591186818732964 77
1694670851442 0.1159089718247379 78
