1694671227329 169.46369604336581 0
1694671228500 137.18931111095293 1
1694671229626 111.62250129900544 2
1694671230688 91.31558847280945 3
1694671231906 75.14056000229947 4
1694671233127 62.21751926437001 5
1694671234217 51.85928409252315 6
1694671235342 43.52846856700351 7
1694671236428 36.804218710302344 8
1694671237517 31.35641676280711 9
1694671238640 26.925665640410404 10
1694671239731 23.307748678562888 11
1694671240818 20.34155582935419 12
1694671241897 17.899696107742336 13
1694671243018 15.881192692677626 14
1694671244105 14.205793555751395 15
1694671245243 12.809535970088456 16
1694671246341 11.641284806051136 17
1694671247425 10.660027594394284 18
1694671248551 9.832758134445063 19
1694671249569 9.132818188506654 20
1694671250610 8.538596038467999 21
1694671251724 8.032503320697941 22
1694671252819 7.600169094821337 23
1694671253888 7.229803695394697 24
1694671255075 6.911695455098104 25
1694671256276 6.637811563639351 26
1694671257391 6.401480671531711 27
1694671258518 6.197139774833447 28
1694671259665 6.02013174502242 29
1694671260863 5.866542844444416 30
1694671261990 5.733071883435129 31
1694671263125 5.616924478336647 32
1694671264224 5.515727274890809 33
1694671265360 5.427458097750994 34
1694671266659 5.350388842979608 35
1694671267818 5.2830385997904425 36
1694671268872 5.224135011872778 37
1694671270003 5.172582299540624 38
1694671271026 5.127434686641037 39
1694671272233 5.087874230015458 40
1694671273265 5.0531922494050105 41
1694671274336 5.022773713743617 42
1694671275440 4.9960840649121065 43
1694671276611 4.972658059338027 44
1694671277764 4.952090286857181 45
1694671278803 4.934027089327606 46
1694671279918 4.918159651981085 47
1694671280983 4.9042180810526395 48
1694671282071 4.891966313913411 49
1694671283171 4.881197734369624 50
1694671284297 4.871731387254029 51
1694671285341 4.863408703930386 52
1694671286454 4.856090664645973 53
1694671287544 4.849655335428418 54
1694671288677 4.843995726924731 55
1694671289765 4.839017930616916 56
1694671290890 4.83463949453189 57
1694671292550 4.830788006143863 58
1694671294477 4.8273998548454875 59
1694671295712 4.824419150299732 60
1694671297074 4.821796776308515 61
1694671298384 4.819489562650604 62
1694671299722 4.817459559736118 63
1694671301106 4.815673402967162 64
1694671302395 4.814101755441075 65
1694671303578 4.812718819130871 66
1694671304773 4.811501905965676 67
1694671305860 4.810431061344011 68
1694671307064 4.8094887335716 69
1694671308222 4.808659483544857 70
1694671309475 4.807929729720496 71
1694671310712 4.8072875240359645 72
1694671311881 4.806722354988329 73
1694671313074 4.806224974551931 74
1694671314222 4.805787246027081 75
1694671315438 4.805402010271581 76
1694671316883 4.805062968080814 77
1694671318597 4.804764576756712 78
1694671320066 4.804501959145837 79
1694671321708 4.80427082363722 80
1694671322967 4.8040673937945115 81
1694671324184 4.8038883464584385 82
1694671325364 4.803730757297068 83
1694671327082 4.803592052905359 84
1694671328335 4.80346996866446 85
1694671329677 4.803362511666774 86
1694671330939 4.803267928096717 87
1694671332161 4.803184674530806 88
1694671333612 4.803111392685483 89
1694671334992 4.803046887197979 90
1694671336207 4.802990106075462 91
1694671337451 4.80294012349171 92
