1694701040955 168.54379126551402 0
1694701042545 168.20770831703868 1
1694701044265 167.87229621085459 2
1694701045991 167.5375536074166 3
1694701047468 167.2034791698556 4
1694701049031 166.8700715639732 5
1694701050910 166.53732945823631 6
1694701052637 166.20525152377195 7
1694701054465 165.87383643436178 8
1694701056332 165.54308286643695 9
1694701058036 165.21298949907262 10
1694701059715 164.88355501398286 11
1694701061375 164.55477809551525 12
1694701062967 164.22665743064562 13
1694701064817 163.89919170897298 14
1694701066631 163.57237962271395 15
1694701068174 163.24621986669783 16
1694701070095 162.9207111383612 17
1694701072782 162.59585213774278 18
1694701074577 162.27164156747824 19
1694701076064 161.9480781327949 20
1694701077519 161.62516054150674 21
1694701078990 161.30288750400905 22
1694701080624 160.98125773327337 23
1694701082173 160.6602699448423 24
1694701083581 160.3399228568244 25
1694701085043 160.020215189889 26
1694701086553 159.70114566726113 27
1694701087923 159.38271301471644 28
1694701089452 159.06491596057595 29
1694701091092 158.74775323570123 30
1694701092939 158.43122357348898 31
1694701094621 158.11532570986634 32
1694701096347 157.8000583832855 33
1694701098082 157.4854203347188 34
1694701099787 157.17141030765382 35
1694701101404 156.85802704808808 36
1694701102938 156.54526930452417 37
1694701104562 156.23313582796476 38
1694701106278 155.92162537190768 39
1694701107842 155.61073669234065 40
1694701109453 155.30046854773656 41
1694701111146 154.99081969904847 42
1694701112624 154.68178890970455 43
1694701114497 154.37337494560322 44
1694701116279 154.06557657510817 45
1694701117956 153.75839256904348 46
1694701119586 153.4518217006886 47
1694701121090 153.14586274577357 48
1694701122875 152.84051448247405 49
1694701124441 152.53577569140643 50
1694701126154 152.231645155623 51
1694701127747 151.928121660607 52
1694701129459 151.6252039942678 53
1694701130930 151.32289094693618 54
1694701132445 151.02118131135921 55
1694701134099 150.72007388269571 56
1694701136100 150.4195674585112 57
1694701137813 150.11966083877323 58
1694701139426 149.82035282584658 59
1694701141222 149.52164222448837 60
1694701142910 149.22352784184335 61
1694701144817 148.92600848743913 62
1694701146764 148.62908297318143 63
1694701148624 148.33275011334916 64
1694701150634 148.03700872459 65
1694701152166 147.74185762591537 66
1694701153683 147.4472956386958 67
1694701155481 147.15332158665632 68
1694701157030 146.85993429587162 69
1694701158795 146.56713259476138 70
1694701160431 146.27491531408558 71
1694701161959 145.98328128693996 72
1694701163386 145.69222934875106 73
1694701164910 145.4017583372719 74
1694701166689 145.11186709257709 75
1694701168310 144.82255445705826 76
1694701169953 144.53381927541946 77
1694701171425 144.24566039467254 78
1694701172994 143.95807666413245 79
1694701174708 143.6710669354127 80
1694701176196 143.38463006242085 81
1694701177857 143.0987649013538 82
1694701179395 142.81347031069316 83
1694701181063 142.52874515120092 84
1694701182679 142.2445882859147 85
1694701184264 141.96099858014318 86
1694701185791 141.67797490146177 87
1694701187557 141.39551611970776 88
1694701188949 141.11362110697618 89
1694701190473 140.83228873761502 90
1694701191875 140.5515178882207 91
1694701193811 140.2713074376338 92
1694701196087 139.99165626693437 93
1694701197881 139.71256325943756 94
1694701199698 139.43402730068914 95
1694701201475 139.156047278461 96
1694701202902 138.87862208274674 97
1694701204480 138.60175060575722 98
1694701206063 138.32543174191613 99
