1694347303074 -239.71125430606122 0
1694347303742 -193.52555318874153 1
1694347304438 -156.81398185115586 2
1694347305175 -127.07020719495262 3
1694347305902 -102.96669146408397 4
1694347306518 -83.43141755899012 5
1694347307117 -67.59454601343433 6
1694347307741 -54.75460712792 7
1694347308562 -44.34102306641948 8
1694347309393 -35.894656627742386 9
1694347310178 -29.041008495932815 10
1694347310823 -23.479456197767618 11
1694347311468 -18.96489342288407 12
1694347312110 -15.29785877997816 13
1694347312900 -12.319996358498216 14
1694347313669 -9.899394187895588 15
1694347314290 -7.932334171600951 16
1694347314892 -6.332007386385324 17
1694347315509 -5.030425021448484 18
1694347316175 -3.971090132608788 19
1694347316894 -3.1074122296030815 20
1694347317612 -2.4042563059351743 21
1694347318275 -1.8302102694197218 22
1694347318845 -1.3622463877455262 23
1694347319447 -0.9796252253101896 24
1694347320229 -0.6672109047522488 25
1694347320991 -0.4113295120145588 26
1694347321708 -0.20198684417697899 27
1694347322326 -0.030589761184784736 28
1694347322975 0.11071257522889622 29
1694347323585 0.22631346691291998 30
1694347324271 0.3218747094330423 31
1694347325228 0.40027152258103493 32
1694347325934 0.4652668008360975 33
1694347326520 0.5187702222821138 34
1694347327262 0.5632626162590921 35
1694347328045 0.6000414900889819 36
1694347328779 0.6307200121822938 37
1694347329546 0.6562085969411944 38
1694347330245 0.677532041132124 39
1694347330847 0.6953563433919498 40
1694347331426 0.7103067921259218 41
1694347332066 0.7228949066579997 42
1694347332772 0.7334746327658976 43
1694347333465 0.7424593319777828 44
1694347334090 0.7500188975405332 45
1694347334766 0.7565035389679786 46
1694347335415 0.761958762033267 47
1694347336160 0.7666931972785944 48
1694347336915 0.7706688862010477 49
1694347337652 0.7741660527763746 50
1694347338291 0.7770914297715601 51
1694347338845 0.779704802750566 52
1694347339411 0.781877015584138 53
1694347340158 0.7838521973420255 54
1694347340918 0.7854787187192755 55
1694347341660 0.7869879124184568 56
1694347342312 0.7882149459554165 57
1694347343116 0.7893800787660039 58
1694347343860 0.7903116694961343 59
1694347344717 0.7912199715459675 60
1694347345586 0.7919309254566187 61
1694347346344 0.7926454803071756 62
1694347347105 0.7931901477110193 63
1694347348077 0.7937570801331766 64
1694347348899 0.7941753655198743 65
1694347349783 0.7946287717513725 66
1694347350510 0.7949502758247198 67
1694347351159 0.795315631328831 68
1694347351848 0.7955625288584895 69
1694347352636 0.7958590638266202 70
1694347353468 0.7960481209134909 71
1694347354119 0.7962904916086079 72
1694347354678 0.796434493243191 73
1694347355326 0.7966339696473335 74
1694347355958 0.7967427401726683 75
1694347356617 0.7969080587754438 76
1694347357358 0.7969891989969984 77
1694347358034 0.7971271817555811 78
1694347358696 0.7971866070475614 79
1694347359337 0.7973026155283958 80
1694347360111 0.7973449528224904 81
1694347360861 0.7974432249990822 82
