1694750314838 106.91008260068728 0
1694750316285 63.27228482326605 1
1694750317718 35.50911869026978 2
1694750319133 23.772404005511188 3
1694750320607 13.262853254409858 4
1694750322048 10.42085404615609 5
1694750323430 4.980760599546958 6
1694750324893 2.4608000201862055 7
1694750326262 2.7238374140901227 8
1694750327548 1.60983105963303 9
1694750328945 0.9482496292273881 10
1694750330387 0.8482090829694467 11
1694750331776 0.727380092934084 12
1694750333118 0.8936054578218015 13
1694750334532 0.3948383170746036 14
1694750335896 0.12636669446317267 15
1694750337217 0.16792209492770532 16
1694750338650 0.09411617405756774 17
1694750340092 0.12625486385332993 18
1694750341555 0.4981315141360344 19
1694750342952 0.10316668806294937 20
1694750344373 0.053250164647469254 21
1694750345702 0.01487452402470699 22
1694750346905 0.37559475884756865 23
1694750348013 0.02399550229379415 24
1694750349266 0.008786135629965615 25
1694750350589 0.20050268632949733 26
1694750352039 0.04786444540836279 27
1694750353448 0.09901765040196692 28
1694750354888 0.10712218649283353 29
1694750356237 0.029680846099437986 30
1694750357635 0.01790639649919632 31
1694750359101 0.05024536757710011 32
1694750360612 0.10427931046244523 33
1694750362043 0.07424675652653046 34
1694750363503 0.12223858848259295 35
1694750364891 0.06773934730867179 36
1694750366439 0.1399855588135027 37
1694750367858 0.022218543106703792 38
1694750369195 0.06969213489669165 39
1694750370548 0.10472594584754405 40
1694750371907 0.056672662215466 41
1694750373299 0.14779147610400564 42
1694750374703 0.02897955181672741 43
1694750376093 0.01155764000919524 44
1694750377500 0.059126551011427976 45
1694750378864 0.053767211826207695 46
1694750380260 0.08380494913619609 47
1694750381632 0.08845090139010103 48
1694750383016 0.031636730820924816 49
1694750384447 0.04895772438229 50
1694750385787 0.015635140019749482 51
1694750387141 0.10913988080355405 52
1694750388479 0.06991693592986781 53
1694750389866 0.09666837150003567 54
1694750391291 0.12048972155775835 55
1694750392681 0.11609199100300178 56
1694750393961 0.029933904080290053 57
1694750395391 0.04131269058479582 58
1694750396762 0.11609077097803819 59
1694750398146 0.060858710287523 60
1694750399499 0.04520069871213454 61
1694750401054 0.0595332434348604 62
1694750402739 0.1368969396829977 63
1694750404082 0.10349059372084624 64
1694750405461 0.05483550510436386 65
1694750406676 0.109107902803057 66
1694750407780 0.15056044768987759 67
1694750408919 0.17391137530384113 68
1694750410191 0.1643590648101042 69
1694750411597 0.062261099829142484 70
1694750412937 0.07281726960707294 71
1694750414310 0.10111662489162121 72
1694750415642 0.08377250748224865 73
1694750417026 0.10625425469376966 74
1694750418606 0.19447744317456955 75
1694750420340 0.1681104631284204 76
1694750421808 0.09868444854991214 77
1694750423210 0.17573874003115553 78
1694750424547 0.1818315032164967 79
1694750425878 0.013884846270618176 80
1694750427429 0.15871062516835677 81
1694750428796 0.07658747793360637 82
1694750430286 0.24268741185684933 83
1694750431649 0.0790548583559572 84
1694750433038 0.15475421518539972 85
1694750434346 0.027487593701920325 86
1694750435655 0.04866890742799642 87
1694750437082 0.16802227782743648 88
1694750438406 0.02996978173983784 89
