1694674896547 168.8825024464592 0
1694674898256 136.8314587842399 1
1694674900103 111.11778213267499 2
1694674901914 90.37288999000809 3
1694674904755 73.62374368943362 4
1694674906097 60.088511754924276 5
1694674907272 49.14158322774073 6
1694674908758 40.27846699025825 7
1694674909940 33.094496868809365 8
1694674911048 27.26446965714822 9
1694674912105 22.526946420031116 10
1694674913186 18.671665403028864 11
1694674914347 15.5287967417682 12
1694674915500 12.963539705628373 13
1694674916868 10.865461734424064 14
1694674918224 9.146156897686975 15
1694674919461 7.734330059858843 16
1694674920756 6.5724429728327465 17
1694674922053 5.613467926110107 18
1694674923379 4.821011131998125 19
1694674924517 4.1640457982672245 20
1694674925737 3.617944122525286 21
1694674926852 3.162265048220955 22
1694674927916 2.7817731648934405 23
1694674929349 2.462767099571186 24
1694674930812 2.194506074908333 25
1694674932086 1.967808537285391 26
1694674933437 1.7763911745493537 27
1694674934663 1.6139447607867052 28
1694674936057 1.475298770058351 29
1694674937489 1.3572423725950016 30
1694674938641 1.2561490243184383 31
1694674939851 1.1690011551880826 32
1694674940997 1.0942297514069326 33
1694674942241 1.0296645269446316 34
1694674943535 0.9734582187410027 35
1694674944811 0.9249341188073771 36
1694674946505 0.8827239623904358 37
1694674947870 0.8456262268206882 38
1694674949226 0.8134605611021245 39
1694674950421 0.78507427311021 40
1694674951504 0.7603625227114433 41
1694674952818 0.7386645597396736 42
1694674954054 0.7193280995875347 43
1694674955164 0.7024924338766837 44
1694674956273 0.6876498891194444 45
1694674957476 0.6742806806781781 46
1694674958725 0.6626753611878837 47
1694674960026 0.6522006615436597 48
1694674961326 0.6430857063408456 49
1694674962472 0.6350209683346748 50
1694674963708 0.6276332158214938 51
1694674965024 0.6212698583775257 52
1694674966206 0.6154340161750357 53
1694674967308 0.6103985025065333 54
1694674968479 0.6059421694264756 55
1694674969668 0.601757304957568 56
1694674971108 0.5982228999946462 57
1694674972849 0.5949019094381185 58
1694674974081 0.5920933868235834 59
1694674976659 0.589452227190556 60
1694674979142 0.5872174719993433 61
1694674980786 0.5852547994721203 62
1694674982357 0.583312346986219 63
1694674983739 0.5817508758702673 64
1694674985135 0.5802046261705595 65
1694674986752 0.5789611296595063 66
1694674988088 0.5777278534374063 67
1694674989442 0.5767371607018844 68
1694674990752 0.575885904347949 69
1694674991986 0.57494268222546 70
1694674993360 0.574266416880489 71
1694674994651 0.5735157294176156 72
1694674995801 0.5729782257396197 73
1694674997137 0.5723791070611923 74
1694674998383 0.5719520844407165 75
1694674999541 0.5716051485410304 76
1694675000762 0.5711143556633881 77
1694675001901 0.5708410953177029 78
1694675003074 0.5704516511489477 79
1694675004255 0.5702364284523971 80
1694675005557 0.5699259174557718 81
1694675006726 0.5697567741406182 82
1694675007885 0.5696407024962368 83
1694675009329 0.5693562698439744 84
1694675010541 0.5692678155110571 85
1694675011681 0.5690433535737587 86
1694675012842 0.5689761353065786 87
1694675013971 0.5687975636829035 88
1694675015318 0.5687469975159892 89
1694675016587 0.5687371020338403 90
1694675017836 0.5685470733965203 91
1694675019036 0.5685437062255451 92
1694675020237 0.5683947553072431 93
1694675021603 0.5683957485382701 94
1694675022760 0.5682775829597774 95
1694675023862 0.5682817177378771 96
1694675025104 0.5683208039117496 97
1694675026597 0.5681739862851467 98
1694675027945 0.5682099096440542 99
1694675029313 0.56809552162611 100
1694675030723 0.5681280434113603 101
1694675032225 0.5680375232141966 102
1694675033776 0.5680669674429754 103
1694675035446 0.5681287159429023 104
1694675037140 0.5680016545962044 105
1694675038660 0.5680557773723846 106
