1694745937155 0.035269017328891615 0
1694745938749 0.009845693357176208 1
1694745940368 0.03769468421681492 2
1694745941928 0.032128285566133306 3
1694745943453 0.1727071403254976 4
1694745945020 0.017381443155314983 5
1694745946641 0.024330065693525124 6
1694745948170 0.5346809402008622 7
1694745950320 0.4481399140111049 8
1694745951783 0.11472136371750125 9
1694745953517 0.007993425191775387 10
1694745955216 0.17642669244582115 11
1694745956880 0.0159572549087236 12
1694745958536 0.01899332099328955 13
1694745960113 0.07638804990659356 14
1694745961735 0.0028155989993132956 15
1694745963324 1.039531203555757 16
1694745964990 0.035725781295257726 17
1694745966655 0.007389756203950161 18
1694745968529 0.046145388570407335 19
1694745970119 0.03964936123392678 20
1694745972008 0.06405782378307175 21
1694745973421 0.22361520672906682 22
1694745974948 0.07387933393294033 23
1694745976428 0.000647217215688221 24
1694745978074 0.0003786187693097917 25
1694745979670 0.05038036520768441 26
1694745981229 0.01591995399678714 27
1694745982825 0.03505659845791054 28
1694745984443 0.10524379213061721 29
1694745986103 0.007164978887002547 30
1694745987676 0.033706701636303654 31
1694745988971 0.1359373619401595 32
1694745990281 0.0038420749485053272 33
1694745991741 0.034487563703091466 34
1694745993364 0.1370569939289104 35
1694745995138 0.012563775886971603 36
1694745996697 0.11688821299978684 37
1694745998637 0.00035800591118981934 38
1694746000535 0.05646165332066543 39
1694746002260 0.2065885928393318 40
1694746003815 0.0681767773234829 41
1694746005114 0.19413114228276546 42
1694746006712 0.05374545863549503 43
1694746008347 0.036697554436268764 44
1694746009932 0.25849550898844437 45
1694746011521 4.920536476966211e-05 46
1694746013117 0.037410406076559294 47
1694746014669 0.10432319814994291 48
1694746016219 0.008124347730137005 49
1694746017707 0.6936523548331214 50
1694746019218 0.052669837999275645 51
1694746020763 0.2496214004625416 52
1694746022290 0.04767556942681503 53
1694746024113 0.0643570423316399 54
1694746025701 0.015943703839500112 55
1694746027284 0.8627014489690252 56
1694746028584 0.00020869577409640935 57
1694746029994 0.00485297428506022 58
1694746031506 0.0048022981528346225 59
1694746033116 0.001129307817516867 60
1694746034972 0.11176713891793937 61
1694746036484 0.23962100730392302 62
1694746037978 0.08566302657562144 63
1694746039525 0.003141863241589095 64
1694746041119 0.11786456041726823 65
1694746042648 0.006375164933208245 66
1694746044266 0.11672923039870095 67
1694746046086 0.05891620967747175 68
1694746048087 0.00045622869383945923 69
1694746050226 0.00334729506658025 70
1694746051984 0.03947186007480459 71
1694746053838 0.2765973095203268 72
1694746055902 0.03378683529469443 73
1694746057724 0.002437287064235118 74
1694746059541 0.020926194849116966 75
1694746061178 0.0922441878397066 76
1694746062896 0.0003091752791858835 77
1694746064577 0.022388888784191353 78
1694746066215 0.0006463259970126354 79
1694746067849 0.056270771752787 80
1694746069506 0.0775783226960805 81
1694746071414 0.15690021948242688 82
1694746073365 0.14514147494348942 83
1694746075137 0.017059065751561093 84
1694746076863 0.02372024863859805 85
1694746078711 0.09051015932949509 86
1694746080592 0.0007960710227108043 87
1694746082349 0.14289545400954642 88
1694746083977 0.0017743609743999598 89
1694746085706 1.0045265350308215 90
1694746087480 0.002726743595966506 91
1694746088848 0.061109622383105536 92
1694746090293 0.0012587007319330408 93
1694746091832 0.0031665539666167254 94
1694746093701 0.018574498045193837 95
1694746095611 0.00799480934028111 96
1694746097269 0.4270147548708509 97
1694746098942 1.815009545553962e-05 98
1694746100586 0.000199650227627727 99
