1694624856846 169.64084248330963 0
1694624858325 166.14321488542052 1
1694624859849 159.76652948682994 2
1694624861443 151.0269487698499 3
1694624863083 140.4592868345252 4
1694624864805 128.5903051964191 5
1694624866294 115.91810072836893 6
1694624867753 102.89631740483757 7
1694624869250 89.92315739850054 8
1694624870805 77.33515281365823 9
1694624872208 65.40451214733203 10
1694624873728 54.33961654039766 11
1694624875354 44.287963867282386 12
1694624876896 35.34096957363818 13
1694624878480 27.540134927126857 14
1694624879999 20.88389476036085 15
1694624881658 15.335274577233527 16
1694624883244 10.829426812475207 17
1694624884678 7.280434434447271 18
1694624886481 4.58811244917618 19
1694624888011 2.6439986573219967 20
1694624889694 1.3363355285480993 21
1694624891398 0.5549442941269297 22
1694624892940 0.19476489525917612 23
1694624894756 0.15806636305744876 24
1694624896415 0.35664632220235204 25
1694624897990 0.7130701201700503 26
1694624899947 1.1612902347955445 27
1694624901684 1.646737926783787 28
1694624903220 2.125982038543926 29
1694624904728 2.5660485424779123 30
1694624906685 2.9432992554291437 31
1694624908188 3.2427682236690103 32
1694624909845 3.4568798912532697 33
1694624911463 3.583836042186179 34
1694624913118 3.6266319217633054 35
1694624914874 3.591907507144615 36
1694624916480 3.488890426350204 37
1694624918472 3.3283544559129394 38
1694624920196 3.122041586348071 39
1694624921848 2.8818382605226307 40
1694624923835 2.6192518699707104 41
1694624925811 2.3448580202342653 42
1694624927317 2.0681066841026237 43
1694624929085 1.7971257494596606 44
1694624931046 1.5386123185808307 45
1694624932647 1.297832200492618 46
1694624934314 1.0786374732162032 47
1694624936429 0.8835554455074947 48
1694624938014 0.713858556561361 49
1694624939680 0.5697998763341089 50
1694624941232 0.4507699958106506 51
1694624942937 0.35546440982445815 52
1694624944519 0.2820931943863971 53
1694624946085 0.2284209311649612 54
1694624947778 0.19197781368645483 55
1694624949311 0.17018565406655617 56
1694624950832 0.1604655865034927 57
1694624952478 0.16024947071314355 58
1694624954063 0.16720076084590382 59
1694624955499 0.17920560944763697 60
1694624957074 0.19445720706762776 61
1694624958777 0.21133240454353042 62
1694624960857 0.22848370836479118 63
1694624962929 0.2448341103453353 64
1694624964339 0.2594987232522662 65
1694624966210 0.2718983450147291 66
1694624968033 0.28167341547891195 67
1694624969589 0.2886854405215099 68
1694624971190 0.29288551862421625 69
1694624972815 0.29435643934685374 70
1694624974427 0.2932494369835351 71
1694624975953 0.2898319749217947 72
1694624977477 0.28443871664696935 73
1694624979228 0.27739624804740676 74
1694624980746 0.2690466115382032 75
1694624982223 0.2597073534925397 76
1694624984049 0.2497030280675267 77
1694624985903 0.23933858563981164 78
1694624987443 0.22889049145972243 79
1694624989004 0.21858177025166703 80
1694624990658 0.20858938404564714 81
1694624992161 0.19906239173905382 82
1694624993835 0.19012090060318798 83
1694624995353 0.18185617794108494 84
1694624997481 0.17432299822273842 85
1694624999296 0.1675382956973051 86
1694625000795 0.16150431949192232 87
1694625002416 0.15621015731447524 88
1694625003896 0.15163342799398086 89
1694625005483 0.1477157814066712 90
1694625007062 0.1443972253110643 91
1694625008665 0.14162230063144673 92
1694625010255 0.13933996582053393 93
1694625011915 0.13750673583419595 94
1694625013400 0.13605975797983283 95
1694625015108 0.13494604467145851 96
1694625016572 0.13412134214320184 97
1694625018095 0.13352165742950803 98
1694625019605 0.1331030879515515 99
