1694625210010 169.64084248330965 0
1694625211478 166.19279401606454 1
1694625212996 159.84573710322306 2
1694625214600 151.12085011292072 3
1694625216081 140.55907324876054 4
1694625217503 128.69367161522715 5
1694625219021 116.02845738334575 6
1694625220486 103.02153320962262 7
1694625222039 90.07413570442907 8
1694625223456 77.52403567862638 9
1694625225283 65.64287455446751 10
1694625226778 54.6368012242965 11
1694625228316 44.64968635011544 12
1694625229777 35.76830674153579 13
1694625231183 28.028924221595172 14
1694625232623 21.424707673262514 15
1694625234252 15.913530964648942 16
1694625235990 11.425658597682354 17
1694625237570 7.8714787353904505 18
1694625239070 5.148105218452256 19
1694625240676 3.1455921602260903 20
1694625242157 1.7522099514880582 21
1694625243821 0.8588153765620781 22
1694625245659 0.3623102896244952 23
1694625247264 0.16822149930632427 24
1694625248781 0.19246403904684706 25
1694625250474 0.36237132818427437 26
1694625252142 0.617089564681222 27
1694625253815 0.9074409119845502 28
1694625255426 1.1953616268629323 29
1694625256972 1.4530182403390033 30
1694625258798 1.661698260245647 31
1694625260405 1.8105625742960179 32
1694625262056 1.8953356822948921 33
1694625263960 1.9169978621823351 34
1694625265563 1.8805310523842247 35
1694625266990 1.7937581702557204 36
1694625268215 1.6663042233682857 37
1694625269583 1.508697234156649 38
1694625270974 1.33161791158528 39
1694625272266 1.145299295061177 40
1694625273642 0.9590713140619244 41
1694625274973 0.781018644084524 42
1694625276312 0.6178382185116086 43
1694625277610 0.474709416849033 44
1694625278964 0.3552884743067412 45
1694625280212 0.2617748161379965 46
1694625281522 0.19502051673733564 47
1694625282920 0.15469965166116068 48
1694625284407 0.1395037803650348 49
1694625285756 0.14733781733912665 50
1694625287140 0.17551673965741818 51
1694625288446 0.22096970525790952 52
1694625289774 0.2803781096995964 53
1694625291106 0.350351572158976 54
1694625292382 0.4275621184392552 55
1694625293685 0.508854681927858 56
1694625295024 0.5913335688500423 57
1694625296335 0.6724255827700715 58
1694625297784 0.7498952324621377 59
1694625299147 0.8219199979636448 60
1694625300438 0.8870715652121718 61
1694625301792 0.9443042007409079 62
1694625303072 0.9929448546538873 63
1694625304391 1.0326214786231265 64
1694625305681 1.0632539832857115 65
1694625307089 1.0850136005542688 66
1694625308323 1.098271358562472 67
1694625309680 1.1035786634520552 68
1694625310996 1.101615679631213 69
1694625312300 1.0931392607888728 70
1694625313818 1.0789595604086966 71
1694625315105 1.0599154250196121 72
1694625316497 1.0368375378067767 73
1694625317905 1.01053062051324 74
1694625319474 0.9817657012794649 75
1694625320814 0.9512562324088244 76
1694625322257 0.9196412980649389 77
1694625323631 0.8874984271355305 78
1694625324962 0.8553462665907626 79
1694625326613 0.8236214999610616 80
1694625327878 0.7926919640434447 81
1694625329173 0.7628422801379192 82
1694625330494 0.7343105359676683 83
1694625331802 0.7072971900838347 84
1694625333027 0.6819353880008021 85
1694625334332 0.6583151475697244 86
1694625335558 0.6364678570834793 87
1694625336965 0.6164136086907883 88
1694625338299 0.5981483861558463 89
1694625339577 0.5816633222306562 90
1694625340862 0.5669103181356518 91
1694625342224 0.5538292167906357 92
1694625343487 0.5423507624217931 93
1694625344985 0.5323990668126882 94
1694625346355 0.5238724075593763 95
1694625347617 0.5166866261448698 96
1694625348892 0.5107584456197033 97
1694625350277 0.5060209805866653 98
1694625351542 0.5023857086585148 99
