1694706160964 168.60299153122153 0
1694706162742 168.569353935853 1
1694706164451 168.53572373083412 2
1694706166067 168.5021009144735 3
1694706167718 168.46848548508015 4
1694706169229 168.4348774409635 5
1694706170747 168.40127678043342 6
1694706172468 168.36768350180012 7
1694706174078 168.33409760337415 8
1694706175818 168.30051908346658 9
1694706177349 168.2669479403888 10
1694706178815 168.23338417245265 11
1694706180569 168.19982777797023 12
1694706182679 168.1662787552542 13
1694706184537 168.13273710261757 14
1694706186644 168.09920281837367 15
1694706188526 168.06567590083628 16
1694706190359 168.03215634831963 17
1694706191951 167.9986441591382 18
1694706193602 167.96513933160696 19
1694706195426 167.93164186404135 20
1694706197038 167.89815175475707 21
1694706198966 167.86466900207026 22
1694706200998 167.83119360429743 23
1694706202812 167.79772555975555 24
1694706204280 167.76426486676192 25
1694706206239 167.73081152363432 26
1694706208121 167.6973655286908 27
1694706210016 167.66392688024985 28
1694706211639 167.63049557663047 29
1694706213043 167.59707161615185 30
1694706214468 167.56365499713374 31
1694706216302 167.5302457178962 32
1694706217885 167.4968437767597 33
1694706219347 167.46344917204513 34
1694706220745 167.43006190207376 35
1694706222187 167.39668196516718 36
1694706223686 167.3633093596475 37
1694706225724 167.32994408383715 38
1694706227614 167.29658613605895 39
1694706229135 167.2632355146361 40
1694706230977 167.22989221789229 41
1694706232829 167.19655624415148 42
1694706234919 167.16322759173806 43
1694706236821 167.12990625897686 44
1694706238550 167.09659224419303 45
1694706240356 167.0632855457122 46
1694706242006 167.0299861618603 47
1694706243603 166.99669409096373 48
1694706245114 166.96340933134923 49
1694706246752 166.93013188134393 50
1694706248368 166.89686173927535 51
1694706249870 166.86359890347148 52
1694706251623 166.8303433722606 53
1694706253295 166.79709514397138 54
1694706254888 166.76385421693305 55
1694706256505 166.730620589475 56
1694706258422 166.69739425992717 57
1694706260524 166.6641752266198 58
1694706262537 166.63096348788355 59
1694706264270 166.59775904204955 60
1694706266043 166.56456188744914 61
1694706267908 166.53137202241427 62
1694706269607 166.49818944527712 63
1694706271391 166.46501415437032 64
1694706273064 166.43184614802684 65
1694706274802 166.39868542458012 66
1694706276566 166.365531982364 67
1694706278244 166.33238581971256 68
1694706279656 166.29924693496042 69
1694706281185 166.2661153264426 70
1694706282670 166.2329909924943 71
1694706284649 166.19987393145144 72
1694706286381 166.16676414165002 73
1694706288075 166.13366162142663 74
1694706289583 166.10056636911816 75
1694706291132 166.0674783830619 76
1694706292552 166.03439766159553 77
1694706294069 166.00132420305715 78
1694706296123 165.96825800578523 79
1694706297837 165.9351990681186 80
1694706299362 165.90214738839654 81
1694706301008 165.8691029649586 82
1694706303076 165.8360657961449 83
1694706304984 165.80303588029582 84
1694706306765 165.77001321575213 85
1694706308510 165.73699780085505 86
1694706310335 165.70398963394612 87
1694706312727 165.67098871336734 88
1694706314708 165.63799503746105 89
1694706316262 165.60500860456997 90
1694706317717 165.57202941303726 91
1694706319487 165.5390574612064 92
1694706321140 165.50609274742132 93
1694706322803 165.4731352700263 94
1694706324367 165.44018502736603 95
1694706325810 165.40724201778553 96
1694706327195 165.37430623963033 97
1694706328723 165.3413776912462 98
1694706330251 165.30845637097943 99
