1694344171044 -6.9090888940424255 0
1694344171459 -8.532757332195267 1
1694344171905 -7.944721387171505 2
1694344172403 -6.1746102303472306 3
1694344172906 -5.979805699977699 4
1694344173519 -7.022367417511511 5
1694344174078 -6.104416719912709 6
1694344174639 -6.97384299223207 7
1694344175181 -7.211194879108573 8
1694344175759 -5.652257523669677 9
1694344176427 -6.804166697627096 10
1694344177109 -7.460290597417552 11
1694344177757 -5.221808516457228 12
1694344178294 -7.957947159398513 13
1694344178681 -4.300291753673367 14
1694344179320 -5.95802743507444 15
1694344179783 -6.549928343820962 16
1694344180285 -8.420012051008056 17
1694344180755 -7.47129158206449 18
1694344181150 -4.032165315686254 19
1694344181584 -5.724408777751004 20
1694344181966 -8.734790016759678 21
1694344182376 -5.649738577753027 22
1694344182779 -4.869093593324872 23
1694344183110 -5.0297153440125815 24
1694344183414 -6.43989952675054 25
1694344183729 -4.29615083208924 26
1694344184036 -6.051697409022375 27
1694344184427 -5.9916633604165055 28
1694344185074 -9.3886060238813 29
1694344185627 -4.5767405399566465 30
1694344186090 -5.089955586804133 31
1694344186474 -4.467871394126559 32
1694344186848 -5.240281900413906 33
1694344187226 -6.804818956142477 34
1694344187611 -5.6127339123879585 35
1694344187981 -8.28830760329893 36
1694344188329 -4.9997527007868685 37
1694344188700 -4.2467154635213165 38
1694344189054 -5.456558013635306 39
1694344189416 -8.185985553784098 40
1694344189803 -5.301007086961578 41
1694344190217 -6.561440685829161 42
1694344190573 -5.09911270870731 43
1694344190954 -5.5108805149859 44
1694344191408 -4.695715383664966 45
1694344192034 -4.796725367045119 46
1694344192755 -6.527012531439286 47
1694344193317 -4.181852114404959 48
1694344193794 -4.104721882046894 49
1694344194442 -3.6037541165480897 50
1694344195374 -4.443868871478728 51
1694344195970 -4.651969708710412 52
1694344196365 -8.442845910563953 53
1694344196723 -6.583520129315675 54
1694344197112 -9.615522199444271 55
1694344197460 -5.504503672390331 56
1694344197867 -8.304507763356272 57
1694344198241 -6.4294360256473615 58
1694344198653 -6.696863680641328 59
1694344199018 -5.747105293740406 60
1694344199436 -6.530939487533268 61
1694344199836 -4.375804257188417 62
1694344200236 -9.872817376577638 63
1694344200614 -5.496608349954492 64
1694344201007 -6.256060575958734 65
1694344201409 -5.9071785522919145 66
1694344201799 -7.391055425493452 67
1694344202165 -4.970483113322017 68
1694344202574 -9.321847205602307 69
1694344202966 -5.594500218865232 70
1694344203412 -7.706680215364095 71
1694344203811 -6.406465942426017 72
1694344204228 -4.581266528705482 73
1694344204643 -5.931558639140196 74
1694344205133 -3.8132950428527286 75
1694344205583 -6.136781933592313 76
1694344205988 -6.01478601088511 77
1694344206352 -6.26652883275786 78
1694344206720 -4.524780387372459 79
1694344207199 -6.913125104976374 80
1694344207778 -6.404535622942365 81
1694344208416 -7.684256181294851 82
1694344208890 -6.123556463862079 83
1694344209311 -6.424175763803382 84
1694344209702 -4.505065718430645 85
1694344210107 -7.6383276812735605 86
1694344210624 -5.877997880257815 87
1694344211037 -6.451413697294841 88
1694344211419 -7.185560649587467 89
1694344211814 -5.2439385711708 90
1694344212216 -9.75305240691113 91
1694344212641 -6.547105607693119 92
1694344213131 -5.1170623522700085 93
1694344213650 -5.244674046921682 94
1694344214221 -2.6327621034751254 95
1694344214783 -5.487087896611187 96
1694344215221 -5.0493896131416856 97
1694344215607 -7.051479523395127 98
1694344216000 -5.679495681668057 99
1694344216437 -5.055691262604915 100
1694344217003 -11.810880250012506 101
1694344217705 -7.007436625505775 102
1694344218421 -6.255392435465566 103
1694344219282 -3.750784328360262 104
1694344219938 -6.191620982199064 105
1694344220382 -4.815447391457786 106
1694344220815 -5.788639430362022 107
1694344221260 -6.2839603123987064 108
1694344221657 -5.106122807949298 109
1694344222059 -9.55657508406444 110
1694344222474 -7.590621475197919 111
1694344222889 -6.809731104229124 112
1694344223280 -3.652119677492876 113
1694344223684 -8.645077572129512 114
1694344224073 -8.771790807056755 115
1694344224449 -6.34942766078708 116
1694344224832 -5.3005184276491075 117
1694344225183 -6.720020175029686 118
1694344225566 -4.797192726859833 119
1694344225976 -9.578477007483803 120
1694344226333 -4.805052199562664 121
1694344226681 -6.637527107778516 122
1694344227027 -7.593189079437709 123
1694344227385 -6.498082381701454 124
1694344227759 -5.138568504113148 125
1694344228107 -5.454407209553055 126
1694344228493 -6.052884463120432 127
1694344228868 -5.635452719390833 128
1694344229227 -7.248905052240509 129
1694344229599 -5.790288465368713 130
1694344229983 -4.554748605989682 131
1694344230338 -4.841092413350042 132
1694344230710 -6.315785906519362 133
1694344231096 -3.793722656852248 134
1694344231489 -5.792305581388082 135
1694344231929 -7.428822866246197 136
1694344232325 -5.17869591997838 137
1694344232757 -4.121841468706056 138
1694344233311 -3.99704361503652 139
1694344233800 -7.138506923597717 140
1694344234430 -5.5681087617109375 141
1694344234988 -5.894944826789961 142
1694344235647 -10.197024079543322 143
1694344236224 -7.076769463158435 144
1694344236682 -7.980044470760571 145
1694344237185 -6.20104052532064 146
1694344237753 -6.063960887251661 147
1694344238348 -7.254365491690411 148
1694344238990 -4.510923817720602 149
1694344239826 -8.849618283589882 150
1694344240404 -4.971260389939753 151
1694344241269 -6.5535763919754935 152
1694344243068 -5.104333525916053 153
1694344243659 -5.500629276669713 154
1694344244522 -7.111652734990475 155
1694344246114 -9.46789697921358 156
1694344247014 -9.368196084989716 157
1694344248068 -6.371389078118188 158
1694344249001 -4.424958251446117 159
1694344249648 -7.8157263626798805 160
1694344250237 -6.816356430747101 161
1694344250646 -4.565337824122676 162
1694344251056 -5.678029982484039 163
1694344251535 -4.264065487162624 164
1694344252070 -6.112796840610639 165
1694344252621 -5.982318647213267 166
1694344253144 -11.26762275739952 167
1694344253760 -3.8050935538396393 168
1694344254496 -3.671469701497821 169
1694344255057 -5.221595308135038 170
1694344255450 -3.687413320477126 171
1694344255834 -8.708386548876563 172
1694344256449 -12.955029403533974 173
1694344256911 -4.26904466978003 174
1694344257333 -3.8790341588791515 175
1694344257753 -6.613311507374434 176
1694344258275 -8.135641385242486 177
1694344258827 -4.361505114575885 178
1694344259406 -3.6580118528472045 179
1694344259877 -5.493414412073299 180
1694344260327 -7.355502942905918 181
1694344260781 -8.936204767019442 182
1694344261256 -5.378327475232368 183
1694344261755 -5.812647780668214 184
1694344262197 -15.256647707910275 185
1694344262588 -6.5254363708575065 186
1694344262957 -6.128898220441513 187
1694344263323 -5.54868555519583 188
1694344263705 -6.856231247369589 189
1694344264115 -10.887753007911568 190
1694344264534 -7.799887960548949 191
1694344264956 -5.507183775596242 192
1694344265338 -9.539064550671018 193
1694344265699 -4.860991358668378 194
1694344266054 -8.110947771043822 195
1694344266451 -10.166702765976918 196
1694344266810 -6.263134532842459 197
1694344267180 -6.408072037883554 198
1694344267624 -5.8283572017430005 199
1694344268035 -3.0562361728949634 200
1694344268419 -6.269778699585662 201
1694344268841 -5.27803776084984 202
1694344269191 -8.91693533706131 203
1694344269574 -13.454935996577511 204
1694344269976 -9.05147608651028 205
1694344270309 -4.857244193247099 206
1694344270635 -4.679099297003781 207
1694344270946 -7.6724771200740935 208
1694344271287 -5.0927456906841675 209
1694344271624 -6.526744822244775 210
1694344272067 -4.156633800489135 211
1694344272505 -6.367179927196035 212
1694344272935 -3.5749870829750288 213
1694344273417 -10.73555985999659 214
1694344273890 -7.083457727313938 215
1694344274343 -4.8844868677769835 216
1694344274784 -7.412563024011575 217
1694344275187 -12.015642277831315 218
1694344275562 -5.924684073084178 219
1694344275959 -4.657023033774693 220
1694344276366 -6.31883338345716 221
1694344276783 -7.4134308482398765 222
1694344277198 -5.81288043149277 223
1694344277644 -4.765448227503041 224
1694344278110 -12.55643669759074 225
1694344278529 -5.557603404541679 226
1694344278986 -11.488833263749292 227
1694344279443 -7.60797402565581 228
1694344279867 -6.383775570822277 229
1694344280334 -5.290196379185237 230
1694344280742 -3.565526727641074 231
1694344281129 -6.049977091837376 232
1694344281516 -7.482617863860904 233
1694344281905 -6.50880254350164 234
1694344282244 -5.277973652890885 235
1694344282599 -5.302568329369028 236
1694344282938 -7.191199191279008 237
1694344283252 -6.015515391431658 238
1694344283584 -6.958445368338907 239
1694344283925 -4.120500433752448 240
1694344284298 -6.806092993777375 241
1694344284820 -4.827448092391441 242
1694344285261 -6.802045072074583 243
1694344285707 -6.51158606900016 244
1694344286202 -4.808250247700364 245
1694344286624 -4.768918345736174 246
1694344286989 -10.404277541053832 247
1694344287449 -7.596685457396218 248
1694344288002 -9.362256105512426 249
1694344288513 -4.510888003036131 250
1694344289132 -9.086083482126773 251
1694344289796 -5.930663882709724 252
1694344290343 -7.3524250110591005 253
1694344290807 -5.771562092137223 254
1694344291241 -6.259003812613198 255
1694344291661 -4.918223023147374 256
1694344292127 -3.811797843039491 257
1694344292599 -6.9919522194100585 258
1694344293081 -5.32865847193491 259
1694344293749 -6.2957258942757 260
1694344294312 -10.133327088917138 261
1694344294868 -7.873767248800284 262
1694344295774 -5.637064458843514 263
1694344296397 -8.718499932758416 264
1694344296992 -5.280112025698096 265
1694344297609 -4.877100429952754 266
1694344298188 -5.060988015977364 267
1694344298579 -5.700190374547926 268
1694344298924 -4.921896592831912 269
1694344299254 -8.514041790715916 270
1694344299590 -3.6566708802040955 271
1694344299902 -7.09881214265776 272
1694344300262 -3.1722828960871423 273
1694344300642 -7.513935717874004 274
1694344300989 -9.9581563380921 275
1694344301434 -7.254180876693855 276
1694344301979 -5.387188546321287 277
1694344302353 -7.016973732539659 278
1694344302696 -4.3857095029922695 279
1694344303089 -5.796123228475745 280
1694344303544 -5.122357335733241 281
1694344304015 -7.586138369371431 282
1694344304667 -6.330088728389937 283
1694344305390 -7.417106851127727 284
1694344305970 -6.499847223548741 285
1694344306483 -7.081043603810448 286
1694344306923 -8.654645562519827 287
1694344307367 -7.2035617851239095 288
1694344307930 -3.9013158434739976 289
1694344308563 -7.364053912746778 290
1694344309186 -5.7308872388118415 291
1694344309725 -7.0959990523135765 292
1694344310221 -4.812039655956951 293
1694344310594 -6.379590989434984 294
1694344310957 -5.286915070899554 295
1694344311309 -4.845171338491719 296
1694344311616 -4.734046411227447 297
1694344311955 -6.507126855731675 298
1694344312342 -4.567581287265671 299
1694344312677 -4.1011324410268815 300
1694344313093 -6.38005396167439 301
1694344313548 -4.125873871035215 302
1694344313940 -8.138600514209712 303
1694344314327 -6.135139702826663 304
1694344314799 -9.864606548673926 305
1694344315347 -3.5780989417645435 306
1694344315945 -8.598724724028667 307
1694344316360 -9.676980967828262 308
1694344316757 -8.813849859502849 309
1694344317204 -4.462674631189635 310
1694344317753 -6.057165846557354 311
1694344318283 -3.1910856656556676 312
1694344318737 -5.254907930568092 313
1694344319148 -2.7080685021631066 314
1694344319551 -8.352731275392918 315
1694344319961 -5.3721967977373115 316
1694344320407 -16.550041437442825 317
1694344320895 -8.51850589546942 318
1694344321403 -8.764658083690001 319
1694344321894 -4.177011140560776 320
1694344322343 -7.492716329975135 321
1694344322784 -5.672342504720972 322
1694344323238 -4.500411096548852 323
1694344323654 -4.571489412359347 324
1694344324075 -4.24928447425383 325
1694344324796 -4.758366499288413 326
1694344325596 -4.696894468685216 327
1694344326709 -4.874527716431861 328
1694344328197 -6.406932325410126 329
1694344329220 -9.101548109924849 330
1694344329945 -6.153223870476427 331
1694344330713 -4.694337180994685 332
1694344331455 -6.130087743822536 333
1694344332484 -4.929930084064391 334
1694344334203 -5.257515146846221 335
1694344335245 -6.1699933211960305 336
1694344336632 -5.601350465455042 337
1694344338537 -5.688728456809257 338
1694344339334 -8.061045699135553 339
1694344340664 -5.402802908714348 340
1694344341771 -3.367335851875006 341
1694344342548 -6.348626407778243 342
1694344343394 -3.1271326381776534 343
1694344344047 -5.581785366370662 344
1694344345430 -9.496018930037375 345
1694344346696 -6.263356958958453 346
1694344347948 -5.305898391845454 347
1694344349532 -7.995897993634843 348
1694344350641 -6.533771756789473 349
1694344351627 -9.153102645650643 350
1694344352617 -8.097719230408288 351
1694344353505 -7.842543812403878 352
1694344354410 -6.180784430992198 353
1694344354993 -5.963369339502652 354
1694344355461 -3.925122055129889 355
1694344355924 -6.0177427913573345 356
1694344356356 -4.351451445493834 357
1694344356849 -3.743357798428267 358
1694344357497 -4.708315202803214 359
1694344358133 -5.084803821784546 360
1694344358592 -9.23737436584436 361
1694344359070 -7.95270209595432 362
1694344359489 -7.527291303910248 363
1694344359886 -7.715178746045707 364
1694344360291 -5.111916951696757 365
1694344360713 -4.430429189189593 366
1694344361213 -3.3206535844053926 367
1694344361733 -4.328283907971455 368
1694344362221 -6.633419112608169 369
1694344362652 -11.57293765461161 370
1694344363061 -8.270813208504304 371
1694344363472 -6.012236476013398 372
1694344363874 -4.128416003237574 373
1694344364314 -5.739519961251616 374
1694344364867 -6.462186235794031 375
1694344365434 -7.51553969160112 376
1694344365946 -6.454654778799363 377
1694344366384 -5.14836528752603 378
1694344366814 -3.1449616779254796 379
1694344367259 -8.30160355212094 380
1694344367736 -5.302424165480337 381
1694344368207 -6.658559319192777 382
1694344368695 -4.716605245763207 383
1694344369195 -4.646098529752271 384
1694344369841 -6.350579309227104 385
1694344370298 -10.89626143770176 386
1694344370730 -7.522999092881882 387
1694344371153 -7.121896458890724 388
1694344371572 -7.088350278464516 389
1694344371974 -4.769390847032032 390
1694344372405 -5.5394927402021565 391
1694344372833 -8.67906137797206 392
1694344373314 -6.508182129039364 393
1694344373776 -7.155657222783256 394
1694344374217 -3.8489654700752194 395
1694344374659 -7.172812112172911 396
1694344375060 -6.2435905030472405 397
1694344375494 -5.442684099405642 398
1694344375899 -3.6315171650801306 399
1694344376321 -5.051953729476199 400
1694344376779 -3.8945079881628724 401
1694344377283 -7.883824286062129 402
1694344377810 -7.169949930998181 403
1694344378277 -6.1244315089648556 404
1694344378722 -5.462468942439225 405
1694344379153 -4.366223849797764 406
1694344379617 -4.042508055746114 407
1694344380073 -5.30133721160761 408
1694344380614 -8.538711702921017 409
1694344381148 -6.912287781334894 410
1694344381677 -4.625524888206953 411
1694344382161 -6.2737596346617375 412
1694344382589 -5.311403558926009 413
1694344383010 -9.023841194677644 414
1694344383435 -8.74667970993044 415
1694344383846 -5.676418774592283 416
1694344384259 -7.577788338346599 417
1694344384714 -7.5301615718901616 418
1694344385194 -6.430541671941128 419
1694344385712 -4.01616287414309 420
1694344386204 -8.343441480930053 421
1694344386688 -6.8758578244928685 422
1694344387184 -5.539519786677512 423
1694344387960 -7.5640647999567285 424
1694344388540 -15.021061448043863 425
1694344389030 -6.270658068756831 426
1694344389510 -8.290087025974229 427
1694344389959 -6.682657220629144 428
1694344390347 -7.963831582319747 429
1694344390745 -8.736351119133003 430
1694344391119 -4.275453097542404 431
1694344391450 -6.2088777920931415 432
1694344391858 -12.542831069879819 433
1694344392267 -5.069045845504852 434
1694344392681 -6.918973691723167 435
1694344393086 -4.105706542145103 436
1694344393512 -5.963584351939965 437
1694344393947 -6.705078890503585 438
1694344394394 -11.929628927005508 439
1694344394902 -4.6799090076409025 440
1694344395415 -6.839097240625396 441
1694344395932 -8.754267591579445 442
1694344396467 -9.609331229157158 443
1694344397050 -6.092204800390092 444
1694344397766 -4.634399241213016 445
1694344398375 -9.9380167193456 446
1694344398980 -5.161507939748037 447
1694344399481 -6.023063262162806 448
1694344400093 -8.209288090183403 449
1694344400617 -5.051226699790546 450
1694344401167 -5.242494658053742 451
1694344401709 -5.7588104062332715 452
1694344402280 -4.1287596704781295 453
1694344402717 -5.20063730917427 454
1694344403186 -5.289731752377888 455
1694344403599 -6.730231412961313 456
1694344404024 -6.2848914948488455 457
1694344404501 -4.843219110774745 458
1694344404999 -6.808971218952743 459
1694344405535 -7.015932359500717 460
1694344406024 -4.30789974274022 461
1694344406436 -7.7704236258877195 462
1694344406827 -5.684606030246753 463
1694344407261 -9.382494894992133 464
1694344407705 -4.262517819393205 465
1694344408175 -7.836550003795628 466
1694344408622 -4.540589294356948 467
1694344409081 -6.093300238095096 468
1694344409592 -8.047170433552026 469
1694344410165 -4.145981328884932 470
1694344410628 -3.701897482555938 471
1694344411132 -9.20251628331742 472
1694344411799 -5.241925515221884 473
1694344412334 -6.737352466124328 474
1694344412818 -9.085856347724961 475
1694344413261 -5.927697732305236 476
1694344413678 -5.071348698735358 477
1694344414097 -5.923636778289626 478
1694344414531 -3.857525523289569 479
1694344415115 -3.5137045582788557 480
1694344415687 -6.676139608464014 481
1694344416376 -9.366861853403572 482
1694344416980 -6.278472610704803 483
1694344417948 -5.194563987271097 484
1694344418635 -9.44090033880587 485
1694344419169 -6.011475190598212 486
1694344419782 -5.699338072536465 487
1694344420387 -8.017422125751269 488
1694344420852 -10.112662884323736 489
1694344421397 -4.023144177335719 490
1694344422058 -8.556833579872695 491
1694344423071 -6.003981962120068 492
1694344423714 -7.944789681636463 493
1694344424632 -7.672717638427482 494
1694344427589 -5.476088247106948 495
1694344428522 -8.156009702229676 496
1694344429381 -5.161048608972055 497
1694344430474 -4.650433653105019 498
1694344431442 -8.174381886214361 499
