1694446927765 -239.32384704812614 0
1694446928535 -193.48320114987766 1
1694446929210 -157.1891675297129 2
1694446929859 -128.37578887338142 3
1694446930540 -105.4348695342621 4
1694446931219 -87.11306885000164 5
1694446931918 -72.43234690355965 6
1694446932566 -60.62842684115554 7
1694446933254 -51.103164236174536 8
1694446934062 -43.387656879247054 9
1694446934928 -37.11365371503709 10
1694446935784 -31.991379928013842 11
1694446936718 -27.79232509821948 12
1694446937523 -24.33587257977588 13
1694446938490 -21.478903573542183 14
1694446939502 -19.107706259147502 15
1694446940405 -17.131672257821755 16
1694446941228 -15.478379946483159 17
1694446942005 -14.089754681619295 18
1694446942665 -12.919065933937596 19
1694446943349 -11.92857539010777 20
1694446944091 -11.087691873217274 21
1694446944765 -10.371521263981071 22
1694446945486 -9.75972462527924 23
1694446946158 -9.235617105340761 24
1694446946819 -8.78545520229216 25
1694446947507 -8.397871604730524 26
1694446948224 -8.063425843807664 27
1694446948912 -7.77424599244153 28
1694446949563 -7.523742082928104 29
1694446950204 -7.306376138076427 30
1694446950893 -7.1174769957427415 31
1694446951608 -6.953090663260446 32
1694446952308 -6.809858930009148 33
1694446952950 -6.684920519632193 34
1694446953693 -6.575830276088577 35
1694446954334 -6.4804928256644185 36
1694446955018 -6.397107899071335 37
1694446955735 -6.324125079429915 38
1694446956474 -6.260206198666968 39
1694446957221 -6.2041939641252 40
1694446958020 -6.155085680343563 41
1694446958828 -6.112011154617049 42
1694446959641 -6.074214052001348 43
1694446960776 -6.0410361059502025 44
1694446961978 -6.011903702601009 45
1694446963117 -5.986316445974666 46
1694446964934 -5.963837382807506 47
1694446965958 -5.944084623122742 48
1694446967180 -5.926724138903405 49
1694446968519 -5.911463560642955 50
1694446969664 -5.898046821927679 51
1694446970428 -5.886249526964554 52
1694446971236 -5.875874936229681 53
1694446971993 -5.866750482059373 54
1694446972725 -5.858724739738837 55
1694446973401 -5.851664791018712 56
1694446973997 -5.84545392645052 57
1694446974661 -5.839989640830949 58
1694446975414 -5.835181882666791 59
1694446976257 -5.830951524143196 60
1694446976957 -5.82722902278278 61
1694446977728 -5.823953249969302 62
1694446978391 -5.821070464899193 63
1694446979011 -5.818533415414135 64
1694446979596 -5.816300549640095 65
1694446980231 -5.814335324478124 66
1694446980817 -5.812605598814884 67
1694446981456 -5.811083100891533 68
1694446982010 -5.809742960625887 69
1694446982669 -5.808563298856533 70
1694446983370 -5.807524866494649 71
1694446983917 -5.806610727452607 72
1694446984457 -5.805805979986162 73
1694446985196 -5.805097511755743 74
1694446985867 -5.80447378449465 75
1694446986513 -5.803924644680838 76
1694446987431 -5.803441157052508 77
1694446988500 -5.803015458196241 78
1694446989256 -5.80264062777565 79
1694446989990 -5.8023105752659685 80
1694446990761 -5.802019940320045 81
1694446991490 -5.801764005119623 82
1694446992182 -5.801538617265648 83
1694446992859 -5.801340121936834 84
1694446993594 -5.801165302199766 85
1694446994364 -5.80101132648883 86
1694446995113 -5.8008757023930615 87
1694446995810 -5.800756235991107 88
1694446996583 -5.800650996067213 89
1694446997366 -5.8005582826214015 90
1694446998336 -5.800476599157864 91
1694446999451 -5.800404628297702 92
