1694340690969 -9.01032566148026 0
1694340691286 -7.801626143805487 1
1694340691606 -7.786127934091981 2
1694340691903 -5.163871548095306 3
1694340692267 -5.776131294698593 4
1694340692605 -11.226279388856431 5
1694340692926 -5.760188461409421 6
1694340693240 -7.642618889104467 7
1694340693512 -9.368253889228287 8
1694340693809 -4.7734799095950695 9
1694340694145 -3.9281365271377178 10
1694340694487 -11.618471826523814 11
1694340694846 -4.083225994886278 12
1694340695148 -7.735214189843759 13
1694340695471 -4.417842864652537 14
1694340695784 -10.803908505888375 15
1694340695973 -4.11967437335239 16
1694340696171 -13.093218994478365 17
1694340696405 -5.221770848510698 18
1694340696600 -7.6503621606406895 19
1694340696772 -5.331351764849398 20
1694340696955 -4.4250042251638035 21
1694340697165 -5.445363120408783 22
1694340697356 -10.79568078784013 23
1694340697549 -5.86652311683507 24
1694340697729 -5.417794299409727 25
1694340697907 -5.157211090404793 26
1694340698096 -9.705003650610534 27
1694340698300 -5.629882188208121 28
1694340698497 -5.11656826088286 29
1694340698672 -5.315953928687182 30
1694340698905 -8.31064548219073 31
1694340699165 -4.128541723102575 32
1694340699425 -4.017431452635456 33
1694340699699 -6.255958558962661 34
1694340699962 -11.271843989484086 35
1694340700254 -8.793070052588808 36
1694340700529 -11.676127688294272 37
1694340700821 -10.105509394475847 38
1694340701085 -5.351209715368139 39
1694340701345 -8.082556414770936 40
1694340701609 -6.065782807550639 41
1694340701869 -10.401085638130384 42
1694340702124 -7.231584530291531 43
1694340702401 -4.275049596506121 44
1694340702622 -7.93849588484108 45
1694340702815 -5.199836474852996 46
1694340703013 -4.372413291636959 47
1694340703199 -7.701591624463235 48
1694340703366 -5.68434189257022 49
1694340703558 -7.909657818783524 50
1694340703763 -6.062972581888546 51
1694340703985 -8.241359540793361 52
1694340704242 -7.19085825917886 53
1694340704473 -5.717924242610591 54
1694340704639 -5.639459767303564 55
1694340704829 -7.3192629918443775 56
1694340705038 -4.2278472013299755 57
1694340705319 -8.994530874139096 58
1694340705635 -9.832383749679236 59
1694340705835 -8.007573646267478 60
1694340706040 -4.74667694301965 61
1694340706238 -3.7692037176629523 62
1694340706504 -5.239190644445962 63
1694340706865 -11.392032628676214 64
1694340707216 -8.24637473987754 65
1694340707573 -6.465923066832441 66
1694340707907 -7.781490796409038 67
1694340708252 -4.160629307308018 68
1694340708559 -3.2382045915786417 69
1694340708806 -11.862974964986796 70
1694340709081 -5.350443225590878 71
1694340709361 -6.845205261194222 72
1694340709647 -6.773453336120965 73
1694340709950 -5.255772106561521 74
1694340710240 -6.278939051401947 75
1694340710569 -4.173613743668033 76
1694340710853 -14.250907747253816 77
1694340711178 -8.075525671031185 78
1694340711563 -5.352647296314763 79
1694340711872 -5.882527845221601 80
1694340712273 -6.185279421319996 81
1694340712634 -4.937416812739182 82
1694340712958 -13.293700946825338 83
1694340713284 -4.403137062929982 84
1694340713602 -5.979313972526994 85
1694340713934 -5.326965263440274 86
1694340714317 -10.588727226195598 87
1694340714648 -6.961328581531794 88
1694340714976 -5.976612458305213 89
1694340715301 -3.168636579387951 90
1694340715646 -3.937824895527907 91
1694340716089 -8.187731172889615 92
1694340716435 -5.62907897010018 93
1694340716756 -4.861673842578744 94
1694340717098 -6.66623250531894 95
1694340717435 -9.36613416796086 96
1694340717788 -3.368059043920642 97
1694340718184 -3.821211651637448 98
1694340718439 -5.768284039930529 99
1694340718633 -10.738131020711158 100
1694340718854 -3.4729258519863677 101
1694340719126 -8.165120195376844 102
1694340719403 -6.788603128199951 103
1694340719622 -7.8213904147763 104
1694340719884 -4.19974885384176 105
1694340720170 -6.387925074011747 106
1694340720478 -8.056130801052385 107
1694340720652 -4.131806509358299 108
1694340720832 -5.971801658446688 109
1694340721022 -8.647813496828553 110
1694340721204 -7.301076071681415 111
1694340721399 -4.312475175879826 112
1694340721629 -3.9339804326719854 113
1694340721820 -4.571682972953178 114
1694340722012 -11.390894982376569 115
1694340722230 -6.579609071298593 116
1694340722506 -5.93371909755176 117
1694340722812 -4.559278709421169 118
1694340723087 -4.620328157365123 119
1694340723421 -4.574558467308807 120
1694340723788 -7.787351162426544 121
1694340724116 -9.831409570766168 122
1694340724499 -5.898277097584296 123
1694340724795 -6.4049359337119345 124
1694340725136 -6.883620889192248 125
1694340725459 -8.126069072253776 126
1694340725774 -4.052445273156532 127
1694340726124 -4.8250011357223315 128
1694340726464 -7.513392215010274 129
1694340726780 -6.381263143334145 130
1694340727129 -4.9120922909839395 131
1694340727493 -7.5543129234564645 132
1694340727840 -7.776870081887358 133
1694340728226 -7.5627051343241 134
1694340728585 -6.115910394576171 135
1694340728900 -5.394409185659207 136
1694340729211 -6.710412284457858 137
1694340729537 -6.1373772198921595 138
1694340729848 -4.577654205650123 139
1694340730155 -5.098494543454063 140
1694340730467 -4.5845872616239145 141
1694340730817 -8.562563487516117 142
1694340731126 -6.060154229182212 143
1694340731451 -6.372795133399903 144
1694340731785 -5.925117639212479 145
1694340732146 -7.706799257406429 146
1694340732477 -8.490518970058218 147
1694340732772 -4.335210814492892 148
1694340733086 -7.683131107048579 149
1694340733279 -6.271554320893257 150
1694340733440 -6.337151159836703 151
1694340733610 -10.329941346830216 152
1694340733802 -6.795166803576355 153
1694340733988 -5.6574264964592755 154
1694340734190 -7.565857902614555 155
1694340734415 -7.887195940719142 156
1694340734631 -4.430561790575576 157
1694340734836 -4.552223479254756 158
1694340735075 -5.747081835777838 159
1694340735360 -5.492524760681042 160
1694340735593 -6.992043332891523 161
1694340735788 -13.349923641044908 162
1694340736015 -6.766844859371147 163
1694340736268 -5.538693412150894 164
1694340736529 -7.567162898248187 165
1694340736738 -7.864198889964886 166
1694340736942 -5.582964436395322 167
1694340737239 -4.133842169842905 168
1694340737587 -6.466236503498125 169
1694340737916 -5.841860675695004 170
1694340738219 -6.103853058743168 171
1694340738560 -6.1555834030333045 172
1694340738905 -3.4438437537208753 173
1694340739215 -13.454101112214085 174
1694340739590 -7.866197527938983 175
1694340739970 -5.76428442869082 176
1694340740371 -7.544041802259276 177
1694340740723 -14.728714930353233 178
1694340741051 -6.376207601831113 179
1694340741373 -5.478259599557022 180
1694340741709 -6.6002009524018685 181
1694340742035 -8.25454287523085 182
1694340742395 -7.382488708899146 183
1694340742733 -5.0151298985467365 184
1694340743078 -7.793363952093802 185
1694340743341 -6.77480333285534 186
1694340743662 -4.814002120418963 187
1694340744007 -7.18819028337751 188
1694340744412 -5.60746580318717 189
1694340744721 -4.6156885609631635 190
1694340745032 -17.39189841453028 191
1694340745361 -5.245615841671835 192
1694340745667 -6.211392992790731 193
1694340746004 -13.261065946192549 194
1694340746322 -5.7302621529824735 195
1694340746657 -6.667087165885595 196
1694340747000 -7.166933363806079 197
1694340747316 -4.558699664007636 198
1694340747668 -5.814302111045134 199
1694340748006 -4.180683992267099 200
1694340748307 -5.318965540789952 201
1694340748561 -7.400436831861571 202
1694340748775 -7.5548135395209055 203
1694340749002 -8.188596156126508 204
1694340749254 -5.630972470785734 205
1694340749474 -5.177134505390837 206
1694340749660 -5.439846389679685 207
1694340749868 -6.104951402300883 208
1694340750074 -8.837968427799531 209
1694340750303 -11.861187085367773 210
1694340750523 -12.084220394632474 211
1694340750748 -4.298639044804569 212
1694340750967 -6.388687257807546 213
1694340751164 -4.50218874072774 214
1694340751359 -4.530060419843716 215
1694340751614 -4.240499885467881 216
1694340751871 -5.200894678017621 217
1694340752072 -10.53313512358033 218
1694340752319 -7.130724212901519 219
1694340752649 -7.1365294083895545 220
1694340752972 -7.162024413807963 221
1694340753305 -5.175994072005316 222
1694340753624 -7.391519979695634 223
1694340754001 -6.718558608273138 224
1694340754308 -7.0097512677606275 225
1694340754644 -4.809887475076211 226
1694340754955 -7.632651986497793 227
1694340755292 -5.011179287739877 228
1694340755653 -6.334990287209383 229
1694340756038 -4.426126672346776 230
1694340756485 -5.232534963406166 231
1694340756813 -7.208105782751332 232
1694340757157 -5.228263176448305 233
1694340757487 -8.456526760261806 234
1694340757799 -5.131001705832796 235
1694340758136 -5.5486437582070405 236
1694340758493 -8.801766974275171 237
1694340758807 -5.811069241510287 238
1694340759141 -3.572846263806972 239
1694340759485 -4.116096310057964 240
1694340759847 -3.7912878685062044 241
1694340760160 -6.605793117720691 242
1694340760505 -7.175394147955384 243
1694340760843 -8.945350828707058 244
1694340761148 -3.4694318441808356 245
1694340761405 -5.6296570837652435 246
1694340761710 -5.781759915232511 247
1694340761999 -8.459310671861841 248
1694340762296 -5.741506819780045 249
1694340762606 -4.954895119161406 250
1694340762899 -5.79289573860389 251
1694340763214 -7.792433781695513 252
1694340763439 -3.819352413376789 253
1694340763648 -7.351325089128682 254
1694340763841 -6.202254951540719 255
1694340764123 -6.798659639464278 256
1694340764423 -4.948061912102683 257
1694340764624 -6.177152075920956 258
1694340764805 -13.251398076697802 259
1694340765001 -5.548422090315135 260
1694340765225 -7.802759552214919 261
1694340765418 -4.141898495147276 262
1694340765622 -4.54670626660134 263
1694340765793 -3.302317972381327 264
1694340765978 -3.7030493061374887 265
1694340766192 -7.2845719565848785 266
1694340766404 -4.721661279550647 267
1694340766637 -12.717662214402464 268
1694340766855 -4.429803179297672 269
1694340767081 -7.746391067700774 270
1694340767427 -5.98345671456859 271
1694340767783 -4.4972841724776424 272
1694340768128 -6.7326671004447824 273
1694340768561 -3.6078512743433757 274
1694340768971 -5.838057144683034 275
1694340769387 -5.405210496721426 276
1694340769795 -6.782140213600328 277
1694340770184 -4.588776133658326 278
1694340770611 -6.696731598002354 279
1694340771060 -3.238169696258449 280
1694340771505 -5.996296588644363 281
1694340772019 -7.630909389405685 282
1694340772535 -6.3753797168137645 283
1694340772968 -6.363481037691166 284
1694340773411 -3.9192461366563593 285
1694340773928 -3.9550379786794023 286
1694340774474 -5.9617098785636315 287
1694340775007 -3.935363551823312 288
1694340775713 -5.157173490533378 289
1694340776252 -4.5307209484791615 290
1694340776708 -7.02158236858763 291
1694340777080 -7.7946849032758045 292
1694340777438 -6.2012885627142 293
1694340777722 -6.339167539621268 294
1694340777971 -8.459756753344825 295
1694340778243 -9.699426045135283 296
1694340778507 -7.972961952257794 297
1694340778791 -6.428002893764694 298
1694340779085 -3.717953236345376 299
1694340779371 -4.779659051597917 300
1694340779642 -8.539703234582031 301
1694340779917 -6.8409464514977865 302
1694340780187 -4.381130034479374 303
1694340780474 -4.9249043817080285 304
1694340780741 -5.219804953618033 305
1694340781021 -6.285547301087972 306
1694340781292 -3.564403938572105 307
1694340781562 -10.195051204210568 308
1694340781883 -9.945779965306619 309
1694340782242 -5.9939978418471265 310
1694340782731 -6.309772395975088 311
1694340783216 -5.809131664066227 312
1694340783751 -8.319414140089366 313
1694340784326 -6.3531519123663225 314
1694340784959 -3.91511177951986 315
1694340785548 -5.120736755290373 316
1694340786420 -7.619178422413503 317
1694340787146 -7.2555207017682 318
1694340787970 -8.501769860146043 319
1694340788662 -4.897038995021753 320
1694340789278 -4.950691829764157 321
1694340789928 -6.865790842629784 322
1694340790559 -10.064449195521702 323
1694340791211 -6.290107275346822 324
1694340791921 -6.80438477261974 325
1694340792902 -7.986781685908266 326
1694340793553 -12.736364151310397 327
1694340793936 -5.989623135386372 328
1694340794482 -9.517346191478163 329
1694340794920 -4.322966711485149 330
1694340795685 -3.808757899436605 331
1694340796645 -6.09778302201665 332
1694340797194 -6.521026566862283 333
1694340797657 -8.835215022596437 334
1694340798021 -8.562101844422045 335
1694340798426 -7.523935065949765 336
1694340798989 -13.882492583788592 337
1694340799354 -8.680714063717188 338
1694340799687 -4.7285622913332706 339
1694340800072 -14.771682613674288 340
1694340800387 -8.63563725809208 341
1694340800689 -4.850184316427118 342
1694340800977 -4.650805428614045 343
1694340801224 -10.744951284692505 344
1694340801542 -9.24438812687846 345
1694340801929 -3.819928957000733 346
1694340802327 -8.84178609995977 347
1694340802720 -5.982002229137498 348
1694340803109 -8.458885322957954 349
1694340803474 -5.9036155690634775 350
1694340803845 -7.765488597713258 351
1694340804269 -5.19703110596563 352
1694340804638 -9.540264802357811 353
1694340804971 -5.992623776411785 354
1694340805321 -4.806903412355508 355
1694340805642 -5.6478445456374455 356
1694340805948 -6.50540898911332 357
1694340806269 -7.2259693176761886 358
1694340806596 -7.188331309526543 359
1694340806892 -6.189335261841247 360
1694340807204 -5.452631662709219 361
1694340807519 -4.674168901074188 362
1694340807819 -9.898666288622925 363
1694340808136 -6.318073246236741 364
1694340808396 -5.283144375351081 365
1694340808654 -6.8587065082611 366
1694340808891 -6.162322273947759 367
1694340809149 -5.282222331116124 368
1694340809417 -5.314580859393408 369
1694340809694 -3.4772794661669693 370
1694340809978 -6.048597543350161 371
1694340810243 -4.629361796412831 372
1694340810515 -4.5760489185607565 373
1694340810809 -5.593045336166199 374
1694340811085 -8.799345392589183 375
1694340811395 -2.8091693510959663 376
1694340811700 -5.026295347301661 377
1694340812052 -8.684290368262518 378
1694340812369 -6.179348590129355 379
1694340812630 -10.935381265114978 380
1694340812885 -8.6588812916562 381
1694340813124 -5.405101922520073 382
1694340813494 -4.648250352014094 383
1694340813859 -5.923682386220952 384
1694340814183 -3.824621087460958 385
1694340814533 -4.514159398656592 386
1694340814891 -6.067386412770809 387
1694340815268 -5.525090393935725 388
1694340815647 -5.570717392516813 389
1694340816005 -4.332405019835297 390
1694340816361 -6.101340556317429 391
1694340816727 -3.5269939890670505 392
1694340817084 -7.48096724257201 393
1694340817435 -8.582362256442504 394
1694340817789 -4.022395953710528 395
1694340818137 -4.374554479693598 396
1694340818504 -5.213739586618687 397
1694340818858 -5.335448937285348 398
1694340819186 -4.339875883785038 399
1694340819485 -5.2486383569451736 400
1694340819803 -8.95187411126798 401
1694340820123 -8.121098664885611 402
1694340820448 -4.799708918168144 403
1694340820774 -6.375264712366853 404
1694340821105 -11.02616639045078 405
1694340821410 -6.3962487225033655 406
1694340821745 -4.266678828896255 407
1694340822069 -4.676996097908552 408
1694340822407 -5.192501967472368 409
1694340822742 -6.488528746478229 410
1694340823071 -7.87760470483752 411
1694340823298 -9.434683373125534 412
1694340823520 -6.852662748385687 413
1694340823740 -5.260884589165458 414
1694340823988 -6.1235325222731625 415
1694340824379 -7.656665421984215 416
1694340824769 -5.892505820731362 417
1694340825127 -6.920929622756565 418
1694340825392 -9.904062166349721 419
1694340825646 -3.8554845789166743 420
1694340825873 -5.516457670391034 421
1694340826112 -5.547258944891092 422
1694340826341 -4.372767037135567 423
1694340826592 -7.163688576550825 424
1694340826840 -7.029263946693208 425
1694340827111 -8.402047106128926 426
1694340827401 -6.827889927123685 427
1694340827672 -7.160402066460534 428
1694340827897 -6.990556419513442 429
1694340828197 -4.09867242748355 430
1694340828535 -7.930497618221162 431
1694340828944 -4.361286772498905 432
1694340829368 -5.234964861615032 433
1694340829748 -9.330291525077387 434
1694340830114 -7.883207257112785 435
1694340830493 -9.306666419576048 436
1694340830837 -6.8778825569732565 437
1694340831179 -3.2596363888772535 438
1694340831542 -5.941060283249231 439
1694340831955 -3.6472687996014823 440
1694340832348 -6.137054205852226 441
1694340832746 -9.260013714729094 442
1694340833288 -4.591005227148663 443
1694340833773 -4.910248772215565 444
1694340834205 -3.638034398763475 445
1694340834705 -9.126294423450826 446
1694340835087 -7.636521324576133 447
1694340835435 -12.468956931378747 448
1694340835772 -9.282751576597605 449
1694340836091 -8.997556126046366 450
1694340836480 -4.804191240765093 451
1694340836859 -7.166632655782173 452
1694340837239 -6.580715826475254 453
1694340837614 -8.233988334948373 454
1694340837962 -10.657794897690849 455
1694340838296 -4.671655738060307 456
1694340838573 -9.42681996227497 457
1694340838845 -4.774383993927535 458
1694340839142 -10.075717090099015 459
1694340839423 -3.1121555292571905 460
1694340839806 -5.909703716911589 461
1694340840099 -6.076088713641604 462
1694340840377 -5.698853422201841 463
1694340840665 -7.350390251455357 464
1694340840967 -5.676710401314362 465
1694340841246 -6.010792424719533 466
1694340841536 -4.219486807919308 467
1694340841831 -5.590612404975321 468
1694340842121 -4.582189781663772 469
1694340842392 -4.963331770296188 470
1694340842660 -8.580260235403355 471
1694340842959 -5.854475956741898 472
1694340843246 -6.07478753343274 473
1694340843609 -3.4577094993176 474
1694340844039 -7.190510739665211 475
1694340844405 -6.907371166028287 476
1694340844899 -4.121794523659195 477
1694340845359 -12.951667510838547 478
1694340845756 -4.730878218669927 479
1694340846206 -4.133072632350415 480
1694340846626 -7.34208933351249 481
1694340847082 -4.951393306689573 482
1694340847710 -3.514049047154991 483
1694340848363 -5.690290440559816 484
1694340849226 -6.661765614273353 485
1694340850047 -3.491573247627082 486
1694340850655 -4.671222334820095 487
1694340851242 -5.8670128542211755 488
1694340851980 -5.8113840307030475 489
1694340852771 -3.834639578149977 490
1694340853325 -3.5714199796086525 491
1694340853883 -6.5608032093913735 492
1694340854506 -5.9200181020078375 493
1694340855225 -7.966135995718437 494
1694340855803 -7.021166168680107 495
1694340856268 -5.212786329052534 496
1694340856747 -7.364550562557094 497
1694340857229 -5.930296899277975 498
1694340857634 -7.735210862817684 499
