1694448281957 -238.97118625599234 0
1694448282886 -193.49518931489322 1
1694448283894 -157.42323321281032 2
1694448284823 -128.73677937037723 3
1694448285669 -105.86026949033165 4
1694448286544 -87.56267160647195 5
1694448287449 -72.88106517364768 6
1694448288336 -61.06131133275001 7
1694448289194 -51.51197080518515 8
1694448290102 -43.768496206353305 9
1694448290918 -37.46539487423102 10
1694448291692 -32.31457665412456 11
1694448292445 -28.088502561728088 12
1694448293083 -24.607061250423577 13
1694448293781 -21.727341156816173 14
1694448294501 -19.335652897296264 15
1694448295262 -17.34130117356299 16
1694448296235 -15.671717588881219 17
1694448296978 -14.268652713216358 18
1694448297696 -13.085193142974926 19
1694448298378 -12.08342157736494 20
1694448299121 -11.23257848406957 21
1694448299960 -10.507615389848418 22
1694448300678 -9.888054250176333 23
1694448301338 -9.357086309083282 24
1694448302043 -8.900858582456824 25
1694448302757 -8.507907535603092 26
1694448303496 -8.168708415374374 27
1694448304212 -7.875315609556202 28
1694448304920 -7.621074784026961 29
1694448305705 -7.400391734599944 30
1694448306612 -7.2085461515285285 31
1694448307451 -7.041541036797472 32
1694448308298 -6.895980497660121 33
1694448309068 -6.768970188668662 34
1694448309906 -6.658035885130274 35
1694448310680 -6.5610566183926755 36
1694448311547 -6.476209545782124 37
1694448312427 -6.4019243105791555 38
1694448313220 -6.336845105252113 39
1694448314034 -6.279799011595819 40
1694448314884 -6.229769475700227 41
1694448315767 -6.185874000352495 42
1694448316679 -6.1473453154493365 43
1694448317607 -6.1135154283174575 44
1694448318462 -6.083802068353496 45
1694448319445 -6.057697130226294 46
1694448320328 -6.034756791825023 47
1694448321162 -6.014593040934552 48
1694448321971 -5.996866391213379 49
1694448322864 -5.981279605745741 50
1694448323766 -5.967572277050182 51
1694448324771 -5.955516137380112 52
1694448325674 -5.9449109935730995 53
1694448326543 -5.935581197485667 54
1694448327452 -5.927372576893748 55
1694448328281 -5.920149763207064 56
1694448329097 -5.913793861883351 57
1694448329923 -5.908200419393385 58
1694448330761 -5.9032776472641375 59
1694448331582 -5.898944869346053 60
1694448332531 -5.895131163195099 61
1694448333569 -5.891774170481404 62
1694448334607 -5.888819054755641 63
1694448335635 -5.886217587820574 64
1694448336801 -5.8839273484498404 65
1694448337945 -5.88191101933627 66
1694448339324 -5.880135769991988 67
1694448340456 -5.878572714908924 68
1694448341274 -5.87719643765847 69
1694448342160 -5.875984572794794 70
1694448343019 -5.874917438454622 71
1694448343903 -5.873977713439085 72
1694448344794 -5.873150153339879 73
1694448345608 -5.8724213409482 74
1694448346473 -5.871779466774591 75
1694448347316 -5.871214136022477 76
1694448348200 -5.8707161988077345 77
1694448349033 -5.870277600809912 78
1694448349883 -5.869891251884656 79
1694448350688 -5.869550910468081 80
1694448351516 -5.869251081868013 81
1694448352395 -5.868986928768184 82
1694448353065 -5.86875419247451 83
1694448353922 -5.868549123610671 84
1694448354815 -5.868368421126573 85
1694448355891 -5.868209178620359 86
1694448356899 -5.868068837095398 87
1694448357671 -5.867945143379408 88
1694448358539 -5.867836113526067 89
1694448360294 -5.867740000601242 90
1694448361987 -5.86765526632777 91
1694448364204 -5.867580556126179 92
1694448365228 -5.867514677144042 93
