1694705975284 169.25165050713773 0
1694705977351 169.21765155378648 1
1694705980724 169.18365944856066 2
1694705982550 169.14967419007735 3
1694705985116 169.11569577695397 4
1694705987118 169.08172420780812 5
1694705989272 169.04775948125774 6
1694705991307 169.01380159592108 7
1694705993306 168.9798505504166 8
1694705995425 168.94590634336305 9
1694705996906 168.9119689733795 10
1694705998655 168.87803843908526 11
1694706000840 168.84411473909995 12
1694706002696 168.81019787204352 13
1694706004218 168.77628783653603 14
1694706005883 168.74238463119798 15
1694706007592 168.70848825465012 16
1694706009165 168.67459870551343 17
1694706010858 168.6407159824092 18
1694706012501 168.60684008395899 19
1694706014150 168.57297100878466 20
1694706015908 168.53910875550832 21
1694706017602 168.50525332275237 22
1694706019151 168.4714047091395 23
1694706020684 168.43756291329265 24
1694706022320 168.40372793383509 25
1694706023893 168.36989976939034 26
1694706025371 168.3360784185822 27
1694706026880 168.3022638800347 28
1694706028388 168.26845615237224 29
1694706029818 168.23465523421945 30
1694706031368 168.20086112420123 31
1694706032766 168.1670738209428 32
1694706034533 168.13329332306955 33
1694706036668 168.09951962920735 34
1694706038290 168.06575273798214 35
1694706039763 168.0319926480202 36
1694706041242 167.99823935794822 37
1694706042829 167.964492866393 38
1694706044284 167.93075317198168 39
1694706045688 167.89702027334164 40
1694706047031 167.86329416910064 41
1694706048485 167.82957485788666 42
1694706049909 167.79586233832788 43
1694706051477 167.7621566090529 44
1694706052828 167.7284576686905 45
1694706054158 167.69476551586976 46
1694706055891 167.66108014922006 47
1694706057290 167.627401567371 48
1694706058786 167.59372976895258 49
1694706060153 167.56006475259494 50
1694706061610 167.52640651692852 51
1694706063028 167.49275506058416 52
1694706064356 167.4591103821928 53
1694706065859 167.4254724803858 54
1694706067390 167.39184135379475 55
1694706068877 167.3582170010515 56
1694706070343 167.32459942078813 57
1694706071758 167.29098861163715 58
1694706073294 167.2573845722312 59
1694706074774 167.22378730120323 60
1694706076338 167.1901967971865 61
1694706077912 167.15661305881457 62
1694706079386 167.1230360847212 63
1694706080799 167.0894658735405 64
1694706082182 167.0559024239068 65
1694706083694 167.02234573445472 66
1694706085060 166.98879580381916 67
1694706086544 166.95525263063536 68
1694706088011 166.9217162135387 69
1694706089390 166.888186551165 70
1694706090776 166.85466364215023 71
1694706092129 166.8211474851306 72
1694706093580 166.78763807874287 73
1694706095045 166.7541354216237 74
1694706096538 166.72063951241026 75
1694706098169 166.68715034974 76
1694706099754 166.6536679322505 77
1694706101192 166.62019225857978 78
1694706102592 166.58672332736603 79
1694706103941 166.55326113724774 80
1694706105328 166.5198056868637 81
1694706106783 166.48635697485295 82
1694706108723 166.4529149998548 83
1694706110566 166.4194797605089 84
1694706112456 166.38605125545507 85
1694706114604 166.35262948333346 86
1694706116420 166.31921444278456 87
1694706118140 166.285806132449 88
1694706119576 166.2524045509678 89
1694706121275 166.21900969698223 90
1694706122768 166.18562156913376 91
1694706124288 166.15224016606425 92
1694706125693 166.11886548641573 93
1694706127239 166.0854975288306 94
1694706128727 166.05213629195146 95
1694706130220 166.0187817744212 96
1694706132086 165.98543397488302 97
1694706133955 165.95209289198039 98
1694706135619 165.91875852435703 99
