1694671527535 168.88250244645917 0
1694671528619 136.8314587842399 1
1694671529807 111.09470232808154 2
1694671530963 90.22238285566674 3
1694671532079 73.29551209367426 4
1694671533212 59.565587983845575 5
1694671534553 48.42558909723167 6
1694671536237 39.388043309434266 7
1694671537441 32.05387580720827 8
1694671538581 26.099356313173196 9
1694671539713 21.266328540733856 10
1694671540812 17.34167755490032 11
1694671541929 14.152430030250947 12
1694671543003 11.562278148761722 13
1694671544159 9.457122097509538 14
1694671545353 7.744248709275356 15
1694671546524 6.352089177235986 16
1694671547624 5.219297846652206 17
1694671548729 4.295911184907361 18
1694671550248 3.5447576028973167 19
1694671552065 2.9326192935493203 20
1694671553578 2.4323148918905564 21
1694671554729 2.024954816050182 22
1694671555810 1.6923310424966163 23
1694671556910 1.4194094242598172 24
1694671558004 1.19702680424919 25
1694671559164 1.0141416669132417 26
1694671560430 0.8648711704589963 27
1694671562040 0.742454940566755 28
1694671563641 0.6410229368935019 29
1694671564979 0.5582792022958695 30
1694671566856 0.4894743515265381 31
1694671568154 0.4332143521923426 32
1694671569311 0.38681480305273874 33
1694671570449 0.3476450986750998 34
1694671572640 0.3157907062905799 35
1694671573973 0.28875237316651875 36
1694671575053 0.2667035762294816 37
1694671576204 0.24788072483827375 38
1694671577316 0.2324795781115549 39
1694671578500 0.2196920972480529 40
1694671579632 0.20831881161758778 41
1694671580717 0.1992738658126387 42
1694671581816 0.19115924561307857 43
1694671582911 0.18469053538933114 44
1694671584047 0.17883829674135598 45
1694671585271 0.1741589347837547 46
1694671586380 0.16989192784662038 47
1694671587512 0.16646760938237282 48
1694671588623 0.16332237629188248 49
1694671589720 0.16078766077768303 50
1694671590839 0.15875402062545663 51
1694671591966 0.15649536016439913 52
1694671593125 0.15497837921372648 53
1694671594246 0.1532746434906787 54
1694671595408 0.15212985555120526 55
1694671596558 0.1508319187113232 56
1694671597671 0.14995902915150164 57
1694671598772 0.14896121885551675 58
1694671599874 0.14828965032417307 59
1694671601051 0.14751620310891683 60
1694671602185 0.1469955957869755 61
1694671603271 0.14639155910605756 62
1694671604377 0.14598547360535968 63
1694671605475 0.1455105371198434 64
1694671606599 0.14519224151183252 65
1694671607719 0.1448165135266954 66
1694671608853 0.14456613621646086 67
1694671609996 0.14451333512848785 68
1694671611048 0.14402753083644962 69
1694671612141 0.14399014630414955 70
1694671613335 0.14361289701002758 71
1694671614584 0.1435859166786178 72
1694671615894 0.14329008806608295 73
1694671617602 0.14327070048026974 74
1694671619366 0.14303662487298135 75
1694671622465 0.1430231503109337 76
1694671624466 0.1428363594475695 77
1694671626611 0.14282769591883163 78
1694671628308 0.14267741133393663 79
1694671629467 0.14267275445817085 80
1694671630965 0.14255086024634972 81
1694671632431 0.14254956613546257 82
1694671633859 0.14244989560753596 83
1694671635699 0.14245141651951293 84
1694671637031 0.14236924761881886 85
1694671638352 0.1423731032687869 86
1694671639587 0.1423047957938191 87
1694671640912 0.14231056114038637 88
1694671642102 0.14225329221830352 89
1694671643431 0.14226059213635237 90
1694671644620 0.14244174182998806 91
1694671645958 0.14218112825398724 92
1694671647148 0.1423301250119284 93
1694671648429 0.14213018019022614 94
1694671649654 0.14225249621643588 95
1694671650967 0.14209678370987647 96
1694671652126 0.14219752464137572 97
1694671653254 0.1420744885116558 98
1694671654733 0.1421580355600341 99
1694671655943 0.1420594242255652 100
1694671657126 0.1421293693780176 101
1694671658303 0.1420492117336589 102
1694671659512 0.1421084210784875 103
1694671661663 0.14204234676331862 104
1694671662932 0.14209306932803403 105
1694671664052 0.14203784811459988 106
1694671665196 0.14208183097525817 107
1694671666314 0.14203505477243764 108
1694671667435 0.14207364755270202 109
1694671668696 0.14203350724348376 110
1694671670649 0.14206775026665694 111
1694671672066 0.14203287689412322 112
1694671673151 0.14206357249992702 113
1694671674339 0.14203292291852743 114
1694671675490 0.1420606916747588 115
1694671676653 0.14203346542069226 116
1694671677813 0.1420587896756706 117
1694671678897 0.1422572229882401 118
1694671680045 0.14201882071215569 119
1694671681125 0.14218171043654043 120
1694671682560 0.14199938825763295 121
1694671683676 0.14213292024073348 122
1694671684820 0.1419912497950113 123
1694671686911 0.14210106922126745 124
1694671688603 0.14198925995464037 125
1694671690049 0.14208016569684978 126
1694671691205 0.14199055491357063 127
1694671692334 0.1420664680257199 128
1694671693423 0.14199354241891343 129
1694671695450 0.1420575915471223 130
1694671697711 0.141997339497601 131
1694671700600 0.14205198498600724 132
1694671703385 0.14200145911529577 133
1694671704606 0.14204861909500027 134
1694671705799 0.142005635382093 135
1694671707006 0.14204679844579682 136
1694671708203 0.14200972593543215 137
1694671709268 0.1420460455531799 138
1694671710400 0.14201365736051344 139
1694671711579 0.14204602810165398 140
1694671712834 0.14201739463921978 141
1694671713957 0.14204651228706852 142
1694671715072 0.14202092403208075 143
1694671716225 0.1420473322765475 144
1694671717473 0.14224676452744983 145
1694671718733 0.14200958775724057 146
1694671720439 0.1421732732001646 147
1694671723573 0.1419919472382523 148
1694671724905 0.14212611238346776 149
1694671726175 0.14198525408457538 150
1694671728914 0.1420955763058806 151
1694671731547 0.14198443087993856 152
1694671734408 0.14207573472636656 153
1694671737142 0.14198666794409887 154
1694671739722 0.14206289505655512 155
1694671742188 0.14199041637760557 156
1694671744288 0.142054711964033 157
1694671747140 0.14199482804345254 158
1694671749991 0.1420496657990176 159
1694671752607 0.14199944396818365 160
1694671755044 0.14204675279862164 161
1694671757701 0.14200402090395928 162
1694671760177 0.14204529810108424 163
1694671762558 0.14200843477946842 164
1694671765039 0.14204484083615282 165
1694671767261 0.14201262696829403 166
1694671769873 0.14204506212076629 167
1694671772676 0.1420165744151018 168
1694671775023 0.14204573901580284 169
1694671777387 0.14202027306086293 170
1694671779873 0.14204671447979306 171
1694671782409 0.14224617742716614 172
1694671784726 0.14200909825155184 173
1694671787357 0.1421728042190372 174
1694671790043 0.14199156085198536 175
1694671792588 0.14212573862216182 176
1694671795176 0.1419849505276165 177
1694671797665 0.14209527927831397 178
1694671800234 0.14198419378457097 179
1694671802388 0.14207549949811363 180
1694671804841 0.14198648410202086 181
1694671807430 0.1420627095574823 182
1694671810124 0.1419902751296309 183
1694671812413 0.1420545664373606 184
1694671815115 0.14199472078941075 185
1694671817904 0.1420495523582426 186
1694671820440 0.1419993637722447 187
1694671822986 0.14204666507033192 188
1694671825641 0.14200396217617925 189
1694671827877 0.14204523093652235 190
1694671830153 0.1420083930184783 191
1694671833087 0.14204479007801182 192
1694671835899 0.14201259855319587 193
1694671838243 0.14204502441448533 194
1694671840644 0.14201655643705272 195
1694671842967 0.14204571165677152 196
1694671845249 0.1420202631867187 197
1694671847754 0.14204669528958302 198
1694671850323 0.14224614996709417 199
1694671852763 0.1420090863703162 200
1694671855643 0.1421727841485919 201
1694671858497 0.14199155466915805 202
1694671860927 0.14212572442456697 203
1694671863043 0.14198494874847492 204
1694671865265 0.1420952697268672 205
1694671868245 0.1419841953700355 206
1694671870139 0.14207549360153926 207
1694671871466 0.14198648822001542 208
1694671873449 0.14206270651569017 209
1694671875377 0.1419902811157031 210
1694671877346 0.14205456560555985 211
1694671879068 0.14199472811480643 212
1694671880939 0.14204955321779972 213
1694671882848 0.14199937201799784 214
1694671884806 0.14204666720507633 215
1694671889550 0.1420039710120711 216
1694671891747 0.14204523401347172 217
1694671893844 0.1420084021859465 218
1694671895879 0.1420447938316857 219
1694671898610 0.14201260785144748 220
1694671901242 0.14204502863413185 221
1694671903794 0.14201656571178276 222
1694671905874 0.14204571617596745 223
1694671908482 0.1420202723209482 224
1694671910842 0.14204669997776617 225
1694671912697 0.14224615068783064 226
1694671915563 0.14200909143011461 227
1694671918733 0.1421727854803205 228
1694671921728 0.14199155995474874 229
1694671923727 0.14212572621341635 230
1694671925181 0.14198495414450732 231
1694671926792 0.14209527184834744 232
1694671928318 0.14198420078604465 233
1694671931441 0.14207549595533175 234
1694671933129 0.14198649358582513 235
1694671934595 0.14206270902134704 236
1694671935972 0.14199028637764632 237
1694671937168 0.14205456819895582 238
1694671938426 0.1419947332326134 239
1694671939801 0.14204955584819748 240
1694671941053 0.1419993769622379 241
1694671942518 0.1420466698327035 242
1694671943913 0.14200397576204737 243
1694671945463 0.14204523660752028 244
1694671946721 0.1420084067279669 245
1694671947969 0.14204479636865597 246
1694671949253 0.14201261217740527 247
1694671950559 0.14204503109646777 248
1694671951942 0.14201656981799232 249
1694671953091 0.1420457185509294 250
1694671954277 0.1420202762071927 251
1694671955682 0.14204670225650085 252
1694671957098 0.14224615153130987 253
1694671958239 0.14200909371178055 254
1694671959437 0.1421727864217766 255
1694671960544 0.14199156221286405 256
1694671961671 0.14212572722122685 257
1694671962783 0.14198495635855493 258
1694671963871 0.1420952728969307 259
1694671964952 0.14198420294041741 260
1694671966133 0.14207549702413405 261
1694671967276 0.1419864956689439 262
1694671968467 0.14206271009399413 263
1694671971471 0.14199028838122357 264
1694671973082 0.1420545692625381 265
1694671974412 0.14199473515103947 266
1694671975581 0.14204955689267235 267
1694671976757 0.14199937879206787 268
1694671978163 0.14204667085039288 269
1694671979971 0.14200397750157565 270
1694671981599 0.14204523759269014 271
1694671983249 0.14200840837687279 272
1694671984926 0.1420447973171642 273
1694671986151 0.1420126137364594 274
1694671987556 0.14204503200547003 275
1694671989241 0.1420165712888143 276
1694671990689 0.14204571941863361 277
1694671991903 0.14202027759205038 278
1694671992950 0.14204670308196096 279
1694671994172 0.14224615185727313 280
1694671996051 0.1420090945309448 281
1694671997551 0.14217278677499232 282
1694671998959 0.1419915630179778 283
1694672000368 0.1421257275920273 284
1694672001614 0.14198495714365772 285
1694672003039 0.14209527327749447 286
1694672004322 0.1419842037010295 287
1694672005623 0.14207549740818412 288
1694672006776 0.14198649640180436 289
1694672008031 0.14206271047653984 290
1694672009216 0.14199028908406736 291
1694672010589 0.1420545696396589 292
1694672011952 0.14199473582241248 293
1694672014427 0.14204955726133559 294
1694672016193 0.14199937943117205 295
1694672017787 0.14204667120830017 296
1694672019316 0.14200397810813936 297
1694672020819 0.14204523793814663 298
1694672022089 0.14200840895104197 299
1694672023441 0.14204479764897107 300
1694672024593 0.14201261427870832 301
1694672026066 0.14204503232283253 302
1694672027335 0.14201657179987068 303
1694672028491 0.1420457197210842 304
1694672029657 0.14202027807283416 305
1694672031037 0.1420467033692966 306
1694672032416 0.14224615197187243 307
1694672033803 0.14200909481568028 308
1694672035106 0.1421727868986205 309
1694672036421 0.14199156329751542 310
1694672037713 0.142125727721418 311
1694672038808 0.141984957416005 312
1694672040351 0.14209527341000583 313
1694672041684 0.14198420396469225 314
1694672042936 0.14207549754169532 315
1694672044063 0.14198649665569893 316
1694672045191 0.14206271060936643 317
1694672046339 0.14199028932744648 318
1694672047459 0.14205456977047864 319
1694672048972 0.14199473605480262 320
1694672050459 0.14204955738912622 321
1694672051775 0.14199937965232032 322
1694672052915 0.1420466713322883 323
1694672054032 0.14200397831797004 324
1694672055190 0.1420452380577636 325
1694672056404 0.14200840914962057 326
1694672058058 0.14204479776381618 327
1694672059309 0.1420126144662102 328
1694672060584 0.14204503243264188 329
1694672061867 0.14201657197655784 330
1694672063067 0.1420457198257056 331
1694672064166 0.14202027823903168 332
1694672065348 0.14204670346866718 333
1694672066582 0.14224615201157081 334
1694672067907 0.14200909491412778 335
1694672069267 0.142172786941415 336
1694672070547 0.14199156339414803 337
1694672071725 0.14212572776618454 338
1694672073000 0.14198495751013757 339
1694672074284 0.1420952734558353 340
1694672075510 0.14198420405581225 341
1694672076654 0.14207549758785865 342
1694672077916 0.14198649674343447 343
1694672079102 0.142062710655283 344
1694672080301 0.14199028941154138 345
1694672081378 0.14205456981569417 346
1694672082694 0.141994736135095 347
1694672084260 0.14204955743328895 348
1694672085607 0.14199937972872367 349
1694672086984 0.1420466713751321 350
1694672088897 0.14200397839045978 351
1694672090857 0.14204523809909345 352
1694672092469 0.14200840921822014 353
1694672093773 0.1420447978034944 354
1694672095276 0.1420126145309816 355
1694672096933 0.1420450324705786 356
1694672098337 0.1420165720375911 357
1694672099737 0.14204571986184814 358
1694672100962 0.14202027829644032 359
1694672102195 0.14204670350299425 360
1694672103347 0.1422461520252877 361
1694672104507 0.1420090949481346 362
1694672105693 0.14217278695619978 363
1694672107020 0.141991563427527 364
1694672108127 0.14212572778164967 365
1694672109964 0.14198495754265208 366
1694672111227 0.14209527347166653 367
1694672112455 0.1419842040872854 368
1694672113618 0.14207549760380422 369
1694672114837 0.1419864967737383 370
1694672116072 0.14206271067114373 371
1694672117934 0.14199028944058803 372
1694672119611 0.14205456983131237 373
1694672123962 0.14199473616282765 374
1694672126390 0.14204955744854342 375
1694672128045 0.14199937975511337 376
1694672130116 0.14204667138993113 377
1694672132207 0.14200397841549753 378
1694672134500 0.14204523811336914 379
1694672137143 0.14200840924191402 380
1694672139444 0.1420447978171995 381
1694672141397 0.14201261455335276 382
1694672142829 0.14204503248368167 383
1694672144260 0.14201657205867152 384
1694672145732 0.14204571987433173 385
1694672147133 0.14202027831626862 386
1694672148526 0.14204670351485088 387
1694672149898 0.14224615203002636 388
1694672151376 0.14200909495988104 389
1694672152673 0.14217278696130706 390
1694672154146 0.14199156343905586 391
1694672155561 0.14212572778699142 392
1694672156922 0.14198495755388263 393
1694672158316 0.1420952734771351 394
1694672159645 0.14198420409815618 395
1694672161026 0.1420754976093122 396
1694672162412 0.14198649678420505 397
1694672163795 0.1420627106766218 398
1694672165242 0.14199028945061976 399
1694672167009 0.1420545698367063 400
1694672169141 0.1419947361724057 401
1694672171919 0.1420495574538115 402
1694672174467 0.1419993797642274 403
1694672177521 0.14204667139504218 404
1694672179262 0.14200397842414514 405
1694672180829 0.14204523811829967 406
1694672182559 0.14200840925009758 407
1694672183929 0.14204479782193316 408
1694672185410 0.14201261456107986 409
1694672187326 0.14204503248820802 410
1694672190877 0.1420165720659526 411
1694672192443 0.14204571987864384 412
1694672194548 0.14202027832311764 413
1694672197933 0.14204670351894652 414
1694672200574 0.1422461520316632 415
1694672204169 0.1420090949639379 416
1694672205827 0.142172786963071 417
1694672207241 0.14199156344303793 418
1694672208812 0.14212572778883675 419
1694672210477 0.14198495755776147 420
1694672212081 0.14209527347902373 421
1694672213599 0.14198420410191095 422
1694672215717 0.14207549761121463 423
1694672218096 0.14198649678782024 424
1694672219740 0.14206271067851411 425
1694672221711 0.1419902894540853 426
1694672223400 0.14205456983857007 427
1694672225318 0.1419947361757147 428
1694672226962 0.142049557455632 429
1694672228563 0.14199937976737612 430
1694672230329 0.14204667139680793 431
1694672231736 0.14200397842713205 432
1694672233162 0.14204523812000297 433
1694672235123 0.1420084092529244 434
1694672236979 0.14204479782356835 435
1694672238714 0.14201261456374886 436
1694672240596 0.1420450324897713 437
1694672242364 0.14201657206846746 438
1694672243763 0.1420457198801331 439
1694672245329 0.1420202783254828 440
1694672246889 0.14204670352036064 441
1694672249285 0.14224615203222815 442
1694672251639 0.14200909496533898 443
1694672253187 0.14217278696368033 444
1694672254797 0.14199156344441333 445
1694672256230 0.14212572778947413 446
1694672257666 0.14198495755910143 447
1694672259089 0.1420952734796764 448
1694672260696 0.14198420410320792 449
1694672262121 0.14207549761187185 450
1694672263356 0.14198649678906888 451
1694672264601 0.14206271067916762 452
1694672265745 0.1419902894552817 453
1694672266970 0.14205456983921338 454
1694672268267 0.1419947361768571 455
1694672269582 0.14204955745626022 456
1694672270779 0.141999379768463 457
1694672271964 0.14204667139741764 458
1694672273264 0.14200397842816354 459
1694672274799 0.1420452381205912 460
1694672276120 0.14200840925390057 461
1694672277381 0.1420447978241331 462
1694672278553 0.14201261456467043 463
1694672279945 0.14204503249031106 464
1694672281103 0.1420165720693358 465
1694672282344 0.14204571988064724 466
1694672283423 0.1420202783262998 467
1694672284652 0.14204670352084908 468
1694672286205 0.1422461520324233 469
1694672287408 0.14200909496582267 470
1694672288518 0.14217278696389046 471
1694672289901 0.14199156344488797 472
1694672291267 0.14212572778969385 473
1694672292746 0.14198495755956375 474
1694672294504 0.14209527347990125 475
1694672296690 0.14198420410365542 476
1694672298689 0.14207549761209826 477
1694672300386 0.14198649678949982 478
1694672301851 0.14206271067939286 479
1694672303840 0.14199028945569475 480
1694672305557 0.1420545698394354 481
1694672307275 0.14199473617725134 482
1694672308767 0.1420495574564771 483
1694672310442 0.1419993797688383 484
1694672311918 0.14204667139762786 485
1694672313305 0.14200397842851945 486
1694672314553 0.14204523812079398 487
1694672315921 0.1420084092542373 488
1694672317081 0.14204479782432786 489
1694672318903 0.14201261456498845 490
1694672320095 0.14204503249049716 491
1694672321348 0.14201657206963555 492
1694672322574 0.14204571988082487 493
1694672323840 0.1420202783265818 494
1694672325450 0.14204670352101753 495
1694672326716 0.14224615203249077 496
1694672327923 0.1420090949659901 497
1694672329130 0.1421727869639634 498
1694672330431 0.14199156344505226 499
