1694443825113 -239.16118853538268 0
1694443826144 -193.49510708433343 1
1694443826760 -156.7782346191788 2
1694443827431 -127.19625873188338 3
1694443828021 -103.34195304968875 4
1694443828595 -84.08823111362615 5
1694443829126 -68.53201666403164 6
1694443829718 -55.94968778047763 7
1694443830272 -45.76023267731747 8
1694443830804 -37.498469975421834 9
1694443831306 -30.790282765382717 10
1694443831892 -25.33466966563448 11
1694443832546 -20.891574163826295 12
1694443833208 -17.266475661968187 13
1694443833841 -14.302595106557753 14
1694443834697 -11.875624308073988 15
1694443835328 -9.88370613854425 16
1694443835912 -8.245198500419828 17
1694443836623 -6.893529616235489 18
1694443837299 -5.776875539066003 19
1694443837913 -4.851522079697586 20
1694443838480 -4.082623093210191 21
1694443839101 -3.4412930871262546 22
1694443839693 -2.9059200539347576 23
1694443840267 -2.4572297884430547 24
1694443841006 -2.079500138742514 25
1694443841618 -1.761471441844507 26
1694443842704 -1.4925079605539873 27
1694443843622 -1.2638497801704767 28
1694443844349 -1.0696782377670861 29
1694443845050 -0.9039677974992477 30
1694443845799 -0.7616785715933176 31
1694443846520 -0.6398818335529906 32
1694443847210 -0.5350426928530723 33
1694443847896 -0.44413361379091243 34
1694443848646 -0.3657836917197208 35
1694443849354 -0.29782312073342454 36
1694443850162 -0.23832889208955876 37
1694443850814 -0.18678729037873842 38
1694443851392 -0.14147500426329684 39
1694443852055 -0.10204474597278557 40
1694443852844 -0.06750317310893239 41
1694443853495 -0.03684798259664901 42
1694443854096 -0.010133698792213375 43
1694443854872 0.013639872663161245 44
1694443855753 0.03442869354567746 45
1694443856342 0.05275102554500666 46
1694443857035 0.06923783191713562 47
1694443857887 0.08360172011637268 48
1694443858580 0.09654401447791816 49
1694443859238 0.1078512073060045 50
1694443860034 0.11783995210435838 51
1694443860762 0.12698350312816487 52
1694443861379 0.134883786956987 53
1694443861950 0.14211627635650903 54
1694443862611 0.14838150905699998 55
1694443863160 0.1541169874227586 56
1694443863720 0.1590960199660929 57
1694443864234 0.16347468542973298 58
1694443864782 0.16761548569303608 59
1694443865368 0.171104428376737 60
1694443865928 0.17439899625536104 61
1694443866470 0.17718288624046497 62
1694443866984 0.17980856687768254 63
1694443867493 0.18203199448610086 64
1694443868181 0.18395472374657773 65
1694443868892 0.1859012090381611 66
1694443869585 0.18743997789137068 67
1694443870252 0.18899218850732247 68
1694443871120 0.19022457491399136 69
1694443871826 0.19146450276979265 70
1694443872791 0.19245169389279948 71
1694443873594 0.1934434979047852 72
1694443874212 0.19423412320376165 73
1694443875062 0.19487335984873422 74
1694443875737 0.19565571700023043 75
1694443876367 0.1961701165683527 76
1694443876959 0.19679443393311957 77
1694443877531 0.1972083364553021 78
1694443878249 0.19770791188351533 79
1694443878808 0.1980405658287876 80
1694443879428 0.1984411980026558 81
1694443880037 0.19870805149499182 82
1694443880614 0.19887787880448804 83
1694443881118 0.19923742210707662 84
1694443881661 0.1993761541474035 85
1694443882202 0.1996626207960175 86
1694443882817 0.19977570886650153 87
1694443883357 0.20000520485645135 88
1694443883916 0.20009687872201098 89
1694443884544 0.2002815414113034 90
1694443885351 0.20035528109930367 91
1694443886128 0.20035206326788968 92
1694443886920 0.20055701570995088 93
1694443887610 0.20055707721185456 94
1694443888253 0.20071992194483734 95
1694443888817 0.20072184432753637 96
1694443889398 0.20085246834412074 97
1694443889968 0.20085499765662618 98
1694443890540 0.2009605777118434 99
