1694346942647 -238.91796841339647 0
1694346943354 -193.4119261470355 1
1694346944068 -157.32160410965244 2
1694346944788 -128.625299608147 3
1694346945537 -105.74500735283446 4
1694346946261 -87.4478316813378 5
1694346946909 -72.76945405922639 6
1694346947690 -60.95470355166216 7
1694346948695 -51.41139218674956 8
1694346949532 -43.67444039069679 9
1694346950284 -37.37798652983025 10
1694346950904 -32.23369285478734 11
1694346951557 -28.01386174092102 12
1694346952227 -24.538287339683535 13
1694346952993 -21.664008957537316 14
1694346953752 -19.277319432080574 15
1694346954402 -17.287526695764598 16
1694346955008 -15.622079069166261 17
1694346955649 -14.222751939352722 18
1694346956361 -13.042661033911001 19
1694346957120 -12.043919897851184 20
1694346957877 -11.195799827964532 21
1694346958549 -10.473282058789826 22
1694346959143 -9.855916472890188 23
1694346959844 -9.326920111744306 24
1694346960596 -8.872463521375892 25
1694346961410 -8.48110443152831 26
1694346962033 -8.143337177141278 27
1694346962643 -7.851233198505543 28
1694346963231 -7.598153345531413 29
1694346963884 -7.378516906163336 30
1694346964602 -7.187615545951168 31
1694346965272 -7.021462892125996 32
1694346965939 -6.8766724817924745 33
1694346966655 -6.750358344636044 34
1694346967619 -6.640053702556452 35
1694346968562 -6.543644216955868 36
1694346969594 -6.459312957338277 37
1694346970525 -6.385494847714398 38
1694346971457 -6.320838805258416 39
1694346972388 -6.264176146105651 40
1694346973305 -6.21449411740849 41
1694346974159 -6.170913639360702 42
1694346974915 -6.132670518769005 43
1694346975716 -6.099099536961017 44
1694346976620 -6.069620927222635 45
1694346977482 -6.043728846686502 46
1694346978398 -6.020981519439222 47
1694346979497 -6.000992785328724 48
1694346980326 -5.983424835472733 49
1694346981187 -5.967981953101214 50
1694346981962 -5.954405108921028 51
1694346982657 -5.942467285097087 52
1694346983591 -5.9319694223258095 53
1694346984411 -5.92273690122269 54
1694346985237 -5.914616483061632 55
1694346986206 -5.907473646347744 56
1694346987316 -5.901190265223574 57
1694346988110 -5.895662583657427 58
1694346988898 -5.890799446025039 59
1694346990032 -5.886520750303223 60
1694346990654 -5.882756094829191 61
1694346991214 -5.879443593592575 62
1694346991859 -5.876528838439617 63
1694346992579 -5.873963989479584 64
1694346993179 -5.871706977473685 65
1694346993771 -5.869720804122207 66
1694346994320 -5.8679729280025965 67
1694346994860 -5.866434725494269 68
1694346995405 -5.865081017393273 69
1694346996010 -5.863889653103631 70
1694346996574 -5.8628411453182405 71
1694346997248 -5.861918348993131 72
1694346997900 -5.861106179194066 73
1694346998507 -5.860391363069055 74
1694346999427 -5.859762221788768 75
1694347000413 -5.859208478810267 76
1694347001276 -5.858721091268029 77
1694347002557 -5.858292101688313 78
1694347004129 -5.857914507566158 79
1694347006240 -5.857582146644629 80
1694347007181 -5.857289595999202 81
1694347008133 -5.857032083260805 82
1694347010064 -5.856805408513386 83
1694347011024 -5.856605875579464 84
1694347011901 -5.856430231562665 85
1694347012749 -5.856275613653225 86
1694347013843 -5.856139502322496 87
1694347014764 -5.856019680137879 88
1694347015614 -5.85591419552241 89
1694347016451 -5.855821330864693 90
1694347017276 -5.855739574456347 91
1694347018050 -5.855667595797181 92
1694347018838 -5.855604223863624 93
