1694709358518 61.962074949711614 0
1694709362194 20.903913907843023 1
1694709364102 12.56351728602261 2
1694709365874 8.333444454229229 3
1694709367711 7.61323687046078 4
1694709369826 5.038304657922241 5
1694709371606 5.468635476966842 6
1694709373412 5.233981353457484 7
1694709375296 4.712640408034485 8
1694709376892 5.147542266947399 9
1694709378598 4.04185308190561 10
1694709380262 4.812600285495946 11
1694709381965 4.062388423744334 12
1694709383757 4.5019012723199 13
1694709385445 3.8337987083231457 14
1694709387537 4.2996127149651295 15
1694709389347 3.900991558456476 16
1694709391128 3.9974436896494074 17
1694709392766 5.269591965534861 18
1694709394970 4.464846050446665 19
1694709396646 4.024317245371154 20
1694709398729 5.705645855086796 21
1694709400423 4.210253142294045 22
1694709402527 4.719844325667763 23
1694709404280 5.173565392332067 24
1694709405933 5.147643815647315 25
1694709407580 4.390265904170025 26
1694709409124 4.518533427268169 27
1694709410906 5.152777919495474 28
1694709412628 4.969558767924238 29
1694709414790 4.589722027827223 30
1694709416680 4.340566005772006 31
1694709418839 5.131189079129465 32
1694709420485 4.847474580423867 33
1694709422633 4.854718581728386 34
1694709424160 5.10460379968524 35
1694709425891 4.334095555096778 36
1694709427744 3.4822788314526076 37
1694709429570 5.07733171178176 38
1694709431397 5.163434816107843 39
1694709433121 4.215848741798928 40
1694709435048 4.805290621945653 41
1694709436731 4.223408692011018 42
1694709438631 5.492546093924293 43
1694709440505 4.581991887394601 44
1694709442384 5.07441131431042 45
1694709444163 4.545755289260766 46
1694709446129 4.855121845911119 47
1694709449268 5.148367081833737 48
1694709452575 5.5705357731813905 49
1694709455305 4.6147061430618805 50
1694709457407 5.002183434616628 51
1694709459404 4.8685599783441695 52
1694709461155 4.4527960072246815 53
1694709462662 4.786521152695151 54
1694709464439 4.774660273324999 55
1694709465917 4.825129707476204 56
1694709467393 4.875710292699335 57
1694709468791 4.952702340210458 58
1694709470210 3.998162925203772 59
1694709471879 5.292776883874632 60
1694709473401 4.432516553403864 61
1694709474978 4.79270658609114 62
1694709476683 5.528153237352345 63
1694709478343 4.4925783539315205 64
1694709479801 3.645568625444363 65
1694709481523 4.610748163180826 66
1694709483045 4.684506696171271 67
1694709484465 4.645418244638271 68
1694709486180 4.6433975642379535 69
1694709487984 5.527499670347224 70
1694709490354 4.573224227105842 71
1694709492219 5.010898238336722 72
1694709494036 4.529360657625659 73
1694709495522 4.271016899034605 74
1694709497236 4.6188463784522344 75
1694709498872 4.148485740127631 76
1694709500320 4.935914875787944 77
1694709501931 4.238533663466205 78
1694709503451 4.406659780498406 79
1694709505086 4.557650523609175 80
1694709506862 3.947197389085318 81
1694709508363 4.942569864058397 82
1694709510092 6.0020704621589 83
1694709512019 4.0669930670860746 84
1694709513352 5.181035923674727 85
1694709514916 4.694019641031432 86
1694709516536 4.557555424505113 87
1694709518423 5.156352039295298 88
1694709520201 4.972026839109035 89
1694709522041 5.515222848627217 90
1694709523692 5.326828601929608 91
1694709525456 4.792182853589868 92
1694709527111 5.430987876851183 93
1694709528587 5.389124739308694 94
1694709530245 4.623021648643566 95
1694709531886 4.389556003558549 96
1694709533441 4.648751227283684 97
1694709535005 5.150892853779939 98
1694709536571 5.0449627528615855 99
