1694721002464 3.867251214533518 0
1694721005019 3.4064055343285564 1
1694721007269 7.094402890541866 2
1694721009462 2.854605814259769 3
1694721011859 2.3597412587281994 4
1694721013990 6.405080156444471 5
1694721016081 5.367439676849269 6
1694721018778 4.270908998843459 7
1694721020773 3.1810963858475696 8
1694721023079 4.369409594801715 9
1694721025175 2.8500466551083323 10
1694721027574 2.7005299332550132 11
1694721029801 3.2493136056912677 12
1694721031931 4.467344837078758 13
1694721034079 6.478052210778291 14
1694721036124 5.904549528356413 15
1694721038423 5.400379291093224 16
1694721040472 6.798640747262344 17
1694721042686 2.1371380363148598 18
1694721044569 2.942404263500059 19
1694721046840 8.481707181492645 20
1694721048911 3.874039853921009 21
1694721051185 4.736891506211356 22
1694721053186 4.785549521895814 23
1694721055790 4.325799424774732 24
1694721058494 5.325596963503359 25
1694721060706 3.7427142867031487 26
1694721063513 6.200743683970449 27
1694721065882 4.019436704641121 28
1694721067968 3.7026058490932754 29
1694721070207 4.3892848994396525 30
1694721072159 6.207929945370714 31
1694721074393 5.602296603491955 32
1694721076368 4.983307042934815 33
1694721078728 5.180629431506448 34
1694721080673 3.371611955571885 35
1694721083137 2.4953942520280243 36
1694721085196 3.8309528359218032 37
1694721087576 5.157116353061842 38
1694721089654 4.62481958365277 39
1694721092194 8.495978769237457 40
1694721094596 3.7955062657363463 41
1694721096733 5.1711032864837865 42
1694721099171 6.971991743185118 43
1694721101263 4.243427512981153 44
1694721103417 4.968416811402067 45
1694721105438 2.076155998926233 46
1694721107700 6.402024666986474 47
1694721109938 3.719707651133015 48
1694721112019 8.127949240174956 49
1694721114115 6.662406037660254 50
1694721116712 1.5030745223082513 51
1694721118894 2.221246660539744 52
1694721120977 3.8086728187313756 53
1694721123256 4.697046601561449 54
1694721125386 5.624156791547332 55
1694721127533 4.88681683420402 56
1694721129475 3.8123369641850773 57
1694721131511 4.426607797571679 58
1694721133328 3.7745245816936976 59
1694721135366 3.089618970310864 60
1694721137509 3.103852378752508 61
1694721139592 7.100758969677626 62
1694721141606 7.071249820758522 63
1694721143545 6.3701908469268265 64
1694721145562 5.482063911171675 65
1694721147604 5.10518917111197 66
1694721149562 4.123449541007901 67
1694721151548 4.722375402509833 68
1694721153540 4.771257359364113 69
1694721155572 7.735349957136394 70
1694721157503 3.679486155311148 71
1694721159785 5.0164102075205745 72
1694721161711 5.711146091983113 73
1694721163781 3.907307549805703 74
1694721165940 2.881176043398759 75
1694721168062 4.349647283224933 76
1694721170164 3.663670997888129 77
1694721172156 5.370636412637854 78
1694721174286 2.54962426581273 79
1694721176431 4.577850901786554 80
1694721178641 4.96739057200372 81
1694721180744 6.2564240035160115 82
1694721183140 4.765526303976354 83
1694721185088 6.068588222779749 84
1694721187498 6.535754786348988 85
1694721190397 4.061941664372744 86
1694721192725 6.645809977860799 87
1694721195143 6.195080346024851 88
1694721197623 3.4072673293039193 89
1694721199777 3.6158902179980377 90
1694721201933 3.5998941699637514 91
1694721204146 7.328811110872522 92
1694721206494 5.066215937521446 93
1694721208393 6.541669384925876 94
1694721210728 8.921270084812704 95
1694721212728 3.190707314542789 96
1694721215044 5.377427628978707 97
1694721217063 3.2460479355013176 98
1694721219263 2.223728594149682 99
