1694516694553 169.64084248330963 0
1694516695497 137.28264796505752 1
1694516696389 111.34666087825052 2
1694516697257 90.33984564795685 3
1694516698221 73.32305880987265 4
1694516699071 59.53486247183478 5
1694516699976 48.36037366595993 6
1694516700958 39.30207421815406 7
1694516701955 31.957787331146157 8
1694516702818 26.001825994777295 9
1694516703759 21.169294633588144 10
1694516704691 17.248683825150305 11
1694516705611 14.065481168848175 12
1694516706525 11.481584887448028 13
1694516707360 9.383010243326298 14
1694516708374 7.6767692584647005 15
1694516709411 6.290722717810063 16
1694516710658 5.162718559159734 17
1694516711918 4.245695067506236 18
1694516713190 3.4993578498058833 19
1694516714865 2.89056258386902 20
1694516715831 2.3952199804413388 21
1694516717025 1.9905826069402413 22
1694516718027 1.6609671691300645 23
1694516719386 1.391907364396358 24
1694516720340 1.1712054426045286 25
1694516721493 0.9913218223944227 26
1694516722529 0.8434504576915419 27
1694516723631 0.7227115522637553 28
1694516724709 0.623759924601532 29
1694516725554 0.5417674566982132 30
1694516726387 0.47489452626321554 31
1694516727308 0.41930630510958306 32
1694516728200 0.3738497770632521 33
1694516729173 0.3359383200531358 34
1694516729858 0.3048326310553044 35
1694516730617 0.27918812581743824 36
1694516731464 0.25733573255323916 37
1694516732177 0.23960283536975965 38
1694516732894 0.22441968929504505 39
1694516733858 0.21204653525006134 40
1694516734767 0.2014058049504936 41
1694516735622 0.1926867499617288 42
1694516736522 0.18516074096479995 43
1694516737427 0.17895095427957367 44
1694516738342 0.1735767889353332 45
1694516739267 0.16910410744363108 46
1694516740203 0.16522889785436487 47
1694516741154 0.16196957838363496 48
1694516742026 0.15914791398632322 49
1694516742947 0.15674441714251194 50
1694516743896 0.1546703304358176 51
1694516744739 0.15287679023214587 52
1694516745557 0.15133848171967249 53
1694516746428 0.14998443947207318 54
1694516747295 0.14883405314524206 55
1694516748163 0.1478002613003727 56
1694516749033 0.14693363346318625 57
1694516749876 0.14613585194183779 58
1694516750787 0.14547888467206652 59
1694516751697 0.1448569822081212 60
1694516752582 0.1443564293063703 61
1694516753505 0.14386701569989854 62
1694516754387 0.14348421715230594 63
1694516755245 0.14309563328925745 64
1694516756053 0.14280222738623075 65
1694516756875 0.14249111567564168 66
1694516757760 0.14226608338830676 67
1694516758598 0.14201502229682092 68
1694516759474 0.14184263365601482 69
1694516760368 0.14163849242740356 70
1694516761300 0.14150686712802232 71
1694516762185 0.14133965085002956 72
1694516763121 0.14123973985883165 73
1694516763987 0.14110177067411026 74
1694516764901 0.14102662852583323 75
1694516765755 0.14091195905400364 76
