1694675815749 168.8148749839276 0
1694675817041 136.7758794711031 1
1694675818183 111.07192510492341 2
1694675819258 90.33473397036484 3
1694675820309 73.5917329613557 4
1694675821399 60.06163481162032 5
1694675822468 49.1187313165425 6
1694675823477 40.258882648395 7
1694675824526 33.077589056812705 8
1694675825651 27.249343933831177 9
1694675826809 22.51371675940925 10
1694675827917 18.660033968967305 11
1694675829005 15.519174208847566 12
1694675830067 12.954619702933911 13
1694675831199 10.857492052213127 14
1694675832568 9.139010774376496 15
1694675833664 7.7275875599139106 16
1694675834798 6.566343390879385 17
1694675835881 5.608496148116448 18
1694675836992 4.816203164505397 19
1694675838100 4.159634447575066 20
1694675839156 3.6136849363534944 21
1694675840236 3.1587878181384412 22
1694675841339 2.7785478797656675 23
1694675842449 2.4595551514670486 24
1694675843504 2.191491914991252 25
1694675844640 1.9652415057760177 26
1694675845774 1.7739482052808946 27
1694675846808 1.6116308105182575 28
1694675847911 1.4732783171106225 29
1694675849016 1.3553056517328137 30
1694675850099 1.2541449539052185 31
1694675851196 1.1673749413671821 32
1694675852217 1.0925432526925944 33
1694675853272 1.0279966045255338 34
1694675854335 0.9720332409431537 35
1694675855369 0.9235104149099475 36
1694675856416 0.8813204971417813 37
1694675857482 0.8443891602795984 38
1694675858591 0.8122299606273713 39
1694675859692 0.7839642439299757 40
1694675860805 0.7592527954153405 41
1694675861890 0.7374561154149831 42
1694675862979 0.718334107356535 43
1694675864016 0.7014162566958224 44
1694675865152 0.6865302259505781 45
1694675866274 0.673326015287 46
1694675867388 0.6616784172095721 47
1694675868517 0.6513241753595165 48
1694675869615 0.6421714850182489 49
1694675870837 0.6340200923678758 50
1694675872212 0.626802333310856 51
1694675873403 0.6203641137571254 52
1694675874588 0.6146555587335266 53
1694675875842 0.6096150941794455 54
1694675877151 0.6050169900135121 55
1694675878342 0.6010174924405383 56
1694675879453 0.5973678141555948 57
1694675880570 0.5941884642744506 58
1694675881662 0.5912861612021983 59
1694675882770 0.5887551554431545 60
1694675883829 0.5864436227056701 61
1694675884918 0.5844265310540652 62
1694675885980 0.582583156931821 63
1694675887174 0.5809743025344138 64
1694675888271 0.5795026834748712 65
1694675889390 0.5782186780687082 66
1694675890472 0.5770427537113928 67
1694675891574 0.5760175953183746 68
1694675892842 0.5750771855143899 69
1694675894170 0.5742585048229358 70
1694675895306 0.5735058840403741 71
1694675896391 0.5728520466092665 72
1694675897497 0.572249295163175 73
1694675898631 0.5717271488064333 74
1694675899801 0.5712440919938553 75
1694675900904 0.5708272055976742 76
1694675902040 0.5704398018997211 77
1694675903091 0.5701070819097255 78
1694675904178 0.5697961569575013 79
1694675905794 0.5695307563161108 80
1694675907603 0.5692810048965985 81
1694675908866 0.5690694598861193 82
1694675910072 0.5688686569303399 83
1694675911169 0.568700202565281 84
1694675912258 0.5685385778567973 85
1694675913443 0.5684046037699335 86
1694675914594 0.5682743454270874 87
