1694339130175 -238.94545036909622 0
1694339130572 -193.37560334368376 1
1694339130978 -156.82313673004924 2
1694339131397 -127.33807379659655 3
1694339131818 -103.53592925884695 4
1694339132265 -84.30473388329543 5
1694339132684 -68.75259230634724 6
1694339133148 -56.16249497684783 7
1694339133596 -45.95928585616811 8
1694339133971 -37.6803015444187 9
1694339134372 -30.953407828668713 10
1694339134766 -25.480287687986916 11
1694339135159 -21.019872463890273 12
1694339135567 -17.37909090486881 13
1694339135977 -14.4015939276542 14
1694339136391 -11.962159021815276 15
1694339136849 -9.959332208293134 16
1694339137274 -8.311056450971543 17
1694339137663 -6.951854513651204 18
1694339138051 -5.82789625856259 19
1694339138434 -4.896412495739504 20
1694339138813 -4.12208282159411 21
1694339139213 -3.4768514332887612 22
1694339139619 -2.9375924382946286 23
1694339140031 -2.485312188032609 24
1694339140484 -2.105219956508335 25
1694339140947 -1.7844940121104154 26
1694339141372 -1.5133108564593094 27
1694339141790 -1.2830715989012287 28
1694339142191 -1.0872009596060792 29
1694339142569 -0.9198884025136049 30
1694339142928 -0.7766925061912244 31
1694339143349 -0.6537689234248545 32
1694339143844 -0.5477216809358418 33
1694339144435 -0.4563007130269432 34
1694339144881 -0.37700781992051957 35
1694339145268 -0.30829634352627777 36
1694339145658 -0.248409213090788 37
1694339146004 -0.1962687437938253 38
1694339146436 -0.15062655309906336 39
1694339146824 -0.11072062438937502 40
1694339147220 -0.07565498881970023 41
1694339147621 -0.04488248086566471 42
1694339148063 -0.017753674045022594 43
1694339148467 0.00613050196485021 44
1694339148970 0.027245261624249784 45
1694339149460 0.04588614778805211 46
1694339149914 0.06240403083489121 47
1694339150283 0.07702097101132743 48
1694339150723 0.08999821119313867 49
1694339151132 0.10150481218997853 50
1694339151553 0.11173680412951192 51
1694339151970 0.12082439117608901 52
1694339152425 0.1289157393951884 53
1694339152883 0.1361120987664074 54
1694339153357 0.14252622737044762 55
1694339153804 0.14823745909509112 56
1694339154204 0.1533321784053321 57
1694339154647 0.1578728839433846 58
1694339155062 0.16192620295322901 59
1694339155524 0.16554152494906715 60
1694339155921 0.16877060954097345 61
1694339156354 0.17165251227796374 62
1694339156766 0.17422776848697263 63
1694339157173 0.1765271973693079 64
1694339157587 0.1785828446525335 65
1694339157953 0.1804189006010729 66
1694339158380 0.18206098698884454 67
1694339158775 0.18352791241109834 68
1694339159267 0.18484044321986037 69
1694339159629 0.18601298505888497 70
1694339160026 0.18706264493116975 71
1694339160461 0.1880002011690809 72
1694339160954 0.1888400163509042 73
1694339161390 0.18958986157870683 74
1694339161767 0.19026205631939286 75
1694339162166 0.19086186397685212 76
1694339162567 0.191400099016506 77
1694339162932 0.19187992229559603 78
1694339163412 0.1923110561186473 79
1694339163866 0.19269488939092771 80
1694339164265 0.19304036858658213 81
1694339164687 0.19334738189814538 82
1694339165067 0.1936243417356992 83
1694339165463 0.19386985924650724 84
1694339165846 0.19409199681975264 85
1694339166213 0.19428827387398262 86
1694339166615 0.1944665420828804 87
1694339166997 0.1946233833761558 88
1694339167400 0.19476654333166687 89
1694339167890 0.19489179533188083 90
1694339168312 0.19500685659878747 91
1694339168731 0.19510680022821592 92
1694339169128 0.19519937202333382 93
1694339169496 0.19527903608097952 94
1694339169849 0.19535360765868393 95
1694339170245 0.19541701915980214 96
1694339170771 0.19547718380559964 97
1694339171205 0.19552756805077998 98
1694339171612 0.19557620211636795 99
1694339172009 0.19561614265977934 100
1694339172460 0.19565554872225965 101
1694339172925 0.19568711532500827 102
1694339173329 0.19571913669695862 103
1694339173767 0.19574398770423862 104
1694339174161 0.19577010005206652 105
1694339174568 0.19578956432686678 106
1694339174936 0.19581094898911633 107
1694339175325 0.19582609149816732 108
1694339175726 0.19584369416883074 109
1694339176132 0.19585536849134322 110
1694339176532 0.1958699461956126 111
1694339177017 0.19587883656811012 112
1694339177463 0.195890995270124 113
1694339177863 0.19589765025655803 114
1694339178248 0.19590787496970652 115
1694339178647 0.1959127344276318 116
1694339179030 0.19592141332351665 117
1694339179447 0.1959248300029749 118
1694339179869 0.19593227371599675 119
1694339180309 0.19593453056075683 120
1694339180802 0.19594098764619616 121
1694339181282 0.19594231165342768 122
1694339181700 0.1959479809656558 123
1694339182116 0.1959485542893601 124
1694339182547 0.19595359489388475 125
1694339182927 0.19595356374079265 126
1694339183314 0.19595810285145654 127
1694339183750 0.19595758460872814 128
1694339184124 0.19596172394346845 129
1694339184635 0.1959608128900312 130
1694339185030 0.19596463376018358 131
1694339185427 0.19596340564346126 132
1694339185791 0.19596697302884947 133
1694339186195 0.19596548873256936 134
1694339186643 0.1959688545443905 135
1694339187117 0.19596716302820183 136
1694339187521 0.1959703687214539 137
1694339187918 0.19596850937713395 138
1694339188286 0.1959715880421592 139
1694339188688 0.19596959258239321 140
1694339189113 0.19597257061927842 141
1694339189533 0.19597046459188439 142
1694339189919 0.19597336305081425 143
1694339190293 0.19597116705286877 144
1694339190713 0.19597400270698562 145
1694339191114 0.19597173335843765 146
1694339191547 0.19597451956250356 147
1694339191970 0.1959721902870588 148
1694339192383 0.1959749376646055 149
1694339192778 0.19597255931612378 150
1694339193187 0.1959752763092656 151
1694339193626 0.19597285767436579 152
1694339194016 0.19597555098367625 153
1694339194399 0.1959730991850719 154
1694339194809 0.1959757741214233 155
1694339195213 0.19597329494171312 156
1694339195577 0.19597595570766257 157
1694339195982 0.19597345384931786 158
1694339196398 0.19597610376407382 159
1694339196810 0.1959735830582574 160
1694339197228 0.1959762247375053 161
1694339197600 0.19597368831189366 162
1694339197969 0.19597632381149432 163
1694339198370 0.1959737742251696 164
1694339198786 0.1959764051559445 165
1694339199199 0.19597384450788724 166
1694339199583 0.19597647212726388 167
1694339199948 0.19597390214366606 168
1694339200388 0.19597652742883542 169
1694339200867 0.19597394953339975 170
1694339201319 0.19597657323966444 171
1694339201729 0.19597398861025572 172
1694339202109 0.19597661131754274 173
1694339202543 0.19597402093187488 174
1694339202943 0.19597664308180107 175
1694339203359 0.19597404775429883 176
1694339203826 0.19597666967966176 177
1694339204358 0.195974070091259 178
1694339204798 0.19597669203949641 179
1694339205252 0.1959740887617345 180
1694339205634 0.1959767109135585 181
1694339206038 0.19597410442809793 182
1694339206425 0.1959767269122853 183
1694339206806 0.19597411762672912 184
1694339207167 0.19597674053183134 185
1694339207593 0.1959741287925837 186
1694339207985 0.19597675217618205 187
1694339208420 0.19597413827891164 188
1694339208803 0.1959767621749431 189
1694339209239 0.1959741463730965 190
1694339209602 0.19597677079760067 191
1694339209958 0.19597415330938328 192
1694339210324 0.1959767782650339 193
1694339210803 0.19597415927910355 194
1694339211187 0.19597678475873004 195
1694339211599 0.19597416443887783 196
1694339212031 0.19597679042824467 197
1694339212448 0.1959741689172576 198
1694339212853 0.19597679539719504 199
1694339213272 0.19597417282002771 200
1694339213645 0.19597679976807902 201
1694339214041 0.19597417623449498 202
1694339214429 0.19597680362619108 203
1694339214805 0.19597417923294425 204
1694339215195 0.1959768070427611 205
1694339215625 0.19597418187542415 206
1694339216014 0.19597681007749845 207
1694339216425 0.19597418421199908 208
1694339216933 0.19597681278066936 209
1694339217361 0.19597418628456176 210
1694339217780 0.19597681519475274 211
1694339218216 0.19597418812830703 212
1694339218603 0.19597681735580397 213
1694339218970 0.19597418977292425 214
1694339219370 0.19597681929455157 215
1694339219753 0.19597419124355875 216
1694339220190 0.19597682103730907 217
1694339220666 0.19597419256160575 218
1694339221099 0.19597682260670235 219
1694339221504 0.19597419374534597 220
1694339221877 0.1959768240222617 221
1694339222232 0.19597419481046263 222
1694339222644 0.19597682530092575 223
1694339223067 0.1959741957704676 224
1694339223514 0.19597682645744297 225
1694339224016 0.19597419663706017 226
1694339224431 0.19597682750470202 227
1694339224849 0.1959741974204059 228
1694339225298 0.19597682845401454 229
1694339225672 0.19597419812937078 230
1694339226022 0.19597682931534166 231
1694339226408 0.19597419877172717 232
1694339226751 0.19597683009748568 233
1694339227157 0.19597419935430171 234
1694339227621 0.19597683080824135 235
1694339228054 0.19597419988311726 236
1694339228512 0.19597683145454914 237
1694339228915 0.19597420036351232 238
1694339229302 0.19597683204259142 239
1694339229683 0.19597420080021677 240
1694339230072 0.19597683257788812 241
1694339230489 0.19597420119744646 242
1694339230900 0.1959768330653917 243
1694339231304 0.19597420155896694 244
1694339231736 0.19597683350955042 245
1694339232209 0.1959742018881414 246
1694339233013 0.1959768339143535 247
1694339233488 0.19597420218799533 248
1694339233915 0.1959768342834055 249
1694339234328 0.19597420246123476 250
1694339234715 0.19597683461995197 251
1694339235163 0.1959742027103073 252
1694339235545 0.19597683492693063 253
1694339235949 0.19597420293741674 254
1694339236368 0.19597683520699827 255
1694339236807 0.19597420314455005 256
1694339237205 0.19597683546256117 257
1694339237619 0.19597420333350568 258
1694339238007 0.1959768356958015 259
1694339238400 0.195974203505916 260
1694339238779 0.1959768359086984 261
1694339239165 0.1959742036632537 262
1694339239584 0.19597683610305205 263
1694339240021 0.1959742038068586 264
1694339240441 0.19597683628049478 265
1694339240903 0.1959742039379493 266
1694339241335 0.1959768364425164 267
1694339241736 0.19597420405762978 268
1694339242205 0.19597683659047138 269
1694339242615 0.19597420416690192 270
1694339243020 0.19597683672558475 271
1694339243445 0.19597420426668166 272
1694339243890 0.19597683684898126 273
1694339244304 0.19597420435779866 274
1694339244755 0.19597683696168555 275
1694339245182 0.19597420444101277 276
1694339245590 0.19597683706462798 277
1694339245967 0.1959742045170142 278
1694339246335 0.19597683715865888 279
1694339246741 0.19597420458643022 280
1694339247180 0.19597683724455295 281
1694339247618 0.19597420464983795 282
1694339248038 0.19597683732301896 283
1694339248493 0.19597420470775895 284
1694339248949 0.19597683739469984 285
1694339249399 0.19597420476066751 286
1694339249806 0.1959768374601838 287
1694339250169 0.1959742048090034 288
1694339250548 0.19597683752000838 289
1694339250951 0.19597420485315664 290
1694339251360 0.19597683757466045 291
1694339251784 0.19597420489349215 292
1694339252209 0.1959768376245894 293
1694339252647 0.19597420493034035 294
1694339253076 0.19597683767020557 295
1694339253488 0.19597420496400642 296
1694339253914 0.19597683771188412 297
1694339254335 0.1959742049947647 298
1694339254703 0.19597683774996222 299
1694339255082 0.19597420502286633 300
1694339255473 0.19597683778475294 301
1694339255880 0.19597420504854135 302
1694339256298 0.19597683781653985 303
1694339256766 0.1959742050719987 304
1694339257186 0.19597683784558273 305
1694339257563 0.19597420509343022 306
1694339257960 0.1959768378721175 307
1694339258347 0.1959742051130119 308
1694339258721 0.195976837896365 309
1694339259153 0.1959742051309048 310
1694339259539 0.19597683791851872 311
1694339259945 0.19597420514725428 312
1694339260411 0.1959768379387583 313
1694339260898 0.19597420516218977 314
1694339261383 0.19597683795725118 315
1694339261815 0.1959742051758343 316
1694339262194 0.19597683797414578 317
1694339262614 0.19597420518830266 318
1694339263005 0.19597683798958732 319
1694339263431 0.19597420519969722 320
1694339263941 0.19597683800369592 321
1694339264492 0.19597420521010778 322
1694339264943 0.1959768380165835 323
1694339265350 0.19597420521961695 324
1694339265737 0.19597683802836163 325
1694339266127 0.19597420522830822 326
1694339266597 0.19597683803912014 327
1694339267026 0.1959742052362473 328
1694339267429 0.19597683804895438 329
1694339267817 0.19597420524350262 330
1694339268238 0.19597683805793775 331
1694339268685 0.19597420525013431 332
1694339269083 0.1959768380661473 333
1694339269481 0.19597420525619091 334
1694339269851 0.19597683807364552 335
1694339270231 0.1959742052617225 336
1694339270689 0.19597683808049549 337
1694339271106 0.19597420526677678 338
1694339271502 0.1959768380867566 339
1694339271917 0.1959742052713963 340
1694339272322 0.19597683809248012 341
1694339272788 0.19597420527561937 342
1694339273247 0.19597683809770672 343
1694339273658 0.1959742052794785 344
1694339274055 0.19597683810248534 345
1694339274415 0.19597420528300435 346
1694339274764 0.19597683810684996 347
1694339275175 0.19597420528622422 348
1694339275559 0.195976838110836 349
1694339275985 0.1959742052891673 350
1694339276405 0.19597683811448297 351
1694339276805 0.19597420529185783 352
1694339277230 0.19597683811781363 353
1694339277624 0.19597420529431664 354
1694339278018 0.19597683812085553 355
1694339278413 0.1959742052965594 356
1694339278794 0.1959768381236353 357
1694339279170 0.19597420529861131 358
1694339279560 0.19597683812617384 359
1694339279954 0.19597420530048337 360
1694339280423 0.19597683812849342 361
1694339280908 0.195974205302196 362
1694339281302 0.19597683813061406 363
1694339281711 0.19597420530375964 364
1694339282070 0.19597683813255073 365
1694339282454 0.19597420530519016 366
1694339282883 0.1959768381343221 367
1694339283297 0.19597420530649612 368
1694339283720 0.19597683813593925 369
1694339284157 0.1959742053076895 370
1694339284602 0.19597683813741507 371
1694339285026 0.19597420530877696 372
1694339285438 0.1959768381387651 373
1694339285807 0.19597420530977439 374
1694339286197 0.1959768381399999 375
1694339286635 0.19597420531068432 376
1694339287082 0.1959768381411252 377
1694339287580 0.19597420531151455 378
1694339288053 0.19597683814215627 379
1694339288494 0.1959742053122775 380
1694339288921 0.1959768381430983 381
1694339289336 0.19597420531297038 382
1694339289707 0.19597683814395572 383
1694339290073 0.19597420531360443 384
1694339290517 0.19597683814474276 385
1694339290921 0.19597420531418663 386
1694339291305 0.19597683814546296 387
1694339291726 0.1959742053147181 388
1694339292207 0.1959768381461202 389
1694339292693 0.1959742053152017 390
1694339293143 0.19597683814672073 391
1694339293541 0.19597420531564602 392
1694339293969 0.19597683814726707 393
1694339294358 0.1959742053160488 394
1694339294779 0.1959768381477689 395
1694339295181 0.19597420531641885 396
1694339295582 0.19597683814822564 397
1694339295985 0.19597420531675713 398
1694339296387 0.19597683814864564 399
1694339296808 0.19597420531706478 400
1694339297207 0.19597683814902433 401
1694339297621 0.19597420531734344 402
1694339297984 0.19597683814937317 403
1694339298411 0.19597420531760112 404
1694339298772 0.19597683814969147 405
1694339299139 0.19597420531783816 406
1694339299553 0.19597683814998323 407
1694339299989 0.1959742053180522 408
1694339300406 0.1959768381502468 409
1694339300833 0.19597420531824739 410
1694339301295 0.19597683815049027 411
1694339301688 0.1959742053184249 412
1694339302069 0.19597683815071143 413
1694339302439 0.19597420531858833 414
1694339302861 0.1959768381509146 415
1694339303284 0.19597420531873877 416
1694339303723 0.19597683815110056 417
1694339304154 0.19597420531887622 418
1694339304595 0.19597683815127054 419
1694339305018 0.19597420531900145 420
1694339305390 0.1959768381514253 421
1694339305777 0.19597420531911536 422
1694339306153 0.1959768381515654 423
1694339306527 0.19597420531922072 424
1694339306948 0.1959768381516953 425
1694339307383 0.19597420531931564 426
1694339307772 0.19597683815181488 427
1694339308165 0.19597420531940302 428
1694339308644 0.1959768381519219 429
1694339309060 0.19597420531948384 430
1694339309494 0.19597683815201983 431
1694339309889 0.19597420531955467 432
1694339310268 0.19597683815210998 433
1694339310684 0.19597420531962229 434
1694339311079 0.19597683815219158 435
1694339311505 0.19597420531968102 436
1694339311981 0.1959768381522663 437
1694339312365 0.19597420531973664 438
1694339312773 0.19597683815233646 439
1694339313174 0.1959742053197875 440
1694339313582 0.19597683815239708 441
1694339313993 0.19597420531983212 442
1694339314385 0.19597683815245437 443
1694339314775 0.19597420531987542 444
1694339315168 0.19597683815250877 445
1694339315574 0.19597420531991372 446
1694339315955 0.19597683815255706 447
1694339316407 0.19597420531995025 448
1694339316809 0.1959768381525997 449
1694339317325 0.19597420531998222 450
1694339317745 0.19597683815263933 451
1694339318145 0.19597420532001264 452
1694339318538 0.19597683815267786 453
1694339318959 0.19597420532004195 454
1694339319350 0.19597683815271427 455
1694339319741 0.1959742053200667 456
1694339320161 0.19597683815274214 457
1694339320577 0.19597420532008758 458
1694339321059 0.195976838152769 459
1694339321493 0.19597420532010723 460
1694339321880 0.19597683815279388 461
1694339322275 0.19597420532012588 462
1694339322677 0.19597683815281763 463
1694339323083 0.19597420532014365 464
1694339323510 0.19597683815284006 465
1694339324019 0.1959742053201612 466
1694339324509 0.1959768381528616 467
1694339324909 0.19597420532017484 468
1694339325286 0.1959768381528787 469
1694339325699 0.19597420532018772 470
1694339326121 0.19597683815289502 471
1694339326509 0.1959742053201997 472
1694339326893 0.19597683815290723 473
1694339327271 0.19597420532020837 474
1694339327679 0.19597683815291844 475
1694339328086 0.19597420532021614 476
1694339328533 0.19597683815292888 477
1694339328939 0.19597420532022392 478
1694339329320 0.19597683815293887 479
1694339329701 0.19597420532023113 480
1694339330083 0.19597683815294809 481
1694339330477 0.1959742053202378 482
1694339330926 0.1959768381529572 483
1694339331355 0.19597420532024412 484
1694339331762 0.19597683815296563 485
1694339332169 0.19597420532025112 486
1694339332605 0.19597683815297373 487
1694339333008 0.195974205320257 488
1694339333456 0.19597683815298128 489
1694339333904 0.195974205320263 490
1694339334282 0.1959768381529886 491
1694339334683 0.19597420532026832 492
1694339335070 0.1959768381529955 493
1694339335469 0.19597420532027388 494
1694339335917 0.19597683815300193 495
1694339336314 0.19597420532027943 496
1694339336772 0.19597683815300826 497
1694339337172 0.1959742053202842 498
1694339337593 0.19597683815301448 499
