1694345775723 -6.769271871517051 0
1694345776259 -7.301549014533975 1
1694345776790 -9.638297275801598 2
1694345777251 -7.018103841524361 3
1694345777690 -4.586116157990699 4
1694345778125 -5.223946324517973 5
1694345778581 -6.862447132213211 6
1694345779061 -7.198745365004767 7
1694345779605 -6.841677707186502 8
1694345780135 -5.421379764183785 9
1694345780656 -8.372951293230306 10
1694345781109 -8.488840156454051 11
1694345781574 -5.008758198377523 12
1694345782025 -6.888079255175362 13
1694345782459 -6.711370817660092 14
1694345782920 -7.495299682918818 15
1694345783349 -3.4606639105056978 16
1694345783828 -3.615215990441955 17
1694345784313 -4.656630457233569 18
1694345784774 -5.180970724106627 19
1694345785200 -4.980851969806772 20
1694345785658 -9.411670383392634 21
1694345786113 -6.083442898853636 22
1694345786542 -9.468399987404046 23
1694345786955 -8.758275890312985 24
1694345787406 -8.408358071427955 25
1694345787903 -5.365698163966397 26
1694345788493 -5.617403138491581 27
1694345788988 -5.293571396262515 28
1694345789455 -10.821172589761469 29
1694345789897 -8.173360296848493 30
1694345790344 -5.615242190443795 31
1694345790818 -6.6421771844433515 32
1694345791262 -6.073711513460341 33
1694345791776 -4.7577646310708035 34
1694345792264 -7.93101620709726 35
1694345792767 -4.858853557601532 36
1694345793277 -9.503244395318072 37
1694345793833 -8.407629653737713 38
1694345794278 -9.775598101827597 39
1694345794732 -6.868156384351803 40
1694345795174 -6.3144831227948135 41
1694345795717 -5.904079929032497 42
1694345796289 -4.783120890441635 43
1694345796791 -6.984907909839853 44
1694345797266 -7.097836799708723 45
1694345797727 -5.530142839482594 46
1694345798215 -6.653207496530941 47
1694345798747 -5.8313402521333275 48
1694345799279 -4.991148883126327 49
1694345799910 -7.056314409095702 50
1694345800586 -5.788382595600997 51
1694345801108 -8.77923126206175 52
1694345801601 -5.575845747112296 53
1694345802053 -9.424895630989933 54
1694345802552 -6.005815970623934 55
1694345803046 -6.622251054733321 56
1694345803515 -6.404071410741542 57
1694345804090 -4.520270515501862 58
1694345804687 -9.66592287274382 59
1694345805325 -4.959264892912967 60
1694345805913 -5.609383697239336 61
1694345806448 -6.130820936012222 62
1694345807007 -4.170319424680061 63
1694345807538 -4.197764446001779 64
1694345808094 -10.779984173362664 65
1694345808678 -5.145878107722802 66
1694345809157 -6.701736086207331 67
1694345809611 -6.65322018072168 68
1694345810060 -12.890806054484148 69
1694345810521 -5.03371893659328 70
1694345811011 -8.039888885866047 71
1694345811503 -8.324232655410706 72
1694345812239 -5.587412279577893 73
1694345813304 -5.865203076680871 74
1694345813950 -4.896027806094738 75
1694345814838 -6.205074963807757 76
1694345815671 -5.919421182603245 77
1694345816861 -5.486527958814024 78
1694345817807 -6.05916311259422 79
1694345818357 -7.061694400108918 80
1694345819165 -4.229869353135364 81
1694345819643 -7.273470528876334 82
1694345820159 -5.613371044265105 83
1694345820628 -5.712171835366665 84
1694345820989 -5.319152341434372 85
1694345821371 -5.139675264859929 86
1694345821928 -5.525873746649884 87
1694345822475 -4.934192092786461 88
1694345822991 -3.462488168327103 89
1694345823522 -10.609062789677813 90
1694345824020 -6.40532186304731 91
1694345824555 -4.298055851520686 92
1694345825258 -7.5472913187921 93
1694345825882 -6.589371813678093 94
1694345826387 -7.442988472696907 95
1694345826866 -4.6925542515857765 96
1694345827329 -4.8947075860238805 97
1694345827787 -7.349084316596331 98
1694345828295 -6.002729447575512 99
1694345828755 -7.748774043461008 100
1694345829183 -4.726309490296612 101
1694345829614 -9.309541183841745 102
1694345830013 -8.95692719073331 103
1694345830417 -5.684498293683219 104
1694345830803 -10.33773757477134 105
1694345831194 -5.172136054203106 106
1694345831630 -5.987521395823432 107
1694345832051 -5.390306999602267 108
1694345832522 -6.855606682187929 109
1694345832996 -5.656186756035647 110
1694345833487 -7.846701261047432 111
1694345833936 -6.1256543354817135 112
1694345834355 -3.6205647077739895 113
1694345834746 -2.9978262949409054 114
1694345835051 -6.1927703072029745 115
1694345835584 -6.746033525467101 116
1694345836125 -5.0141565866066165 117
1694345836682 -9.184830288322802 118
1694345837241 -4.626275903641435 119
1694345837732 -8.419916888169217 120
1694345838225 -9.118054727490799 121
1694345838714 -5.406991841998228 122
1694345839187 -6.4034221076546025 123
1694345839656 -5.8478931792358395 124
1694345840111 -8.635066875078534 125
1694345840559 -7.438017047921495 126
1694345840966 -5.476897550474597 127
1694345841375 -3.856412828155425 128
1694345841799 -5.6010601537632 129
1694345842201 -5.92781624166897 130
1694345842650 -5.595970498617923 131
1694345843087 -4.9612630420481985 132
1694345843568 -6.816609685428621 133
1694345844077 -5.172252546201514 134
1694345844641 -8.600313458661471 135
1694345845166 -4.314326966202002 136
1694345846673 -4.588276969174656 137
1694345849128 -3.3506467650582783 138
1694345850737 -6.281050980174909 139
1694345851905 -8.840444879335502 140
1694345852656 -4.857046721942249 141
1694345853191 -7.793216769084957 142
1694345853810 -4.366882873747077 143
1694345854592 -4.24706634558949 144
1694345855343 -6.01530941850777 145
1694345856059 -5.6133501255489735 146
1694345856814 -6.429923760790167 147
1694345857908 -5.2354121345137585 148
