1694716139049 65.13427716378072 0
1694716142743 23.651126714715456 1
1694716146270 11.66623320261575 2
1694716148853 6.811300632872624 3
1694716151699 6.273561169836814 4
1694716154281 5.069642005698553 5
1694716156671 4.366351735604901 6
1694716158983 4.641034278708358 7
1694716161091 4.337635961055388 8
1694716163201 5.5153160691590015 9
1694716165279 5.363589894148917 10
1694716167690 5.795090180936547 11
1694716171391 4.853029004232052 12
1694716174713 4.213349106189414 13
1694716176565 5.324871713315798 14
1694716178380 4.793775533500535 15
1694716180257 4.880911291100952 16
1694716182329 4.820226011756387 17
1694716184393 4.641067015217051 18
1694716186643 4.922099985289204 19
1694716188792 4.460336118801752 20
1694716190920 4.41764839466328 21
1694716193157 4.526224032241469 22
1694716196188 6.155663511097271 23
1694716198731 4.856094596096527 24
1694716203308 4.923457333890214 25
1694716206563 3.9483796503272868 26
1694716208768 4.269551911106862 27
1694716211014 4.925535741155969 28
1694716213322 5.705955529414901 29
1694716215760 4.990658947328107 30
1694716218061 4.082871464115543 31
1694716220533 5.019088805727147 32
1694716222799 5.290890974161649 33
1694716225031 4.7977695175022195 34
1694716227374 4.933171511659598 35
1694716229739 5.773192679386433 36
1694716232123 3.933669924392042 37
1694716234324 3.949663917916106 38
1694716236490 3.6744578757769912 39
1694716238649 5.103431698365141 40
1694716240800 4.558058864833221 41
1694716242944 3.744049555535144 42
1694716245122 5.436932184083227 43
1694716247569 4.711517587797626 44
1694716249790 4.590427820397362 45
1694716252154 4.670822758672888 46
1694716255112 4.3015315069674935 47
1694716257599 5.227083060586104 48
1694716259907 5.715497866051867 49
1694716261955 3.8736090578065747 50
1694716264274 4.50537590784303 51
1694716266742 5.000630915240645 52
1694716268907 3.5420494737278343 53
1694716271090 4.754901666878839 54
1694716273371 4.612327862264411 55
1694716275539 4.584012898764296 56
1694716277644 4.922583101700147 57
1694716279801 5.784210091186151 58
1694716281964 5.062875081028778 59
1694716284340 4.24888680973815 60
1694716288974 5.723629294376348 61
1694716294212 5.347437428717398 62
1694716296659 4.529953633730854 63
1694716299408 4.980823159459479 64
1694716302737 5.404139139549347 65
1694716305220 5.036905055182795 66
1694716308593 4.051221292119605 67
1694716311404 4.576095897746199 68
1694716314222 4.827868289047482 69
1694716317173 5.038357782703867 70
1694716322315 5.7354791435709265 71
1694716326630 4.3623401413596286 72
1694716332784 4.151828582474578 73
1694716338036 4.411393721631351 74
1694716341750 5.1980124546672135 75
1694716345837 4.6705366532510135 76
1694716350390 5.32477824049178 77
1694716354367 5.26974331548461 78
1694716358202 5.342902270303765 79
1694716362049 4.579423946340146 80
1694716365931 4.376130531067873 81
1694716371194 4.01101266863666 82
1694716377166 4.101305493820216 83
1694716381577 4.102613674041333 84
1694716386824 5.776768997645503 85
1694716392485 4.606536599738559 86
1694716398870 4.377690035078285 87
1694716403839 5.256583913499836 88
1694716408487 4.886489789485381 89
1694716412461 4.963735709060369 90
1694716415679 4.790382347328584 91
1694716419131 5.173036127013585 92
1694716422238 5.991826072236072 93
