1694447011616 -239.50563140254087 0
1694447012209 -193.91946596117162 1
1694447012888 -157.30112174046883 2
1694447013506 -127.59985818010227 3
1694447014128 -103.50733995145941 4
1694447014831 -83.95947942136762 5
1694447015568 -68.09848690228753 6
1694447016235 -55.224439097113326 7
1694447016945 -44.77499231055156 8
1694447017715 -36.290975706766375 9
1694447018432 -29.399118336866056 10
1694447019120 -23.802068887966207 11
1694447019764 -19.254213660649608 12
1694447020422 -15.555711214415147 13
1694447021036 -12.550001544656855 14
1694447021632 -10.105216736334059 15
1694447022254 -8.11389657317907 16
1694447022890 -6.4942698989627985 17
1694447023531 -5.17512088624781 18
1694447024139 -4.0982435895038005 19
1694447024820 -3.2215850949667315 20
1694447025580 -2.506313886965358 21
1694447026316 -1.9205113040973028 22
1694447027105 -1.4432144439973191 23
1694447027957 -1.0515101508442317 24
1694447028812 -0.7319010431947477 25
1694447029636 -0.4700912861896751 26
1694447030515 -0.25393228149152747 27
1694447031441 -0.07751935271857313 28
1694447032273 0.06745355498815209 29
1694447032958 0.18825027898145175 30
1694447033554 0.2866990570301644 31
1694447034119 0.36908602240002386 32
1694447034871 0.43638192861933756 33
1694447035689 0.4920239782755309 34
1694447036349 0.5394374326699236 35
1694447036897 0.577875570702066 36
1694447037533 0.610841007535636 37
1694447038117 0.6376322004660708 38
1694447038673 0.6607625900858675 39
1694447039202 0.6796194928048607 40
1694447039834 0.6953108095889835 41
1694447040637 0.7095164671901714 42
1694447041254 0.7207066167665139 43
1694447041873 0.7309342805331138 44
1694447042555 0.7390070251936489 45
1694447043406 0.7464520970232615 46
1694447044001 0.7523447787685165 47
1694447044756 0.7571948366241187 48
1694447045623 0.7622582585618021 49
1694447046322 0.76583622807096 50
1694447047082 0.7696174856661042 51
1694447047924 0.7722895864950774 52
1694447048767 0.7751432685089352 53
1694447049611 0.7771617314328274 54
1694447050581 0.7793365674048618 55
1694447051671 0.7808771516942528 56
1694447052943 0.7820035493311414 57
1694447054505 0.7838051836541928 58
1694447055701 0.7846618427446769 59
1694447057767 0.7860511566906644 60
1694447058922 0.786710421903843 61
1694447060122 0.7877913194491684 62
1694447061005 0.7883033272670374 63
1694447061796 0.7891508992921126 64
1694447062928 0.7895511865651513 65
1694447064037 0.7902204621578672 66
1694447065376 0.7905347751752322 67
1694447066270 0.7910665967045163 68
1694447067107 0.7913139750337672 69
1694447067819 0.7912914618513189 70
1694447068588 0.7919894476014703 71
1694447069309 0.7919642942117613 72
1694447070021 0.7925081978187215 73
1694447070716 0.7924837106024643 74
1694447071349 0.7929119217365472 75
1694447072000 0.7928889768964044 76
1694447072790 0.7932292558281184 77
1694447073806 0.7932077336283995 78
1694447074682 0.7934804794002605 79
1694447076074 0.7934599522394681 80
1694447077090 0.7936803618154475 81
1694447077923 0.793660397141327 82
1694447078719 0.7933961039251173 83
1694447079371 0.793874113605095 84
1694447080105 0.7936552736217145 85
1694447081009 0.7940255691483025 86
1694447081755 0.7938451450727878 87
1694447082527 0.7941359657977325 88
1694447083503 0.7939869439745711 89
1694447084253 0.7942182852011811 90
1694447084964 0.7940944559347288 91
1694447085674 0.7942807201409845 92
1694447086326 0.7941769077202723 93
1694447086958 0.7943286240895124 94
1694447087578 0.7942406628285602 95
1694447088273 0.7943656277682117 96
1694447088956 0.7942902358072531 97
1694447089575 0.7939719952154642 98
1694447090198 0.7943801047937151 99
