1694700207863 168.857487608401 0
1694700209309 165.47848845807775 1
1694700210868 162.21959437132045 2
1694700212382 159.02519604594886 3
1694700213811 155.89401413172808 4
1694700215344 152.8247946928349 5
1694700216987 149.81738383722842 6
1694700218471 146.86949908046873 7
1694700219940 143.9799590217024 8
1694700221422 141.14760574715854 9
1694700222961 138.37130436260335 10
1694700224395 135.6499425351128 11
1694700225860 132.9824300439782 12
1694700227341 130.36769834056153 13
1694700228843 127.80470011692276 14
1694700230378 125.29236018742608 15
1694700231907 122.8297626548767 16
1694700233438 120.4158282365523 17
1694700235493 118.0496875653792 18
1694700237076 115.73029341820765 19
1694700238580 113.45682095362157 20
1694700240446 111.22831205816053 21
1694700242593 109.04381129872445 22
1694700244297 106.90256503384855 23
1694700245660 104.80359361445237 24
1694700247250 102.74618306052106 25
1694700248684 100.7293823355605 26
1694700250263 98.75251538580072 27
1694700251947 96.81472939099532 28
1694700253396 94.91517375557642 29
1694700254923 93.05323420871346 30
1694700256468 91.22801925817947 31
1694700258082 89.4389483244613 32
1694700259663 87.68523456337385 33
1694700261144 85.96609313678259 34
1694700262567 84.2809992049356 35
1694700264092 82.62911587786743 36
1694700265467 81.00994817585641 37
1694700267053 79.4227693001439 38
1694700268492 77.86685426129974 39
1694700269961 76.34175835314207 40
1694700271581 74.8466948207754 41
1694700273039 73.38124535319331 42
1694700274652 71.94473783476111 43
1694700276172 70.53650178055506 44
1694700277582 69.15616421063626 45
1694700279087 67.80298446392042 46
1694700280532 66.47661282341261 47
1694700281964 65.17642700650595 48
1694700283453 63.90180619755525 49
1694700284861 62.652441543562404 50
1694700286439 61.4277368815112 51
1694700287984 60.22709752064605 52
1694700289417 59.0502528842069 53
1694700291093 57.896525494330085 54
1694700292550 56.7656635662347 55
1694700294048 55.65711404830834 56
1694700295779 54.57032520950541 57
1694700297294 53.505079752635496 58
1694700298828 52.4608470237977 59
1694700300710 51.43709770066354 60
1694700302410 50.433646762520794 61
1694700304556 49.44998474130414 62
1694700306604 48.48560351059425 63
1694700308165 47.540348244795524 64
1694700309820 46.613614051871274 65
1694700311624 45.705259778279675 66
1694700313262 44.814811474017226 67
1694700314949 43.94179638437747 68
1694700316475 43.08610054357293 69
1694700317923 42.2472681928953 70
1694700319658 41.424844781816844 71
1694700321091 40.618741754916385 72
1694700322641 39.828520575929964 73
1694700324086 39.053743927876035 74
1694700325497 38.29434699354341 75
1694700327010 37.54990754637186 76
1694700328469 36.82000458831079 77
1694700329889 36.10459546750768 78
1694700331444 35.40327340706776 79
1694700332853 34.71563286588737 80
1694700334482 34.04165187832761 81
1694700336022 33.38093830662519 82
1694700337449 32.73310125409158 83
1694700338979 32.09813805057418 84
1694700340398 31.47567043341007 85
1694700341919 30.86532138426226 86
1694700343469 30.267106221159285 87
1694700344879 29.680531798540827 88
1694700346384 29.105619377391843 89
1694700347909 28.542014951393224 90
1694700349365 27.98936559886551 91
1694700350855 27.44770875562386 92
1694700352313 26.916702362020825 93
1694700353752 26.396005447035414 94
1694700355358 25.885670506629992 95
1694700356966 25.385366815262827 96
1694700358593 24.89476473771977 97
1694700360281 24.413930783082517 98
1694700361785 23.942544981962236 99
