1694670562171 169.46369604336581 0
1694670563491 137.18931111095296 1
1694670564723 111.07185867893295 2
1694670566073 89.93533670178988 3
1694670567385 72.82871415209655 4
1694670568730 58.98280957439281 5
1694670570092 47.77545527948112 6
1694670571532 38.70335020845899 7
1694670572956 31.35931348510842 8
1694670574270 25.413899591433314 9
1694670575892 20.6005366934249 10
1694670577272 16.703511346894214 11
1694670578837 13.548253206091237 12
1694670580338 10.993478533499104 13
1694670581770 8.924836167396501 14
1694670583072 7.2497680866954735 15
1694670584366 5.893351993267945 16
1694670585615 4.794937965525178 17
1694670586907 3.905427281577601 18
1694670588230 3.1850706243697946 19
1694670590049 2.6016864016281342 20
1694670591965 2.129218918227692 21
1694670593514 1.7465714971122444 22
1694670595136 1.4366620586231766 23
1694670596841 1.1856587030583203 24
1694670598131 0.9823609543906563 25
1694670599582 0.8176988832110604 26
1694670600893 0.6843276320012612 27
1694670602179 0.5762991563875481 28
1694670603573 0.488796466434227 29
1694670605133 0.41791845934712635 30
1694670606744 0.3605057060763323 31
1694670608092 0.31399939180148806 32
1694670609459 0.27632709706292935 33
1694670610793 0.24581030939693496 34
1694670612178 0.22108952894020145 35
1694670613509 0.20106361941392784 36
1694670615418 0.1848406936256905 37
1694670617041 0.17169833880589286 38
1694670618315 0.1610514049148094 39
1694670619654 0.15242591727619761 40
1694670621029 0.14543794869192275 41
1694670622268 0.1397765078496571 42
1694670623837 0.13518968028959033 43
1694670625606 0.13147340348769743 44
1694670626971 0.12846237525031964 45
1694670628222 0.12602268986469814 46
1694670629602 0.12404587357569827 47
1694670630860 0.12244405341103701 48
1694670632232 0.12114604394901098 49
1694670634456 0.12009417757526965 50
1694670635740 0.11924173693906304 51
1694670637096 0.11855087517659305 52
1694670638384 0.11799093121946773 53
1694670640596 0.11753706512121812 54
1694670642842 0.11716915260096446 55
1694670644939 0.11687088955749858 56
1694670646579 0.11662906666497692 57
1694670648746 0.11643298174071441 58
1694670650938 0.11627396371437561 59
1694670653002 0.11614498700004251 60
1694670654442 0.11604035909995464 61
1694670657346 0.11595546753076733 62
1694670659030 0.11588657480541051 63
1694670661020 0.11583065234384843 64
1694670662377 0.11578524591963761 65
1694670663743 0.11574836665343723 66
1694670665107 0.11571840270210834 67
1694670666630 0.11569404771344566 68
1694670668055 0.11567424286296661 69
1694670669304 0.11565812989379028 70
1694670670630 0.11564501307040399 71
1694670671875 0.11563432835386525 72
1694670673203 0.11562561842737304 73
1694670674430 0.11561851246150014 74
1694670675782 0.11561270971928252 75
1694670677098 0.11560796627221831 76
1694670678387 0.11560408423663646 77
1694670679661 0.11560090305202 78
1694670681028 0.1155982924137024 79
1694670682286 0.11559614654593993 80
1694670683664 0.11559437956097521 81
1694670684968 0.11559292169800056 82
1694670686374 0.11559171627505324 83
1694670687817 0.11559071721856995 84
1694670689148 0.11558988706100598 85
1694670690420 0.11558919531772523 86
1694670691747 0.11558861717122262 87
1694670693142 0.11558813240439136 88
1694670694423 0.11558772453561177 89
1694670695764 0.1155873801173974 90
1694670697045 0.11558708816759669 91
1694670698361 0.11558683970802922 92
1694670699629 0.11558662739020266 93
1694670701031 0.11558644519161607 94
1694670702327 0.11558628816928605 95
1694670703671 0.11558615225966361 96
1694670704970 0.11558603411616623 97
1694670706295 0.11558593097721163 98
1694670707699 0.11558584055898932 99
1694670708979 0.11558576096829679 100
1694670710269 0.11558569063165378 101
1694670711567 0.11558562823762543 102
1694670712958 0.11558557268986461 103
1694670714299 0.11558552306885675 104
1694670715926 0.1155854786007306 105
1694670717185 0.11558543863180917 106
1694670718758 0.1155854026078248 107
1694670720173 0.11558537005692418 108
1694670721671 0.11558534057575859 109
1694670722933 0.11558531381808129 110
1694670724261 0.11558528948538847 111
1694670725615 0.11558526731922397 112
1694670727271 0.11558524709484086 113
1694670728701 0.11558522861596984 114
1694670729972 0.11558521171049252 115
1694670731289 0.11558519622685362 116
1694670732640 0.1155851820310783 117
1694670733983 0.11558516900428618 118
1694670735263 0.11558515704061179 119
1694670736648 0.11558514604546076 120
1694670737912 0.11558513593404118 121
