1694696535007 169.64084248330963 0
1694696536657 166.25062489538743 1
1694696538364 162.93501600118822 2
1694696541096 159.69230362616503 3
1694696543024 156.52081586300355 4
1694696544855 153.4189201107595 5
1694696546512 150.38502213714148 6
1694696547931 147.41756516337713 7
1694696549238 144.51502897111465 8
1694696550725 141.67592903082567 9
1694696552791 138.89881565118782 10
1694696555856 136.1822731489385 11
1694696558352 133.52491903870344 12
1694696560208 130.92540324231632 13
1694696562038 128.3824073171564 14
1694696564642 125.8946437030442 15
1694696566845 123.46085498724514 16
1694696569213 121.07981318714258 17
1694696571768 118.75031905015256 18
1694696574231 116.47120137046264 19
1694696576460 114.24131632218756 20
1694696578258 112.05954680854411 21
1694696582794 109.92480182665797 22
1694696585372 107.83601584762398 23
1694696587108 105.79214821145067 24
1694696589611 103.79218253652915 25
1694696592662 101.83512614327539 26
1694696594946 99.92000949160234 27
1694696597297 98.0458856318883 28
1694696598851 96.2118296691149 29
1694696600180 94.41693823985628 30
1694696601687 92.66032900180912 31
1694696603256 90.94114013556049 32
1694696604645 89.25852985829749 33
1694696606063 87.61167594917079 34
1694696607584 85.99977528603014 35
1694696608895 84.42204339325748 36
1694696610242 82.87771400042955 37
1694696611849 81.36603861154879 38
1694696613605 79.88628608458723 39
1694696616899 78.43774222109464 40
1694696620529 77.01970936562792 41
1694696622476 75.63150601476511 42
1694696623819 74.27246643547257 43
1694696625746 72.94194029259967 44
1694696627416 71.63929228528129 45
1694696629219 70.36390179203298 46
1694696630997 69.11516252432946 47
1694696632554 67.89248218846193 48
1694696634241 66.69528215547457 49
1694696635725 65.52299713898586 50
1694696637064 64.37507488070452 51
1694696638373 63.250975843454796 52
1694696640251 62.15017291153038 53
1694696642302 61.0721510982002 54
1694696644171 60.016407260194306 55
1694696645597 58.982449819001594 56
1694696647014 57.96979848881532 57
1694696648596 56.977984010966786 58
1694696650345 56.0065478946908 59
1694696652052 55.05504216407071 60
1694696653681 54.12302911101443 61
1694696655203 53.21008105411636 62
1694696656625 52.31578010326366 63
1694696657923 51.439717929849024 64
1694696659305 50.581495542454775 65
1694696660682 49.74072306787722 66
1694696664825 48.91701953736281 67
1694696670546 48.11001267793068 68
1694696675115 47.3193387086598 69
1694696678485 46.544642141821186 70
1694696681034 45.785575588739064 71
1694696682594 45.04179957026722 72
1694696684198 44.31298233177002 73
1694696686483 43.59879966249983 74
1694696688216 42.898934719265334 75
1694696689980 42.213077854287945 76
1694696693385 41.540926447145765 77
1694696696710 40.88218474070691 78
1694696698313 40.236563680957026 79
1694696700113 39.60378076062696 80
1694696701635 38.9835598665301 81
1694696704358 38.37563113052013 82
1694696707494 37.77973078398259 83
1694696709844 37.19560101577551 84
1694696712272 36.62298983353655 85
1694696715559 36.06165092827606 86
1694696717916 35.511343542177215 87
1694696719578 34.971832339526756 88
1694696721479 34.44288728070098 89
1694696724072 33.924283499134305 90
1694696726845 33.415801181198646 91
1694696728581 32.917225448924334 92
1694696730263 32.42834624549433 93
1694696732005 31.94895822344552 94
1694696733578 31.47886063551244 95
1694696736145 31.017857228050065 96
1694696737982 30.565756136974294 97
1694696739782 30.122369786159677 98
1694696741345 29.68751478823594 99
