1694666680172 169.64084248330963 0
1694666681476 137.2826479650575 1
1694666682817 111.34666087825056 2
1694666684102 90.33984564795685 3
1694666685464 73.32305880987265 4
1694666686805 59.534862471834785 5
1694666688037 48.36037366595993 6
1694666689400 39.30207421815406 7
1694666690670 31.957787331146157 8
1694666691989 26.001825994777295 9
1694666693336 21.169294633588144 10
1694666694910 17.248683825150305 11
1694666697018 14.065481168848175 12
1694666698689 11.481584887448028 13
1694666700281 9.383010243326298 14
1694666701443 7.6767692584647005 15
1694666702573 6.290722717810063 16
1694666703609 5.162718559159734 17
1694666704738 4.245695067506237 18
1694666705891 3.4993578498058833 19
1694666707199 2.8905625838690203 20
1694666708285 2.3952199804413388 21
1694666709358 1.9905826069402413 22
1694666710396 1.6609671691300645 23
1694666711435 1.391907364396358 24
1694666712533 1.1712054426045286 25
1694666713624 0.9913218223944227 26
1694666714744 0.8434504576915419 27
1694666715911 0.7227115522637553 28
1694666717011 0.623759924601532 29
1694666718096 0.5417674566982132 30
1694666719150 0.47489452626321565 31
1694666720134 0.41930630510958306 32
1694666721167 0.3738497770632521 33
1694666722151 0.3359383200531358 34
1694666723211 0.3048326310553044 35
1694666724239 0.27918812581743824 36
1694666725263 0.25733573255323916 37
1694666726358 0.2396028353697596 38
1694666727395 0.22441968929504505 39
1694666728395 0.21204653525006134 40
1694666729393 0.2014058049504936 41
1694666730439 0.19268674996172871 42
1694666731455 0.18516074096479992 43
1694666732525 0.17895095427957364 44
1694666733601 0.1735767889353332 45
1694666734579 0.16910410744363108 46
1694666735653 0.16522889785436487 47
1694666736670 0.16196957838363493 48
1694666737701 0.15914791398632325 49
1694666738817 0.15674441714251194 50
1694666739961 0.1546703304358176 51
1694666741005 0.15287679023214587 52
1694666742020 0.1513384817196725 53
1694666743048 0.1499844394720732 54
1694666744011 0.14883405314524206 55
1694666745067 0.1478002613003727 56
1694666746043 0.14693363346318622 57
1694666747088 0.1461358519418378 58
1694666748133 0.14547888467206652 59
1694666749138 0.1448569822081212 60
1694666750110 0.1443564293063703 61
1694666751124 0.14386701569989852 62
1694666752172 0.14348421715230594 63
1694666753214 0.14309563328925748 64
1694666754272 0.14280222738623077 65
1694666755373 0.14249111567564168 66
1694666756494 0.1422660833883067 67
1694666757570 0.14201502229682092 68
1694666758674 0.14184263365601482 69
1694666759706 0.14163849242740353 70
1694666760698 0.14150686712802232 71
1694666761716 0.14133965085002956 72
1694666762744 0.14123973985883165 73
1694666763762 0.14110177067411026 74
1694666764766 0.14102662852583323 75
1694666765895 0.14091195905400364 76
