1694448065453 -239.32384704812614 0
1694448066201 -193.48320114987766 1
1694448066984 -156.76922940296544 2
1694448067667 -127.18952782344937 3
1694448068400 -103.33695547192973 4
1694448069092 -84.08485383077685 5
1694448069767 -68.52979502191184 6
1694448070565 -55.9482908911657 7
1694448071273 -45.759880073120804 8
1694448072229 -37.49806705778894 9
1694448073440 -30.79009227253212 10
1694448074645 -25.3352822759872 11
1694448076037 -20.891632246288047 12
1694448077180 -17.266558060170297 13
1694448078656 -14.303375350089015 14
1694448079984 -11.876429110912051 15
1694448082092 -9.883746945522446 16
1694448083177 -8.245208274008455 17
1694448084654 -6.894209459022292 18
1694448086287 -5.7775286980632865 19
1694448087267 -4.851443050850767 20
1694448088218 -4.082518353556127 21
1694448089146 -3.4418199804002416 22
1694448089989 -2.9058380021257926 23
1694448090775 -2.457122686697732 24
1694448091772 -2.0799331978412554 25
1694448092866 -1.7618987210907844 26
1694448093701 -1.49235631747647 27
1694448094397 -1.264165592901342 28
1694448095081 -1.0699992399075726 29
1694448096002 -0.9037914700909127 30
1694448096934 -0.761919459482141 31
1694448098009 -0.6401355947996641 32
1694448099531 -0.5348517265518069 33
1694448100965 -0.44432693264822976 34
1694448101872 -0.365995077318942 35
1694448102653 -0.2976219443316801 36
1694448103514 -0.23849212222856053 37
1694448104649 -0.18697207437331875 38
1694448105848 -0.1415792810270342 39
1694448106816 -0.10217155634052477 40
1694448107679 -0.06732397359099807 41
1694448108517 -0.03694850705058861 42
1694448109411 -0.0102597093266521 43
1694448110128 0.013573069398549742 44
1694448110834 0.034338998460164305 45
1694448111556 0.052922927455159585 46
1694448112425 0.06916637735199971 47
1694448113170 0.08350344390216202 48
1694448113854 0.09649522071375605 49
1694448114435 0.10777955326649846 50
1694448115096 0.1180137392266295 51
1694448116017 0.12692635327687296 52
1694448116826 0.1350143262527863 53
1694448117464 0.14207352940022466 54
1694448118110 0.14829968768180424 55
1694448118965 0.15408517299611146 56
1694448119602 0.15903313906455752 57
1694448120224 0.16362766672590012 58
1694448120801 0.16756702494032427 59
1694448121517 0.17122274454952058 60
1694448122133 0.17436335099563538 61
1694448122719 0.17710413111540013 62
1694448123353 0.1797799954171695 63
1694448124532 0.181969767097657 64
1694448125427 0.184102350086085 65
1694448126201 0.18585355391834357 66
1694448127242 0.18755584992353247 67
1694448128202 0.18895700501811918 68
1694448129705 0.19014509180526784 69
1694448132032 0.19143536429980457 70
1694448134438 0.19238818309658023 71
1694448135613 0.1934174193795445 72
1694448136517 0.19418192844498727 73
1694448137374 0.19500469490849415 74
1694448138777 0.19561794700572654 75
1694448140359 0.19627676369677483 76
1694448141381 0.1967683014572904 77
1694448142424 0.19713992560474958 78
1694448143497 0.1976845592564166 79
1694448145653 0.19798476703966994 80
1694448149251 0.19841916259966375 81
1694448152146 0.19866153187606828 82
1694448156294 0.19900933207532379 83
1694448157966 0.19920454672096954 84
1694448158917 0.199483866266575 85
1694448159950 0.1996405482094349 86
1694448160787 0.199711753627151 87
1694448161681 0.19998463320650173 88
1694448162737 0.20004427598796992 89
1694448163604 0.20026147855719256 90
1694448164410 0.20031111287319003 91
1694448165183 0.20048525346877488 92
1694448166006 0.20052599541339777 93
1694448166770 0.20066642360060172 94
1694448167502 0.20069926360935053 95
