1694710916541 62.06256049876579 0
1694710918186 23.85296017622358 1
1694710919599 10.923584924476692 2
1694710921187 7.515120480856682 3
1694710923065 7.391974156697346 4
1694710924707 4.501355693484718 5
1694710926393 4.509228281396993 6
1694710928165 4.347158037760235 7
1694710929715 4.99902908465026 8
1694710931530 4.949509463126025 9
1694710933351 4.073427251840182 10
1694710935403 5.3398272692247 11
1694710937076 4.158265035788657 12
1694710939277 5.073005946581718 13
1694710941315 5.363391662408058 14
1694710944613 4.936525362778493 15
1694710948541 5.299277546873098 16
1694710951047 4.705040870569801 17
1694710953031 5.125708420896345 18
1694710954985 4.569848963362757 19
1694710956396 5.344642761528876 20
1694710958159 4.431634745569143 21
1694710960444 5.010450075623116 22
1694710962186 4.518503690641799 23
1694710965450 5.034202740340808 24
1694710967272 4.230359426269159 25
1694710969607 5.095210342308123 26
1694710972417 4.603020817426051 27
1694710975400 4.897130298877073 28
1694710977477 4.907818997274312 29
1694710980220 4.290829917949133 30
1694710983504 4.566721494502137 31
1694710985668 4.348980557881129 32
1694710987546 4.928347546426952 33
1694710989443 5.167663844909056 34
1694710991233 4.7006182466759725 35
1694710992760 5.0670220441501055 36
1694710994806 5.089753994680589 37
1694710997447 4.449340198153579 38
1694710999146 4.531779621494133 39
1694711000778 5.467596025264778 40
1694711002854 4.517189402741675 41
1694711005835 5.347677062598643 42
1694711008234 4.381670234823353 43
1694711010292 5.178031538956032 44
1694711011746 4.68999650290709 45
1694711013189 5.371355210079682 46
1694711014911 5.62559507518274 47
1694711018392 4.250823030877589 48
1694711020070 4.782364680274837 49
1694711021767 4.707899037183692 50
1694711023215 4.951006364582484 51
1694711024727 4.729854585228883 52
1694711026351 5.213115195626073 53
1694711027924 4.530230036133313 54
1694711029959 4.525087776617291 55
1694711031676 5.118904556056142 56
1694711033181 5.06015290514098 57
1694711034785 4.1233543532744035 58
1694711036294 4.2440609960965965 59
1694711037588 4.295128557927759 60
1694711038967 4.206208637947675 61
1694711041068 4.965009190185091 62
1694711043797 5.139461963886163 63
1694711046479 4.3447085779965775 64
1694711048642 4.7434801927055705 65
1694711050948 5.420475675744395 66
1694711052579 4.576577530790831 67
1694711054256 4.753745338413529 68
1694711056268 4.909021190352242 69
1694711058291 4.893474766298626 70
1694711060164 4.767637097865425 71
1694711061671 4.978102616036066 72
1694711063081 4.987149215604951 73
1694711064504 5.1909176449978345 74
1694711065943 4.168008833225028 75
1694711067561 4.409221233750299 76
1694711069089 4.899641325797863 77
1694711070797 5.56803241199879 78
1694711072555 4.904834453785454 79
1694711074408 4.413915800816355 80
1694711076466 4.730832704303278 81
1694711079178 4.342918191507205 82
1694711080652 4.552249892868671 83
1694711082597 4.51504528161528 84
1694711085413 4.566513996603079 85
1694711087351 4.65150362602386 86
1694711089722 4.266437223303115 87
1694711092875 4.659005537697962 88
1694711095326 5.295814615585221 89
1694711098190 5.908197077416856 90
1694711100084 5.65085919106926 91
1694711101708 3.9869801143583543 92
1694711103324 4.9616645138143225 93
1694711105420 4.73149739763239 94
1694711107070 5.040708991720721 95
1694711108889 4.8956522603930175 96
1694711110943 5.164246715416046 97
1694711113616 3.9991408068814955 98
1694711116062 5.830125186631653 99
