1694340861055 -6.90126008303765 0
1694340861559 -6.086911706875131 1
1694340862083 -10.505009097306408 2
1694340862470 -5.244776439533406 3
1694340862856 -4.4641576312653415 4
1694340863226 -3.5257611845046695 5
1694340863589 -7.864726794898919 6
1694340863928 -7.285315927169481 7
1694340864283 -9.406930292247393 8
1694340864642 -5.067740950319959 9
1694340865000 -4.325626005534723 10
1694340865360 -7.305981535018166 11
1694340865726 -7.25833126434115 12
1694340866089 -4.558531267839743 13
1694340866435 -6.57127242703168 14
1694340866807 -4.618922180564851 15
1694340867233 -5.965941323920143 16
1694340867809 -6.699983100328292 17
1694340868479 -4.847178386901285 18
1694340869148 -5.860005132474611 19
1694340869820 -5.276465452138236 20
1694340870597 -6.464287172288119 21
1694340871285 -4.544335235088277 22
1694340872150 -4.6500344445094814 23
1694340872865 -5.0900118439743665 24
1694340873542 -3.789437966686452 25
1694340874179 -7.522073387174329 26
1694340874970 -7.474902471786143 27
1694340875960 -4.340650053711235 28
1694340876594 -5.372586731639938 29
