1694343954655 -5.651951833966279 0
1694343955042 -14.54314477049388 1
1694343955432 -5.004124310774055 2
1694343955794 -6.59463639485551 3
1694343956184 -5.140275090073846 4
1694343956567 -6.579804560618193 5
1694343956986 -7.107178468426643 6
1694343957421 -5.905450921420977 7
1694343957840 -5.960599192789122 8
1694343958208 -4.349499191321167 9
1694343958573 -9.51268989156891 10
1694343958907 -4.665977542293132 11
1694343959253 -4.780063813299864 12
1694343959605 -8.870749150353296 13
1694343959983 -8.302948673924936 14
1694343960364 -6.451339162040499 15
1694343960750 -4.622834827514352 16
1694343961127 -6.820120719594468 17
1694343961528 -3.918793204227721 18
1694343961924 -6.100987739029623 19
1694343962284 -9.201598655894502 20
1694343962657 -8.35563047908742 21
1694343963018 -7.662102938213049 22
1694343963374 -7.049598729826439 23
1694343963738 -4.038100980316025 24
1694343964153 -7.25448141772984 25
1694343964566 -6.802920751703546 26
1694343964988 -7.183532130675793 27
1694343965402 -7.381139290407113 28
1694343965827 -7.4023989737156555 29
1694343966201 -7.9356626354906865 30
1694343966612 -6.696011032097528 31
1694343967142 -6.71597439151368 32
1694343968158 -9.619805552265081 33
1694343968839 -6.089167104316554 34
1694343969406 -4.4211516475893085 35
1694343970008 -6.719629437828335 36
1694343970953 -7.709743103032471 37
1694343971502 -5.0851116304896005 38
1694343971964 -9.272315745421855 39
1694343972704 -6.350315938021193 40
1694343973159 -4.152189378331139 41
1694343973739 -6.206448023415368 42
1694343974220 -4.3417016018239565 43
1694343974780 -4.836738205653296 44
1694343975165 -7.14050009262451 45
1694343975543 -6.4275357157872275 46
1694343976072 -4.908016981992495 47
1694343976457 -9.553778082105332 48
1694343976932 -6.923190530860052 49
1694343977492 -5.702006702504484 50
1694343977961 -8.111091539485408 51
1694343978393 -6.04027908760989 52
1694343978810 -9.007922933204455 53
1694343979251 -6.041069006350803 54
1694343979671 -4.320572113737443 55
1694343980075 -5.412960764618328 56
1694343980487 -4.5678299495671855 57
1694343980937 -3.563246132297622 58
1694343981361 -4.665266933286152 59
1694343981772 -5.586150803353313 60
1694343982140 -5.239141708766259 61
1694343982551 -4.0086002000815855 62
1694343982936 -7.242526804963493 63
1694343983286 -6.703338466787911 64
1694343983648 -4.53644592361136 65
1694343984023 -7.298546538376941 66
1694343984430 -8.390647680782184 67
1694343984848 -8.784300965833069 68
1694343985241 -6.757894345149529 69
1694343985638 -5.041689471780688 70
1694343986010 -9.456026018776257 71
1694343986362 -3.2752793606446335 72
1694343986736 -5.752359487484962 73
1694343987104 -4.738556716146161 74
1694343987490 -10.866542034049386 75
1694343987854 -3.7947464462996843 76
1694343988202 -5.417202899583195 77
1694343988571 -7.139630854203729 78
1694343988939 -5.83108914591032 79
1694343989286 -6.405588301555495 80
1694343989662 -6.899595221186533 81
1694343990027 -9.269166974172862 82
1694343990384 -3.8160595264520474 83
1694343990759 -7.298705182220852 84
1694343991110 -3.757442952577305 85
1694343991473 -5.322464916252523 86
1694343991835 -6.806258222465659 87
1694343992191 -9.723106495033075 88
1694343992529 -13.390760203983769 89
1694343992892 -5.544360334786566 90
1694343993240 -6.959976022053882 91
1694343993624 -5.549253616905392 92
1694343993998 -8.406237921973975 93
1694343994376 -8.020724064814592 94
1694343994730 -6.977601271335787 95
1694343995076 -5.809996535639176 96
1694343995440 -5.016055880361094 97
1694343995804 -7.598711314491913 98
1694343996157 -9.68580142145959 99
1694343996514 -7.539881654905306 100
1694343996872 -6.920965088660662 101
1694343997245 -5.026075838011515 102
1694343997629 -4.49267941771186 103
1694343998000 -6.676280303384353 104
1694343998391 -10.902702769256688 105
1694343998749 -7.351247339568943 106
1694343999070 -4.859267827985865 107
1694343999438 -6.251665347039434 108
1694343999786 -3.650677236095045 109
1694344000146 -7.598202538351515 110
1694344000525 -6.8661451989494005 111
1694344000902 -5.229588135556011 112
1694344001302 -5.394358677421419 113
1694344001694 -6.831559520010896 114
1694344002073 -5.895815440830986 115
1694344002460 -3.771181481199653 116
1694344002860 -7.279626663253961 117
1694344003219 -7.223439414561707 118
1694344003571 -5.747664871527918 119
1694344003963 -11.41670516013654 120
1694344004434 -6.115793189237914 121
1694344004912 -4.95558481498944 122
1694344005349 -5.762596305069022 123
1694344005753 -7.215340166027913 124
1694344006113 -8.840430689087913 125
1694344006487 -7.0937953411925445 126
1694344006854 -6.613267068754919 127
1694344007219 -4.7110572484571485 128
1694344007627 -6.887007648026223 129
1694344008029 -5.374532338387441 130
1694344008388 -6.9426731685464205 131
1694344008784 -9.056349664481456 132
1694344009178 -5.27466590779804 133
1694344009588 -8.02679296762023 134
1694344009970 -3.487869310659285 135
1694344010329 -5.4680954959116 136
1694344010706 -7.485014948773937 137
1694344011096 -8.004108971482069 138
1694344011452 -4.997405903469173 139
1694344011824 -5.290404023550364 140
1694344012176 -4.655681136222443 141
1694344012538 -5.219942886157972 142
1694344012907 -13.165392613460755 143
1694344013269 -5.240584714971832 144
1694344013649 -6.869385835100173 145
1694344014025 -5.007341874092782 146
1694344014391 -5.6429951364800095 147
1694344014780 -6.97520354622349 148
1694344015151 -3.1780396264425885 149
1694344015524 -7.391517064367665 150
1694344015895 -8.79753812469542 151
1694344016293 -8.312047209413084 152
1694344016687 -6.66715530098563 153
1694344017101 -4.416430813620473 154
1694344017535 -8.06673281155625 155
1694344017959 -8.53062894777017 156
1694344018398 -9.070595349787446 157
1694344018803 -5.570954950489386 158
1694344019210 -13.911287037859047 159
1694344019595 -5.639734441135259 160
1694344019979 -7.017179031966853 161
1694344020331 -5.512249927316976 162
1694344020719 -3.5377576833502413 163
1694344021084 -4.04728671197747 164
1694344021460 -6.467768982389937 165
1694344021846 -5.386114474619438 166
1694344022206 -6.729165480719824 167
1694344022560 -5.18595841206409 168
1694344022928 -3.1609203550579323 169
1694344023272 -3.8278910393844043 170
1694344023654 -5.3030542047754325 171
1694344024030 -9.308078824856452 172
1694344024418 -6.267780915634492 173
1694344024813 -5.82122143577373 174
1694344025270 -7.941917227989382 175
1694344025675 -6.419644962342174 176
1694344026083 -3.763043325948864 177
1694344026473 -5.489824357684058 178
1694344026867 -4.856072851355632 179
1694344027266 -2.924587988103135 180
1694344027714 -5.396858856750414 181
1694344028053 -12.867556050125895 182
1694344028388 -4.427665549357066 183
1694344028688 -11.191432059933033 184
1694344029012 -5.9637950715625365 185
1694344029337 -5.5822700402758 186
1694344029663 -10.16820500164883 187
1694344029970 -8.58148204099565 188
1694344030280 -8.490023153151848 189
1694344030578 -10.599559129754315 190
1694344030879 -9.772909608426955 191
1694344031175 -3.433136410656033 192
1694344031465 -3.29298539823687 193
1694344031769 -3.750714940907553 194
1694344032085 -5.367622741097072 195
1694344032405 -6.581186882071002 196
1694344032741 -5.5709994484934535 197
1694344033177 -14.106254658448035 198
1694344033642 -4.74125051706262 199
1694344034104 -5.57441224186833 200
1694344034562 -11.58185267402005 201
1694344034999 -5.76134726608768 202
1694344035421 -9.55080328170107 203
1694344035853 -6.15176676219397 204
1694344036286 -6.413661006428169 205
1694344036757 -4.504440958323979 206
1694344037447 -5.733008108404973 207
1694344037986 -7.839585442543298 208
1694344038383 -5.119641982127764 209
1694344038766 -5.003724067373777 210
1694344039141 -4.282126586130638 211
1694344039514 -8.32471702683207 212
1694344039908 -7.706709164386083 213
1694344040271 -4.999051542862696 214
1694344040620 -5.866353933058974 215
1694344041007 -5.2006450345694715 216
1694344041404 -3.137894633238476 217
1694344041774 -7.2711183160428785 218
1694344042145 -4.747059588581254 219
1694344042521 -8.017281587062673 220
1694344042870 -6.660048926324575 221
1694344043228 -6.803340394135178 222
1694344043571 -5.668114594179488 223
1694344043912 -5.774756761754775 224
1694344044307 -5.4657074896492635 225
1694344044707 -7.943848425710767 226
1694344045118 -4.714944512232455 227
1694344045541 -6.354201919496661 228
1694344045944 -7.123758083065967 229
1694344046335 -5.280812147192183 230
1694344046705 -3.677929561433209 231
1694344047096 -6.777163855674341 232
1694344047479 -7.453704444508142 233
1694344047872 -7.820050630600729 234
1694344048256 -6.596713328754576 235
1694344048650 -4.463620487731553 236
1694344049022 -4.343277652743583 237
1694344049412 -6.386167754937185 238
1694344049807 -6.445062654738614 239
1694344050176 -6.7661776203120985 240
1694344050553 -4.825215279699835 241
1694344050943 -6.936293292547381 242
1694344051322 -6.5005443011236315 243
1694344051711 -4.458730193808945 244
1694344052078 -8.58667552509933 245
1694344052450 -4.790942920820899 246
1694344052816 -5.319938110863757 247
1694344053195 -7.213027875006727 248
1694344053550 -6.769515650462281 249
1694344053923 -4.612711810512489 250
1694344054328 -4.04702191045555 251
1694344054714 -6.8377173409548915 252
1694344055102 -2.966850942641645 253
1694344055493 -9.308385661385202 254
1694344055909 -7.031839280320151 255
1694344056341 -6.593063290888268 256
1694344056783 -4.394836795053061 257
1694344057630 -16.5286214378069 258
1694344058357 -7.306530883034414 259
1694344058913 -6.027204216046401 260
1694344059527 -3.5959673256667966 261
1694344060624 -5.197418764136645 262
1694344061299 -8.438735783725015 263
1694344061841 -5.750849162607355 264
1694344062349 -5.352577464631892 265
1694344062871 -4.734167782775549 266
1694344063354 -4.652052068392197 267
1694344063864 -9.951447307643527 268
1694344064397 -7.297415987858965 269
1694344065031 -8.525425410507419 270
1694344065539 -5.999428164334903 271
1694344066054 -5.85549289319245 272
1694344066546 -6.438762358167226 273
1694344066958 -7.726932324902506 274
1694344067448 -5.852416381603969 275
1694344067882 -4.316864219207318 276
1694344068348 -7.862254790087645 277
1694344068786 -4.930473145105038 278
1694344069237 -5.9401163505084105 279
1694344069683 -7.470303289134856 280
1694344070104 -4.310751271421571 281
1694344070513 -9.456750451054228 282
1694344070907 -4.333873192560999 283
1694344071309 -8.216544764138362 284
1694344071684 -5.513048928712147 285
1694344072091 -8.632972585331634 286
1694344072514 -8.009633252243745 287
1694344072883 -6.04296969879247 288
1694344073268 -8.772141687430688 289
1694344073658 -6.854186403285784 290
1694344074011 -7.402323980549081 291
1694344074405 -4.028667887201223 292
1694344074765 -8.077454710611503 293
1694344075106 -7.053354146459764 294
1694344075471 -3.6515706395765086 295
1694344075822 -8.942846469658896 296
1694344076180 -7.096171477507157 297
1694344076518 -10.316760029277637 298
1694344076883 -11.925588325260088 299
1694344077273 -6.0258499833327175 300
1694344077690 -6.5746566158848285 301
1694344078073 -5.567210964449205 302
1694344078470 -3.626720962334182 303
1694344078845 -6.848647084122069 304
1694344079191 -5.001719123067564 305
1694344079522 -10.069484017855812 306
1694344079867 -7.310235107103649 307
1694344080232 -5.0531575079115845 308
1694344080588 -4.74293130516784 309
1694344080955 -6.560030317818796 310
1694344081385 -9.693390680310763 311
1694344081757 -5.569256823430502 312
1694344082129 -5.440148816556419 313
1694344082485 -5.301615212988433 314
1694344082850 -4.650560797710217 315
1694344083193 -4.788014177899677 316
1694344083541 -6.009680668577524 317
1694344083888 -4.583303702546306 318
1694344084265 -6.207095062639394 319
1694344084631 -5.140271487482221 320
1694344085017 -5.035669938650045 321
1694344085395 -4.933073877489169 322
1694344085780 -5.374762436098118 323
1694344086135 -5.956378336022155 324
1694344086493 -10.507003579828249 325
1694344086863 -4.976188957353542 326
1694344087211 -4.059871178253609 327
1694344087553 -5.170946959885148 328
1694344087838 -7.095285885002578 329
1694344088143 -5.341440406144185 330
1694344088433 -2.3573245211083123 331
1694344088758 -12.169855860684116 332
1694344089066 -8.02428872485621 333
1694344089368 -6.689444490819257 334
1694344089687 -6.510394758275407 335
1694344089991 -5.119240127075177 336
1694344090282 -5.108508378980259 337
1694344090576 -5.608660740717659 338
1694344090872 -5.985242148739065 339
1694344091151 -4.334306768061704 340
1694344091450 -6.649040449341268 341
1694344091746 -4.814829124008516 342
1694344092040 -9.634832285891319 343
1694344092326 -7.0357287844640535 344
1694344092697 -6.465259696616522 345
1694344093101 -7.074756277595295 346
1694344093461 -9.158621221131355 347
1694344093819 -7.490582359121465 348
1694344094198 -11.064219707093567 349
1694344094587 -4.49781898611059 350
1694344094939 -3.738986642945596 351
1694344095304 -6.14851842984128 352
1694344095668 -7.545072075414437 353
1694344096020 -8.41498904590733 354
1694344096386 -4.38588734793167 355
1694344096766 -4.404159381129347 356
1694344097139 -5.137868760510973 357
1694344097528 -5.303704335317185 358
1694344097913 -3.702126546706845 359
1694344098277 -5.581256706447828 360
1694344098648 -7.557518356611789 361
1694344099004 -7.92826042522651 362
1694344099358 -7.3036282326647886 363
1694344099728 -4.914643864565738 364
1694344100083 -6.7638583015059845 365
1694344100429 -8.36788752320957 366
1694344100792 -8.757737349185648 367
1694344101172 -8.776037670574613 368
1694344101552 -5.324803686849518 369
1694344101919 -4.885924102971514 370
1694344102251 -6.125431054903937 371
1694344102594 -2.665248054615123 372
1694344102932 -3.480785683216622 373
1694344103291 -6.543004234433432 374
1694344103621 -4.813148607940906 375
1694344103979 -4.557011305234429 376
1694344104347 -8.099559742611923 377
1694344104732 -5.478463944535264 378
1694344105119 -8.2875291017151 379
1694344105477 -8.058213962741416 380
1694344105845 -5.743827072424827 381
1694344106238 -10.323130002182038 382
1694344106629 -6.334600529682011 383
1694344107036 -6.300692065241615 384
1694344107451 -10.596478775262026 385
1694344107876 -4.113015575686885 386
1694344108258 -7.646247212377357 387
1694344108658 -4.491797382172565 388
1694344109040 -7.558090759971893 389
1694344109407 -4.837518075468814 390
1694344109786 -11.375551920220293 391
1694344110141 -8.060748958380062 392
1694344110496 -6.860618886247526 393
1694344110853 -7.949391534234572 394
1694344111182 -7.390337129604763 395
1694344111549 -4.59605729259252 396
1694344111928 -9.108051981702765 397
1694344112310 -7.401439252669727 398
1694344112687 -5.584005099819324 399
1694344113070 -7.195907975344548 400
1694344113447 -5.346176049374505 401
1694344113875 -4.196314375518084 402
1694344114296 -7.866809802388472 403
1694344114704 -5.723792721747875 404
1694344115101 -10.152514701074448 405
1694344115504 -4.7007331396459975 406
1694344115917 -4.750091523750532 407
1694344116295 -8.612836881694886 408
1694344116680 -6.7164463311725395 409
1694344117065 -7.855642238400314 410
1694344117462 -4.538549786695169 411
1694344117849 -6.023148132717188 412
1694344118215 -7.094775799466159 413
1694344118592 -6.971199355952559 414
1694344118930 -8.134759160628356 415
1694344119275 -15.827503462567606 416
1694344119652 -7.8556869727837935 417
1694344119994 -5.004883133337457 418
1694344120337 -5.2941963916589065 419
1694344120686 -4.036531224058181 420
1694344121056 -10.21778560751813 421
1694344121454 -6.315879127279132 422
1694344121843 -6.5260019537220275 423
1694344122247 -5.300826244665989 424
1694344122651 -8.05143017141624 425
1694344123078 -4.43454153359818 426
1694344123497 -3.149700616066922 427
1694344123927 -4.2638674701095285 428
1694344124428 -4.862667486356573 429
1694344125036 -7.848207575260092 430
1694344125540 -5.50516518124716 431
1694344126107 -5.554246470642896 432
1694344126581 -3.906432679380738 433
1694344127014 -5.915766702002485 434
1694344127434 -4.460525045910074 435
1694344127820 -8.663964309021571 436
1694344128190 -6.98734160140194 437
1694344128579 -5.025640551904631 438
1694344128991 -5.169595709128413 439
1694344129393 -4.702788619867814 440
1694344129805 -5.285654272141411 441
1694344130171 -4.15416541264063 442
1694344130541 -10.881057534957339 443
1694344130881 -4.9834628137056205 444
1694344131231 -8.158281311303057 445
1694344131596 -9.705740833467008 446
1694344132063 -6.09908777521728 447
1694344132542 -5.888223082819307 448
1694344133162 -8.619143582895532 449
1694344133829 -6.870339920940109 450
1694344134472 -7.169505462145773 451
1694344134922 -6.59154813158007 452
1694344135402 -4.040223972589192 453
1694344135902 -7.317780217660234 454
1694344136401 -6.9258315033171405 455
1694344136787 -8.795903166126427 456
1694344137147 -6.000543016853103 457
1694344137663 -6.952555659587592 458
1694344138075 -6.596920630872316 459
1694344138517 -14.105638347353997 460
1694344139078 -7.5716706250188945 461
1694344139744 -8.671059124037713 462
1694344140339 -7.5535829812517274 463
1694344141042 -4.842378285595668 464
1694344141667 -6.831722449115005 465
1694344142616 -4.984236535648862 466
1694344143831 -7.623661166593109 467
1694344145396 -6.162417624974016 468
1694344148456 -6.560987611979707 469
1694344149250 -8.17247766676421 470
1694344150018 -5.790367956059389 471
1694344150611 -7.157960504729161 472
1694344151475 -5.334051169073715 473
1694344152105 -4.605792091459264 474
1694344152578 -13.29962865223966 475
1694344153167 -8.369419745276373 476
1694344154174 -5.124041851353951 477
1694344155160 -6.541754733361552 478
1694344155793 -5.28099649993473 479
1694344156780 -7.308201627034752 480
1694344157580 -4.58475050410779 481
1694344158743 -7.282822559292141 482
1694344159298 -7.8043081278777855 483
1694344159790 -5.861897622054085 484
1694344160326 -5.211450946791308 485
1694344160910 -6.227251552832304 486
1694344161658 -6.535692187035444 487
1694344162194 -7.839605459278825 488
1694344162679 -5.623626258963438 489
1694344163177 -4.571139751764595 490
1694344163625 -9.065639059333781 491
1694344164106 -6.031252684181412 492
1694344164621 -5.474105751457843 493
1694344165156 -4.629029360295782 494
1694344165804 -4.720616116693087 495
1694344166504 -4.472834832667974 496
1694344167037 -5.02780933401229 497
1694344167606 -7.365124085478493 498
1694344168036 -6.8416490311939775 499
