1694684411202 169.42924729476263 0
1694684412497 155.22103201302912 1
1694684413911 132.3912638171706 2
1694684415215 107.99636161752035 3
1694684416536 87.97973580064833 4
1694684417816 75.4766697761252 5
1694684419137 70.41362459782066 6
1694684420379 70.27820254069717 7
1694684421631 71.55531727680956 8
1694684422943 71.1948244606607 9
1694684424162 67.59309722023573 10
1694684425404 60.846357689823506 11
1694684426621 52.339189956458846 12
1694684427860 43.953886294910525 13
1694684429265 37.26301353999831 14
1694684430466 33.00029581347221 15
1694684431712 30.94581248338903 16
1694684433042 30.185244813296826 17
1694684434343 29.575699967690458 18
1694684435677 28.208404181117057 19
1694684437172 25.699947472101897 20
1694684438430 22.237838609552927 21
1694684439687 18.409059998371237 22
1694684441038 14.91347840648782 23
1694684442236 12.286748201408916 24
1694684443417 10.731052893520337 25
1694684444666 10.095287094169754 26
1694684445983 9.985089240350185 27
1694684447207 9.940213368087319 28
1694684448463 9.604021942573711 29
1694684449732 8.826330055349956 30
1694684450968 7.675182433622602 31
1694684452171 6.369869824928109 32
1694684453405 5.173107621808203 33
1694684454618 4.287778443646242 34
1694684455803 3.79369510258545 35
1694684457398 3.6392240881227798 36
1694684458995 3.6805907153215696 37
1694684460283 3.74629534917455 38
1694684461614 3.6994888283997778 39
1694684462850 3.4769657700719945 40
1694684464063 3.095632270125576 41
1694684465370 2.6303912143499906 42
1694684466552 2.1765958976052118 43
1694684467785 1.8130572443149555 44
1694684469062 1.578279162023591 45
1694684470279 1.4654892221456024 46
1694684471547 1.4343628207067067 47
1694684472762 1.4319169414948876 48
1694684474072 1.4133469047968157 49
1694684475279 1.3554689291259812 50
1694684476518 1.2595400656234867 51
1694684477772 1.1446632208785823 52
1694684479039 1.0361086730452258 53
1694684480392 0.9538400476171395 54
1694684481643 0.905404684416034 55
1694684482851 0.8849452379812682 56
1694684484084 0.8775194771074821 57
1694684485353 0.8661331534669601 58
1694684486563 0.8383862826057082 59
1694684487740 0.7903451652988327 60
1694684488985 0.726695731318232 61
1694684490158 0.6577526847305215 62
1694684491420 0.5949338677617627 63
1694684492704 0.5465784254147243 64
1694684493855 0.5155351526168139 65
1694684495029 0.4990675362323414 66
1694684496303 0.4907062039067529 67
1694684497680 0.4830597966395832 68
1694684498899 0.47043710264475014 69
1694684500122 0.4504077405380517 70
1694684501366 0.4239590750423564 71
1694684502554 0.3944591072765805 72
1694684503729 0.36601061130031937 73
1694684504950 0.34188197905468204 74
1694684506114 0.3235418691610281 75
1694684507314 0.3105124747299089 76
1694684508506 0.3009289882357839 77
1694684509704 0.2924683879403972 78
1694684510965 0.2832480335991325 79
1694684512316 0.272384449929066 80
1694684513505 0.260083840581306 81
1694684514780 0.2473266913409763 82
1694684516069 0.2353400489786138 83
1694684517316 0.2250879363890862 84
1694684518690 0.21695824870370065 85
1694684519910 0.2107192199564758 86
1694684521203 0.20570790412350182 87
1694684522526 0.2011374888151335 88
1694684523834 0.1963897931025128 89
1694684525316 0.19119060702900104 90
1694684526516 0.185627429396364 91
1694684527741 0.18003363612928067 92
1694684529053 0.1748066020894602 93
1694684530254 0.1702382435156753 94
1694684531432 0.16641711838331255 95
1694684532665 0.16322427924545857 96
1694684533943 0.16040707785025746 97
1694684535316 0.1576898847689485 98
1694684536627 0.15487486478633292 99
1694684538268 0.1518980117832864 100
1694684539823 0.1488279676672949 101
1694684541303 0.14581786389429668 102
1694684542519 0.1430353614148942 103
1694684544229 0.14059934050470996 104
1694684547269 0.1385442862680597 105
1694684548971 0.13681991743334032 106
1694684550404 0.13531991065915475 107
1694684551930 0.13392454841228876 108
1694684553505 0.1325400761384001 109
1694684554819 0.1311219092896066 110
1694684556174 0.12967685377045432 111
1694684557600 0.12824768869769476 112
1694684558922 0.1268889091319767 113
1694684560390 0.12564375376403114 114
1694684562559 0.12453017765387 115
1694684564443 0.12353877290657604 116
1694684565962 0.12264085348777753 117
1694684567609 0.12180171329964293 118
1694684569226 0.12099325917240747 119
1694684570702 0.12020162540930182 120
1694684572059 0.11942806053404405 121
1694684573335 0.11868413522023545 122
1694684574608 0.117984156692935 123
1694684576084 0.11733811461786836 124
1694684577629 0.11674764169093065 125
1694684579169 0.1162058987994882 126
1694684580611 0.11570069502946065 127
1694684581829 0.11521910623600762 128
1694684583085 0.11475163311299666 129
1694684584336 0.11429446507149633 130
1694684585674 0.11384936065718651 131
1694684587022 0.11342160165317107 132
1694684588284 0.11301708695864798 133
1694684589559 0.11263974845789622 134
1694684590721 0.11229014398810756 135
1694684591930 0.11196551059746869 136
1694684593128 0.11166099326696546 137
1694684594293 0.11137140124342315 138
1694684595522 0.11109277698521887 139
1694684596928 0.11082326046219516 140
1694684598118 0.11056307509512041 141
1694684599307 0.11031380249909721 142
1694684600577 0.11007733164621376 143
1694684601870 0.10985491002104297 144
1694684603175 0.10964660820530446 145
1694684604356 0.10945130579492407 146
1694684605630 0.10926710377294538 147
1694684606807 0.10909193760397498 148
1694684608041 0.10892413866794987 149
1694684609253 0.10876275862120616 150
1694684610437 0.10860759030652528 151
1694684611629 0.10845893800229074 152
1694684612980 0.10831726712509777 153
1694684614173 0.1081828798692478 154
1694684615405 0.10805572479302665 155
1694684616627 0.10793537935961064 156
1694684617870 0.10782117530820755 157
1694684619104 0.10771239200725172 158
1694684620320 0.10760843373493283 159
1694684621478 0.1075089294720468 160
1694684622665 0.10741373398414433 161
1694684623860 0.10732284892997036 162
1694684625125 0.10723630819134163 163
1694684626288 0.10715407623207103 164
1694684627558 0.10707599438791163 165
1694684628849 0.10700178607881577 166
1694684630174 0.10693110850075131 167
1694684631405 0.106863623730144 168
1694684632611 0.10679905997405628 169
1694684633877 0.10673724241693745 170
1694684635175 0.10667808762185706 171
1694684636546 0.1066215694976045 172
1694684637861 0.10656767351804801 173
1694684639230 0.10651635707694519 174
1694684640521 0.10646752852507368 175
1694684641726 0.10642104865382067 176
1694684642854 0.1063767498943722 177
1694684644099 0.1063344632323826 178
1694684645384 0.10629404204587833 179
1694684646659 0.10625537519802607 180
1694684647932 0.10621838692175826 181
1694684649210 0.10618302609986524 182
1694684650443 0.10614925072224524 183
1694684651675 0.10611701383994986 184
1694684652866 0.10608625555481903 185
1694684654096 0.10605690255982322 186
1694684655348 0.10602887378496853 187
1694684656634 0.10600208883797642 188
1694684657930 0.10597647560271978 189
1694684659190 0.1059519743857722 190
1694684660452 0.1059285377534588 191
1694684661649 0.105906126914766 192
1694684662962 0.10588470657769854 193
1694684664293 0.10586424038086895 194
1694684665616 0.1058446883902853 195
1694684666818 0.10582600712392877 196
1694684668080 0.10580815157105707 197
1694684669284 0.10579107805936934 198
1694684670512 0.10577474673794185 199
1694684671726 0.10575912281712642 200
1694684673047 0.10574417631776609 201
1694684674281 0.10572988066730847 202
1694684675481 0.10571621083498141 203
1694684676729 0.10570314173838737 204
1694684677960 0.10569064742396206 205
1694684679199 0.10567870115612743 206
1694684680389 0.10566727620146274 207
1694684681631 0.10565634688557025 208
1694684682858 0.1056458894800227 209
1694684684074 0.10563588261734484 210
1694684685300 0.10562630715386662 211
1694684686549 0.10561714560992154 212
1694684687795 0.10560838144240324 213
1694684689107 0.1055999984174393 214
1694684690337 0.10559198026739149 215
1694684691637 0.10558431068393002 216
1694684692895 0.10557697357326594 217
1694684694110 0.10556995342357059 218
1694684695570 0.10556323562538979 219
1694684696944 0.10555680663392371 220
1694684698399 0.10555065393949967 221
1694684699782 0.10554476588655572 222
1694684701100 0.1055391314266619 223
1694684702302 0.10553373989726635 224
1694684703565 0.10552858089046721 225
1694684704941 0.10552364423145065 226
1694684706205 0.10551892004352316 227
1694684707399 0.10551439885068012 228
1694684708615 0.10551007166535022 229
1694684709788 0.10550593002507257 230
1694684711031 0.10550196596784638 231
1694684712281 0.10549817196051559 232
1694684713551 0.10549454080924157 233
1694684714805 0.10549106558250229 234
1694684716083 0.10548773956716104 235
1694684717348 0.10548455626266492 236
1694684718621 0.10548150940397039 237
1694684719917 0.1054785929953527 238
1694684721215 0.10547580133674322 239
1694684722385 0.10547312903038741 240
1694684723585 0.10547057096498019 241
1694684725046 0.10546812228311334 242
1694684726300 0.10546577834287743 243
1694684727497 0.10546353468471399 244
1694684728761 0.10546138701089093 245
1694684729933 0.10545933117933175 246
1694684731188 0.10545736320831743 247
1694684732409 0.10545547928555495 248
1694684733626 0.10545367577492702 249
1694684734836 0.10545194921643544 250
1694684736021 0.10545029631819548 251
1694684737258 0.1054487139424532 252
1694684738435 0.1054471990894103 253
1694684739640 0.10544574888278282 254
1694684740917 0.10544436055974708 255
1694684742069 0.10544303146596375 256
1694684743254 0.1054417590545464 257
1694684744474 0.10544054088676193 258
1694684745683 0.10543937463215929 259
1694684747018 0.10543825806655974 260
1694684748221 0.10543718906748004 261
1694684749391 0.10543616560762556 262
1694684750556 0.10543518574771242 263
1694684751795 0.10543424762993175 264
1694684753055 0.10543334947293702 265
1694684754253 0.10543248956857271 266
1694684755649 0.10543166627995053 267
1694684756932 0.10543087804012123 268
1694684758358 0.1054301233505744 269
1694684759647 0.10542940077905535 270
1694684760928 0.10542870895658239 271
1694684762201 0.10542804657390521 272
1694684763365 0.10542741237784758 273
1694684764567 0.10542680516798102 274
1694684765805 0.10542622379391582 275
1694684767156 0.10542566715326016 276
1694684768397 0.10542513419008549 277
1694684769603 0.10542462389361684 278
1694684770797 0.10542413529686948 279
1694684772071 0.10542366747505168 280
1694684773455 0.10542321954369532 281
1694684775746 0.1054227906566081 282
1694684777146 0.10542238000380902 283
1694684778433 0.10542198680961275 284
1694684779931 0.10542161033096813 285
1694684781404 0.1054212498560717 286
1694684782648 0.10542090470319895 287
1694684783832 0.1054205742196534 288
1694684785129 0.10542025778073262 289
1694684786496 0.10541995478864223 290
1694684788054 0.10541966467134146 291
1694684790155 0.10541938688134667 292
1694684791918 0.10541912089454719 293
1694684793181 0.10541886620908837 294
1694684794348 0.10541862234435712 295
1694684795631 0.10541838884007705 296
1694684797204 0.105418165255494 297
1694684798398 0.10541795116861864 298
1694684799648 0.10541774617549016 299
