1694715418108 53.17291039038091 0
1694715419775 23.628775859405874 1
1694715421578 9.566038449713428 2
1694715423443 9.797328583225374 3
1694715425709 3.3179492468209864 4
1694715429314 3.667959009015802 5
1694715432812 2.1442976340768345 6
1694715435853 0.8450107492871245 7
1694715438955 0.7587588486570856 8
1694715443017 0.731932062657982 9
1694715445473 0.9545168133725994 10
1694715447600 0.40953699519335796 11
1694715449986 0.1991252860272404 12
1694715451739 0.24905001521171882 13
1694715453945 0.20125228823269997 14
1694715455584 0.09102911345731732 15
1694715457895 0.18300899515465935 16
1694715459873 0.15220777836418695 17
1694715462218 0.24849001625536893 18
1694715464264 0.16785084806395542 19
1694715466583 0.20138060327808227 20
1694715468376 0.04811515474761971 21
1694715470201 0.09962053898148626 22
1694715472041 0.15088583464045294 23
1694715474076 0.10310541993138689 24
1694715475881 0.09392217005775677 25
1694715477716 0.06602019705876405 26
1694715479572 0.07823618359745121 27
1694715481519 0.24912734649362997 28
1694715483769 0.036933009907294874 29
1694715485631 0.06716201440099676 30
1694715487668 0.1304127561598111 31
1694715489562 0.054399719573857176 32
1694715491302 0.10461375472286324 33
1694715493102 0.05415352361318735 34
1694715494804 0.06495905921851802 35
1694715497022 0.16907432402484174 36
1694715498774 0.12431165254359158 37
1694715500634 0.05761222778558064 38
1694715502577 0.18235132915260394 39
1694715504426 0.3946124721512781 40
1694715506198 0.1358513496313385 41
1694715508119 0.07079135261507521 42
1694715510054 0.17089756617160537 43
1694715512084 0.0971756106744677 44
1694715514052 0.09390307296747732 45
1694715516482 0.03980487528809865 46
1694715518519 0.0454107021738877 47
1694715520667 0.06536906173424897 48
1694715522651 0.08458812442355346 49
1694715524494 0.12161679953490274 50
1694715526717 0.0584229152370629 51
1694715529657 0.049938744609934395 52
1694715532471 0.03635783102569965 53
1694715534841 0.13561686386905233 54
1694715537320 0.12155475148232206 55
1694715540095 0.05800378832005019 56
1694715543075 0.0538574639586323 57
1694715547737 0.08777907132360133 58
1694715550050 0.2334974782290316 59
1694715552822 0.08895834405413812 60
1694715555425 0.08645813722013623 61
1694715558222 0.08997177171902404 62
1694715560255 0.11607202097006672 63
1694715562233 0.0711487508561786 64
1694715565066 0.06832180051279654 65
1694715567674 0.03588577716170249 66
1694715569247 0.10678825182071494 67
1694715570755 0.04005755125316273 68
1694715572403 0.047926091558592565 69
1694715574251 0.04875540420414466 70
1694715575937 0.04499741008011235 71
1694715577641 0.444186431735644 72
1694715579247 0.07291841471933606 73
1694715581124 0.057052922592347934 74
1694715582798 0.0655161825171759 75
1694715584370 0.08005479214971967 76
1694715585928 0.030787732578014797 77
1694715587508 0.2527576099996752 78
1694715589385 0.1207070969404231 79
1694715590956 0.12925155614612616 80
1694715592846 0.08898962806204672 81
1694715594585 0.06986804828945922 82
1694715596624 0.07412890147321617 83
1694715598481 0.12079545460979277 84
1694715601023 0.12557327620415315 85
1694715603748 0.08577611582603933 86
1694715605958 0.06036883012218073 87
1694715608089 0.057538766330865264 88
1694715611069 0.07290763355279659 89
1694715613420 0.07510922099558742 90
1694715615884 0.05408744353372573 91
1694715617638 0.11748892205078439 92
1694715619403 0.061489381284384706 93
1694715621390 0.06006241442384883 94
1694715623198 0.054604080602185266 95
1694715625104 0.27230764817472075 96
1694715627000 0.12056194899168146 97
1694715628758 0.1151041070410683 98
1694715630572 0.11234960998854285 99
