1694702396332 168.54379126551402 0
1694702398062 168.39985309035055 1
1694702399747 168.25615172141818 2
1694702401685 168.11268671666608 3
1694702403164 167.96945763489666 4
1694702404883 167.82646403576416 5
1694702406378 167.6837054797727 6
1694702407987 167.5411815282748 7
1694702409618 167.39889174346968 8
1694702411148 167.25683568840154 9
1694702412827 167.11501292695803 10
1694702414395 166.9734230238685 11
1694702415976 166.83206554470235 12
1694702417660 166.69094005586746 13
1694702419146 166.5500461246085 14
1694702420746 166.40938331900534 15
1694702422284 166.2689512079713 16
1694702423781 166.1287493612517 17
1694702425593 165.98877734942204 18
1694702427089 165.84903474388648 19
1694702428706 165.70952111687635 20
1694702430327 165.57023604144814 21
1694702431923 165.4311790914824 22
1694702433491 165.29234984168164 23
1694702435038 165.15374786756914 24
1694702436637 165.015372745487 25
1694702438184 164.87722405259478 26
1694702440024 164.73930136686778 27
1694702441674 164.60160426709558 28
1694702443234 164.46413233288013 29
1694702445019 164.32688514463453 30
1694702446765 164.1898622835813 31
1694702449093 164.05306333175076 32
1694702451242 163.9164878719794 33
1694702452839 163.7801354879085 34
1694702454433 163.64400576398242 35
1694702456132 163.50809828544695 36
1694702457591 163.37241263834795 37
1694702459102 163.23694840952965 38
1694702460880 163.10170518663304 39
1694702462362 162.96668255809453 40
1694702463763 162.8318801131441 41
1694702465305 162.69729744180398 42
1694702466848 162.5629341348871 43
1694702468498 162.42878978399523 44
1694702470132 162.29486398151798 45
1694702471737 162.16115632063068 46
1694702473352 162.02766639529332 47
1694702474873 161.89439380024865 48
1694702476357 161.76133813102095 49
1694702478015 161.62849898391426 50
1694702479780 161.49587595601102 51
1694702481626 161.3634686451705 52
1694702483242 161.2312766500272 53
1694702484863 161.0992995699895 54
1694702486329 160.96753700523792 55
1694702488035 160.83598855672386 56
1694702489677 160.70465382616797 57
1694702491401 160.57353241605855 58
1694702493111 160.4426239296503 59
1694702494767 160.31192797096247 60
1694702496753 160.1814441447778 61
1694702498051 160.05117205664064 62
1694702499974 159.92111131285566 63
1694702501959 159.79126152048627 64
1694702503708 159.6616222873533 65
1694702505425 159.53219322203333 66
1694702507060 159.4029739338573 67
1694702508651 159.27396403290905 68
1694702510222 159.14516313002375 69
1694702512257 159.0165708367866 70
1694702513790 158.8881867655312 71
1694702515423 158.7600105293382 72
1694702517199 158.63204174203378 73
1694702518600 158.50428001818818 74
1694702520310 158.37672497311434 75
1694702522275 158.24937622286632 76
1694702524106 158.12223338423794 77
1694702525862 157.9952960747614 78
1694702527618 157.8685639127055 79
1694702529302 157.7420365170747 80
1694702530590 157.61571350760732 81
1694702532023 157.4895945047742 82
1694702533474 157.36367912977738 83
1694702534662 157.2379670045484 84
1694702536193 157.11245775174726 85
1694702537594 156.98715099476058 86
1694702539016 156.86204635770054 87
1694702540459 156.73714346540328 88
1694702541861 156.61244194342743 89
1694702543266 156.48794141805286 90
1694702544561 156.36364151627916 91
1694702545877 156.23954186582426 92
1694702547093 156.11564209512306 93
1694702548437 155.99194183332597 94
1694702550018 155.8684407102976 95
1694702551537 155.7451383566152 96
1694702553009 155.6220344035675 97
1694702554388 155.4991284831531 98
1694702556011 155.37642022807924 99
