1694710675988 60.72833550414085 0
1694710677674 17.722386962873422 1
1694710679723 4.190305164103866 2
1694710681841 1.4030227885013764 3
1694710683671 0.6729105439131787 4
1694710685385 0.21414603186847234 5
1694710687055 0.14294859364137552 6
1694710688993 0.05874246482374501 7
1694710690581 0.10340926730938296 8
1694710692341 0.023234072458309253 9
1694710693975 0.13689087356757895 10
1694710695598 0.1202856033780281 11
1694710697464 0.13372653601777904 12
1694710699069 0.06831194783913734 13
1694710700924 0.1058348295308104 14
1694710702992 0.12945027086508343 15
1694710705369 0.10060247702769043 16
