1694692704547 0.2829015461465255 0
1694692705735 0.11834184731547684 1
1694692706918 0.15832210147514492 2
1694692708030 0.17521781318991883 3
1694692709253 0.1414666052159567 4
1694692710489 0.19988520028288378 5
1694692711764 0.09201454870288832 6
1694692713440 0.15064837202536757 7
1694692714815 0.1668974855011013 8
1694692715837 0.12544660224866966 9
1694692716969 0.1414387218055894 10
1694692718319 0.1656607740953871 11
1694692719568 0.10510223720292691 12
1694692720898 0.18395788968787566 13
1694692722204 0.1490065098204317 14
1694692723408 0.13264463723759357 15
1694692724698 0.1349070627800893 16
1694692725802 0.218110664114711 17
1694692727142 0.13831672390637445 18
1694692728436 0.17027477886854966 19
1694692729494 0.07575551332828821 20
1694692730723 0.16890962830497824 21
1694692731843 0.11879070307453216 22
1694692733014 0.14712541715478727 23
1694692734173 0.12295181551961809 24
1694692735100 0.1617550128188101 25
1694692736423 0.1215474279291806 26
1694692737583 0.10832377499540913 27
1694692738868 0.1423773165157791 28
1694692740077 0.19739441588871692 29
1694692741351 0.08450206255385727 30
1694692742613 0.15843673938133687 31
1694692743757 0.15095944956172624 32
1694692744873 0.1557651807947643 33
1694692745957 0.1728067510060672 34
1694692747062 0.11010755495189485 35
1694692748137 0.1978573826795616 36
1694692749246 0.13744714046292061 37
1694692750371 0.120771451532354 38
1694692751508 0.1566322866279865 39
1694692752655 0.13475745679347986 40
1694692753809 0.15067444091328264 41
1694692754866 0.12111570820666402 42
1694692756105 0.18738562031095543 43
1694692757281 0.14187200344616255 44
1694692758407 0.16409369061820203 45
1694692759431 0.15074946362770733 46
1694692760638 0.1036336528439905 47
1694692761883 0.2008403868535228 48
1694692763183 0.2175300267766846 49
1694692764358 0.16490246851720342 50
1694692765698 0.09001337519172485 51
1694692766643 0.1861637522050943 52
1694692767823 0.15819987168149394 53
1694692768924 0.21887406373270926 54
1694692769851 0.12369790524211607 55
1694692771184 0.1626048260759207 56
1694692772195 0.1480573816969976 57
1694692773360 0.13401987411349875 58
1694692774477 0.14368627591543784 59
1694692775397 0.1198284175909047 60
1694692776461 0.11442015517506827 61
1694692777632 0.1722219380937848 62
1694692778840 0.17436505399366187 63
1694692779984 0.2359458496905656 64
1694692781159 0.08815495769167885 65
1694692782339 0.1285453768604003 66
1694692783532 0.1315146751368133 67
1694692784883 0.13102491515514797 68
1694692786135 0.12591544346925282 69
1694692787388 0.13784284501862734 70
1694692788826 0.1592911310673418 71
1694692790109 0.16100110689071298 72
1694692791442 0.159296847636463 73
1694692793092 0.15716955806091265 74
1694692794865 0.12422373209462485 75
1694692796677 0.1519778575896839 76
1694692798379 0.16025971690834098 77
1694692800162 0.16666061732892504 78
1694692801879 0.1285746682615146 79
1694692804001 0.10423447561064193 80
1694692805114 0.18882949725343484 81
1694692806437 0.18181137186940202 82
1694692807629 0.12034641282352077 83
1694692809173 0.14722179429318322 84
1694692810325 0.16319759439922124 85
1694692811491 0.137091300232486 86
1694692812689 0.1405746849912466 87
1694692813850 0.10980608906584861 88
1694692814970 0.1368659659086579 89
1694692816113 0.1209011401096246 90
1694692817142 0.0985509880708283 91
1694692818425 0.09817374547480248 92
1694692819501 0.09190743252285256 93
1694692820876 0.23953825668947193 94
1694692821975 0.15308967139609111 95
1694692823112 0.13685875716649368 96
1694692824469 0.14566148621787492 97
1694692825738 0.11973142182714254 98
1694692826981 0.12216372512762097 99
1694692828242 0.1168311999256736 100
1694692829292 0.10194173189166057 101
1694692830542 0.12128892516046699 102
1694692831758 0.15804597894196204 103
1694692833022 0.17393470010127646 104
1694692834172 0.1560749538048349 105
1694692835366 0.16624559772202263 106
1694692836449 0.18503587738985666 107
1694692837646 0.10438691023451908 108
1694692838846 0.20836112494482417 109
1694692840103 0.10524685998995487 110
1694692841354 0.11322863600917542 111
1694692842981 0.1460204258729427 112
1694692844299 0.18431081324157175 113
1694692845820 0.1256757036776698 114
1694692847122 0.17211461207114423 115
1694692848797 0.10046565034108385 116
1694692850510 0.12986970867593803 117
1694692851998 0.14296980866623962 118
1694692853273 0.10310785315849876 119
1694692854671 0.18113002720680554 120
1694692856253 0.17220935776193383 121
1694692857526 0.08347750145470716 122
1694692858749 0.15763124021351577 123
1694692860191 0.1400209345630112 124
1694692861251 0.2049549622595188 125
1694692862449 0.1298365372998518 126
1694692863629 0.1954988893160936 127
1694692864864 0.130090314777694 128
1694692866008 0.10356186591083373 129
1694692867230 0.14339218831249775 130
1694692868443 0.14222540634539937 131
1694692869529 0.1355616933469506 132
1694692870675 0.19140123486608335 133
1694692871842 0.17634336727867436 134
1694692873016 0.09561999914877505 135
1694692874277 0.1570655146333611 136
1694692875773 0.1209954288821271 137
1694692877332 0.21339291259875812 138
1694692878473 0.14670643914624543 139
1694692880082 0.08753370926694373 140
1694692881312 0.13065371618577784 141
1694692882555 0.13929955190235024 142
1694692883993 0.11605438458014883 143
1694692885692 0.14172052649358557 144
1694692887116 0.13729943653215002 145
1694692888682 0.26987071072369295 146
1694692890007 0.15542338640489167 147
1694692891352 0.1411201919809329 148
1694692893244 0.12835915108313808 149
1694692895040 0.18904753566388777 150
1694692896783 0.12907643123139634 151
1694692898008 0.1496788549588215 152
1694692899182 0.1496796670363098 153
1694692900448 0.09888385671913805 154
1694692901609 0.11521450572107718 155
1694692903328 0.13242151933169105 156
1694692905245 0.20046556040023625 157
1694692908619 0.10545303785806504 158
1694692910871 0.18332078344880828 159
1694692912573 0.13834051078333187 160
1694692913860 0.1279789503828512 161
1694692915161 0.12318937224917562 162
1694692916244 0.08362453476323503 163
1694692917330 0.12068449329379849 164
1694692918514 0.1743230926278609 165
1694692919996 0.12904002486048677 166
1694692921330 0.14485359131817555 167
1694692922657 0.1187954029762716 168
1694692923936 0.20097041723588357 169
1694692925404 0.1001111542132214 170
1694692926911 0.16598212071286145 171
1694692928160 0.232922744728508 172
1694692929341 0.11984308920247674 173
1694692930605 0.18119428667682885 174
1694692931854 0.14324461438589084 175
1694692933036 0.18218210588009814 176
1694692934212 0.0731890257723938 177
1694692935639 0.1427779393306057 178
1694692937201 0.14884001102131683 179
1694692938788 0.19183752921704422 180
1694692940577 0.0857530000893098 181
1694692942369 0.13927072466320303 182
1694692944438 0.09151851473013473 183
1694692946484 0.11402392083644275 184
1694692948111 0.16603233538293302 185
1694692949570 0.16431725311447762 186
1694692950834 0.18546875078338904 187
1694692952093 0.16393026210728828 188
1694692953694 0.1643882109283477 189
1694692955295 0.19971675673612593 190
1694692956745 0.16743735402297374 191
1694692958149 0.17019118316688794 192
1694692959850 0.10741041297794081 193
1694692961604 0.1564845917648939 194
1694692963034 0.1810743322008629 195
1694692964453 0.1305045713827531 196
1694692965818 0.20366442152970146 197
1694692967414 0.10100914654813142 198
1694692968994 0.2254509418187956 199
1694692970294 0.15691817591199494 200
1694692971648 0.12800268450487984 201
1694692973041 0.12911771813750916 202
1694692974362 0.18124612821119493 203
1694692975761 0.10573743286112722 204
1694692977287 0.17197978676896233 205
1694692978560 0.13536453828732897 206
1694692980153 0.10508713431309473 207
1694692981449 0.09002590967112864 208
1694692982752 0.11208781955159468 209
1694692984268 0.09541506565294124 210
1694692985673 0.08473732621333903 211
1694692987015 0.15494281034638108 212
1694692988238 0.13682638038814926 213
1694692989490 0.1781854622180379 214
1694692991345 0.17730085953112387 215
1694692992712 0.13818542969772815 216
1694692993934 0.16683952362591606 217
1694692995249 0.15568486836336967 218
1694692996943 0.13376017674809815 219
1694692998840 0.16421707481128217 220
1694693000338 0.1542649665832347 221
1694693001756 0.10173249147719303 222
1694693003104 0.17940887612378767 223
1694693004482 0.14211528841006704 224
1694693005672 0.12090864276085632 225
1694693007002 0.10829575433359068 226
1694693008202 0.17080127279770535 227
1694693009502 0.1343179475235174 228
1694693010741 0.17362717500370503 229
1694693011918 0.1301725716201165 230
1694693013116 0.12139481125616709 231
1694693014438 0.12410906372579061 232
1694693016568 0.1170561935312056 233
1694693018083 0.20042324252174035 234
1694693019940 0.10141915188606883 235
1694693021450 0.13860675911996892 236
1694693023310 0.09129818641360278 237
1694693024748 0.1376614404132436 238
1694693026669 0.15860159673889757 239
1694693028744 0.13735022096107466 240
1694693031293 0.14202635827590368 241
1694693033203 0.11720715777574828 242
1694693034624 0.15214004017014213 243
1694693036220 0.13557384437140085 244
1694693037361 0.1787666247155836 245
1694693039225 0.15543018929899985 246
1694693040631 0.1848469930859173 247
1694693041791 0.1293122970612437 248
1694693042951 0.16829305156855376 249
1694693044194 0.1575679870166411 250
1694693045401 0.1684458892000521 251
1694693046652 0.13964994046812249 252
1694693047934 0.10375982917907262 253
1694693050279 0.14345888369704787 254
1694693052334 0.08506869553541656 255
1694693053805 0.13013268237186237 256
1694693055430 0.12927284948299428 257
1694693057773 0.16334623927668993 258
1694693059600 0.12847131016004407 259
1694693060836 0.15659370434507608 260
1694693061923 0.13425373137532345 261
1694693063083 0.16727560126166088 262
1694693064206 0.14006425948647636 263
1694693065288 0.12027370492752532 264
1694693066366 0.20627803252727722 265
1694693067467 0.1987625000859218 266
1694693068616 0.1393586116212422 267
1694693069680 0.17119481455161442 268
1694693070943 0.12130343980734735 269
1694693072078 0.134502335580165 270
1694693073208 0.1326736866907688 271
1694693074305 0.11431690490456509 272
1694693075405 0.13593618967186769 273
1694693076564 0.1507325054824142 274
1694693077667 0.20027985075775173 275
1694693078938 0.22993516383652385 276
1694693080080 0.11358840432015473 277
1694693081252 0.15933695725224045 278
1694693082366 0.12231140564395077 279
1694693083803 0.21528863286555625 280
1694693084946 0.2062605167223488 281
1694693086077 0.11680939547392363 282
1694693087315 0.2852419347011423 283
1694693088698 0.1529080682783759 284
1694693090095 0.10888848980421563 285
1694693091196 0.11416998149063896 286
1694693092253 0.09780789386114075 287
1694693093350 0.08700227485960355 288
1694693094480 0.08661111428771064 289
1694693095758 0.17301106917319367 290
1694693096831 0.10674776771762495 291
1694693097900 0.10727623739992512 292
1694693099030 0.17132710197761156 293
1694693100525 0.1340339544134301 294
1694693103059 0.15386706832332603 295
1694693104932 0.17438484073506424 296
1694693107023 0.14388607573066334 297
1694693109017 0.1286840130752637 298
1694693110554 0.15409248533822195 299
