1694714445401 58.303517529124655 0
1694714447470 24.858536515373373 1
1694714449065 12.234478408551578 2
1694714450839 7.489353765485892 3
1694714452343 6.843975518188296 4
1694714454130 4.926489304077775 5
1694714455963 5.570079017454724 6
1694714457846 5.661574246368854 7
1694714459582 4.574404765834281 8
1694714461421 5.031100768433902 9
1694714463609 4.483645548263565 10
1694714465271 5.18988695248473 11
1694714467061 4.753924139109988 12
1694714468718 4.863226755573324 13
1694714470746 5.199911448780712 14
1694714472692 4.777430621471944 15
1694714474713 4.227519571920007 16
1694714476492 4.362415638798175 17
1694714478494 3.7940574669666622 18
1694714480260 5.0518143473074755 19
1694714481909 4.892201213338192 20
1694714483726 4.195657407758015 21
1694714485673 4.455459109398818 22
1694714487645 6.282271432952305 23
1694714489543 5.027535568562522 24
1694714491509 5.093103646379866 25
1694714493369 5.853678613946417 26
1694714495384 5.002789953376281 27
1694714497189 4.336509553523996 28
1694714499172 4.499888733159123 29
1694714500979 5.5157864576478435 30
1694714502941 4.680634432127791 31
1694714504612 5.035263854202402 32
1694714506583 4.6348782419027605 33
1694714508363 4.269219649242311 34
1694714510183 3.839829129674264 35
1694714512007 4.509547714864581 36
1694714513826 5.364764376414074 37
1694714515660 4.573579269759467 38
1694714517271 4.60679187786862 39
1694714519063 4.989585495500518 40
1694714520697 4.339501215437518 41
1694714522828 4.543671783742207 42
1694714524638 4.595824149307914 43
1694714526676 4.993948833571238 44
1694714528516 4.685207243460085 45
1694714530624 4.509666411959293 46
1694714532441 4.323094819366068 47
1694714534598 5.31104356463235 48
1694714536423 4.958077410667515 49
1694714538232 4.28330585217884 50
1694714540057 4.681692580474528 51
1694714541985 4.55459769575144 52
1694714543868 4.9102156786808795 53
1694714545684 4.262556367928422 54
1694714547607 4.65814110002121 55
1694714549410 4.341340388917863 56
1694714551297 4.60597557285611 57
1694714553085 4.9404653187552485 58
1694714555017 4.900968371483025 59
1694714556748 5.37981086374214 60
1694714558596 5.902191319228694 61
1694714560351 5.264204772487665 62
1694714562095 5.094026436795161 63
1694714563904 4.882318663543219 64
1694714565627 4.065035103665066 65
1694714567443 4.371726468289454 66
1694714569131 4.391849987523601 67
1694714571046 4.574176783149669 68
1694714572683 4.846036084224985 69
1694714574550 4.0282699652049505 70
1694714576838 4.548583430390989 71
1694714578648 4.630951065252598 72
1694714580167 4.678426531666026 73
1694714582260 4.926830560236777 74
1694714584246 5.703358646568757 75
1694714586421 5.033250651576277 76
1694714588300 4.343318394947558 77
1694714590646 5.189161691320406 78
1694714592727 4.590239848806643 79
1694714594847 4.575429577692807 80
1694714596847 4.527262695644595 81
1694714598868 5.59617155673397 82
1694714600668 4.801250981994557 83
1694714602705 5.174150323754099 84
1694714604449 4.06808666663178 85
1694714606380 5.1956735590543195 86
1694714608153 4.495147305314162 87
1694714610161 5.288250133939348 88
1694714611940 5.483942985620425 89
1694714613737 4.940439801742189 90
1694714615630 5.020594379977978 91
1694714617664 4.881576139301096 92
1694714619472 4.78249668266097 93
1694714621321 5.28611741485094 94
1694714623649 4.801209449642597 95
1694714625460 4.128366449851971 96
1694714627368 4.562754034655934 97
1694714629129 4.251630307132391 98
1694714631077 5.061731929142032 99
