1694666429925 169.64084248330965 0
1694666430993 137.2826479650575 1
1694666432069 111.66325764625422 2
1694666433210 91.32434459168812 3
1694666434316 75.13070866320486 4
1694666435429 62.197636302446554 5
1694666436516 51.83474443862371 6
1694666437542 43.50254200183898 7
1694666438588 36.77880820250383 8
1694666439727 31.332552309499395 9
1694666440884 26.90383166611526 10
1694666442033 23.28809876514024 11
1694666443027 20.324051677390027 12
1694666444057 17.8841959392497 13
1694666445098 15.86750623026242 14
1694666446249 14.193715156056117 15
1694666447217 12.798863680108179 16
1694666448425 11.631830512107614 17
1694666449560 10.651621670086454 18
1694666450596 9.82525080476536 19
1694666451600 9.126079031381611 20
1694666452614 8.532512516914714 21
1694666453743 8.026978892162589 22
1694666454839 7.5951212197233975 23
1694666456029 7.225161923855449 24
1694666457183 6.907399681676619 25
1694666458275 6.633810485969789 26
1694666459326 6.397730457521492 27
1694666460363 6.193602926202783 28
1694666461479 6.016776136946575 29
1694666462583 5.86334091832495 30
1694666463629 5.72999997008587 31
1694666464659 5.613962230687275 32
1694666465769 5.512857191809344 33
1694666466901 5.4246651232518355 34
1694666467922 5.347660027632913 35
1694666468928 5.280362813441238 36
1694666470069 5.221502698760955 37
1694666471112 5.169985268581423 38
1694666472193 5.1248659310025575 39
1694666473286 5.085327771249583 40
1694666474380 5.050663002289066 41
1694666475393 5.020257368709342 42
1694666476440 4.993576985510116 43
1694666477462 4.97015719263848 44
1694666478495 4.9495930850460645 45
1694666479540 4.931531441042586 46
1694666480569 4.915663822157688 47
1694666481636 4.901720658233457 48
1694666482688 4.889466164120366 49
1694666483741 4.878693960759429 50
1694666484767 4.869223294876729 51
1694666485863 4.860895768993833 52
1694666486903 4.853572507759874 53
1694666487934 4.847131698361798 54
1694666489066 4.841466452463261 55
1694666490155 4.836482945152267 56
1694666491266 4.83209879305567 57
1694666492268 4.8282416393547 58
1694666493361 4.82484791810963 59
1694666494458 4.821861774234341 60
1694666495532 4.819234118782403 61
1694666496558 4.8169218020203015 62
1694666497690 4.814886889155855 63
1694666498711 4.813096025630018 64
1694666499775 4.811519880625214 65
1694666500786 4.810132658939804 66
1694666501930 4.808911672664905 67
1694666503037 4.80783696520841 68
1694666504012 4.806890981168529 69
1694666505086 4.80605827638764 70
1694666506204 4.805325263235198 71
1694666507359 4.804679986791999 72
1694666508377 4.804111928150001 73
1694666509418 4.80361183151391 74
1694666510464 4.803171552201843 75
1694666511447 4.802783923001495 76
1694666512476 4.802442636651398 77
1694666513490 4.802142142491081 78
1694666514566 4.801877555563406 79
1694666515653 4.801644576662252 80
1694666516727 4.801439422002458 81
1694666517757 4.801258761349952 82
1694666518896 4.801099663591225 83
1694666519927 4.800959548845133 84
1694666520968 4.800836146328725 85
1694666522020 4.800727457284153 86
1694666523036 4.800631722357513 87
1694666524088 4.80054739289406 88
1694666525146 4.800473105678823 89
1694666526354 4.800407660708422 90
1694666527354 4.800350001629885 91
1694666528383 4.800299198526063 92
