1694621967859 168.54379126551402 0
1694621969217 154.73661687003525 1
1694621970570 132.63756957026226 2
1694621971864 109.18651520682056 3
1694621973246 90.13921497887719 4
1694621974591 78.39380922745214 5
1694621975893 73.65700664827186 6
1694621977119 73.29724792942112 7
1694621978481 73.83787011582756 8
1694621979843 72.4233758647708 9
1694621981268 67.73653185179117 10
1694621982634 60.14909833533939 11
1694621984082 51.21218850604657 12
1694621985470 42.81226099575791 13
1694621986858 36.37550947825942 14
1694621988223 32.408250934499556 15
1694621989502 30.478589630766333 16
1694621990835 29.55929971559716 17
1694621992128 28.532462566073132 18
1694621993454 26.634256437118015 19
1694621994824 23.682880092407373 20
1694621996375 20.043380434615123 21
1694621997697 16.390304071081136 22
1694621999052 13.393574140613294 23
1694622000400 11.458915948554074 24
1694622001810 10.610241617534653 25
1694622003142 10.533134700565801 26
1694622004624 10.735651422845486 27
1694622006073 10.747276424257898 28
1694622007423 10.276980092326388 29
1694622008734 9.280356333335101 30
1694622010105 7.927822050832028 31
1694622011501 6.503096274305062 32
1694622012954 5.280954662774557 33
1694622014271 4.431622061206018 34
1694622015611 3.9807152251303615 35
1694622017006 3.8282348470639556 36
1694622018438 3.808260723381173 37
1694622019842 3.759964919444211 38
1694622021113 3.582258498227116 39
1694622022481 3.255760519385233 40
1694622023857 2.83082723859059 41
1694622025211 2.3929249239678914 42
1694622026645 2.0225964363960727 43
1694622028004 1.7657714705212437 44
1694622029377 1.6232123417369608 45
1694622030746 1.559085308517873 46
1694622032048 1.5215887649614401 47
1694622033362 1.4655063303930616 48
1694622034724 1.3678339396020887 49
1694622036068 1.231939990013664 50
1694622037455 1.0808796718802995 51
1694622038845 0.9444262780074494 52
1694622040286 0.8458777847072577 53
1694622041742 0.7936568484575973 54
1694622043647 0.7800100914689365 55
1694622045880 0.786045791554162 56
1694622047757 0.7901284067151311 57
1694622049659 0.7759372463566464 58
1694622051152 0.7372783080901231 59
1694622053059 0.6784496997313078 60
1694622054681 0.610801994191505 61
1694622056186 0.5474063059200143 62
1694622057847 0.49808446791356287 63
1694622059331 0.4665144203700781 64
1694622060839 0.4500606934072975 65
1694622062309 0.4418786809754548 66
1694622063761 0.43410944446234095 67
1694622065332 0.42081524516255353 68
1694622066802 0.39965832729363143 69
1694622068327 0.37197024299453624 70
1694622069855 0.34150658767322106 71
1694622071338 0.31259709260775337 72
1694622072914 0.2884779924741728 73
1694622074472 0.27037019540556234 74
1694622075963 0.25748285987540376 75
1694622077575 0.24774878723492239 76
1694622079201 0.23886967952213126 77
1694622080796 0.22922090239369075 78
1694622082198 0.21830813864734272 79
1694622083700 0.2066962619748844 80
1694622085221 0.19554332923677448 81
1694622086781 0.18599432509969435 82
1694622088313 0.1786927495060276 83
1694622089852 0.17357476258286458 84
1694622091308 0.16997348121877234 85
1694622092881 0.16693929718511816 86
1694622094278 0.1636180102752938 87
1694622095792 0.15953513435849548 88
1694622097282 0.15469641035980472 89
1694622098703 0.14949838493646966 90
1694622100205 0.1445138962761271 91
1694622101768 0.1402516802941288 92
1694622103209 0.13698116066626234 93
1694622105005 0.1346735955816485 94
1694622106355 0.1330595263212999 95
1694622107891 0.13176066508990117 96
1694622109397 0.13043542568291713 97
1694622110827 0.12888384485660617 98
1694622112243 0.1270825075495254 99
