1694749276360 103.60556019309776 0
1694749277388 60.197317437620725 1
1694749278466 35.83506375055134 2
1694749279781 25.411251697009707 3
1694749281163 14.770793817765501 4
1694749282508 9.327528853898468 5
1694749283805 5.428516092120618 6
1694749285038 2.6294847556394876 7
1694749286302 2.156789542961062 8
1694749287582 1.6351645768692857 9
1694749288844 0.6466622825912366 10
1694749290236 0.2876503686396018 11
1694749291586 0.17010251183053135 12
1694749292941 0.05431549948338085 13
1694749294188 0.19837656822313834 14
1694749295372 0.059918386077668494 15
1694749296633 0.3278388490534492 16
1694749297975 0.0638714517270027 17
1694749299325 0.10444432120958584 18
1694749300638 0.09236811081380644 19
1694749302068 0.09176333886141387 20
1694749303298 0.28041444244973107 21
1694749304629 0.1815879081672198 22
1694749305887 0.030399621579188244 23
1694749307135 0.01919539541984643 24
1694749308365 0.009989851032145378 25
1694749309667 0.07063405328809777 26
1694749311062 0.20120662320645305 27
1694749312248 0.04731410622461257 28
1694749313550 0.19254927996793958 29
1694749314841 0.05746195503363393 30
1694749316164 0.021832071426320654 31
1694749317531 0.11862141630055797 32
1694749318815 0.006465376590324422 33
1694749320066 0.05874053279424246 34
1694749321432 0.055465487108831035 35
1694749322755 0.2261167246833376 36
1694749324133 0.06455276335824596 37
1694749325429 0.02973424722740143 38
1694749326412 0.09252291821253947 39
1694749327483 0.07977254634725574 40
1694749328512 0.02288396367515215 41
1694749329796 0.13543010589017024 42
1694749331051 0.14906454093538402 43
1694749332344 0.03657106973744751 44
1694749333634 0.05042250929531816 45
1694749334926 0.16935318548558273 46
1694749336209 0.0020705099178598284 47
1694749337570 0.03154976241497733 48
1694749338871 0.08057728029831773 49
1694749340200 0.23717536863824717 50
1694749341590 0.04684489480160742 51
1694749342930 0.1742363075006583 52
1694749344269 0.04881711001317878 53
1694749345565 0.15982494789273063 54
1694749346761 0.038399614076504746 55
1694749348070 0.051877015193824885 56
1694749349391 0.02907956726959159 57
1694749350619 0.07885256091455685 58
1694749351882 0.024951755509267176 59
1694749353046 0.08368896427547852 60
1694749354330 0.035020624541085996 61
1694749355549 0.17015485988971984 62
1694749356900 0.0754364644129344 63
1694749358136 0.2939239518422847 64
1694749359486 0.2690025243905559 65
1694749360722 0.02436233059447616 66
1694749361955 0.1057856510415648 67
1694749363254 0.4327639547632971 68
1694749364497 0.05448498905199969 69
1694749365845 0.09214717324519778 70
1694749367141 0.08570635042840655 71
1694749368435 0.03925875636685478 72
1694749369760 0.03455825406648578 73
1694749371083 0.15424614288441524 74
1694749372418 0.09342464172264286 75
1694749373712 0.03875501384266291 76
1694749375007 0.04823459843080087 77
1694749376270 0.1878756555114649 78
1694749377605 0.02468000516534806 79
1694749378976 0.023376623236327675 80
1694749380275 0.03446260834087556 81
1694749381631 0.0927094804790699 82
1694749382942 0.30101887544601913 83
1694749384235 0.02204844842703758 84
1694749385581 0.11041641562436644 85
1694749386563 0.052795724589633386 86
1694749387551 0.07118501639631428 87
1694749388545 0.01835568840507102 88
1694749389725 0.02767235632241659 89
1694749391055 0.4082875684935365 90
1694749392342 0.14271659258609498 91
1694749393629 0.03274208663304256 92
1694749394935 0.03623465469439928 93
1694749396261 0.04713712496071142 94
1694749397569 0.12246996129947355 95
1694749398795 0.22291729778941327 96
1694749400198 0.02099764414638098 97
1694749401556 0.00911061790430856 98
