1694746917880 0.30834519563951435 0
1694746919628 0.11037373010450735 1
1694746921515 0.03109616400486645 2
1694746923467 0.010537855548747943 3
1694746925143 0.1523894230974805 4
1694746926999 0.014392980438285099 5
1694746928770 0.0014391071705254505 6
1694746930576 1.7467164081657727 7
1694746931925 0.17804964248386435 8
1694746933560 0.0028751610714910707 9
1694746935346 0.09478608232105903 10
1694746937339 0.11771709635341913 11
1694746939322 0.00044898571661313894 12
1694746941358 0.03511666338521484 13
1694746943210 0.11197308927590958 14
1694746945221 0.2526231181320707 15
1694746946676 0.00434839841906517 16
1694746948519 0.2025029985201357 17
1694746950565 0.0011689332980804187 18
1694746952411 0.30056673031467596 19
1694746954292 0.0918897043227297 20
1694746956633 0.003681772645644489 21
1694746958486 0.28636942698178136 22
1694746960579 0.18030065831334133 23
1694746962852 0.004551911206135101 24
1694746964875 0.0005179126016782629 25
1694746966452 0.05473184527951919 26
1694746968055 0.1274745222324295 27
1694746969935 0.032867755627632805 28
1694746972254 0.1097372417568574 29
1694746974529 0.03655102288998015 30
1694746976639 0.0059252282072958 31
1694746978414 0.03807138114457719 32
1694746980267 0.021872265584255556 33
1694746982041 0.0006858109466436259 34
1694746983994 0.0043244149385155565 35
1694746986042 0.012852963121000668 36
1694746988023 0.18273090139400666 37
1694746989726 0.01451359397795104 38
1694746991296 0.00023780601553998132 39
1694746992693 0.11089254927190957 40
1694746994094 0.02129287773272653 41
1694746995643 0.012811615971227165 42
1694746997313 0.2650569856618514 43
1694746999044 0.33625326851298426 44
1694747000668 0.9135727634868873 45
1694747002316 1.2399129853467723 46
1694747003981 0.0770009737370041 47
1694747005609 0.01023805124700322 48
1694747007208 0.011789562933917506 49
1694747008595 0.21605261920156366 50
1694747009994 0.0364349071940005 51
1694747011629 1.599533137786247 52
1694747013361 0.02227556702283219 53
1694747015041 0.01230254153540682 54
1694747016733 0.07605987902769072 55
1694747018492 0.001528632169492781 56
1694747020206 0.016590274091259252 57
1694747021654 0.028483362590858718 58
1694747023136 0.008369051094294581 59
1694747024634 0.022948807689031132 60
1694747026265 0.2485575735061128 61
1694747027958 0.18160008360482152 62
1694747029632 0.07513982221458135 63
1694747031290 0.0008658698285510059 64
1694747032946 0.15752214374507229 65
1694747034497 0.002278803587825784 66
1694747036191 0.24017308583297756 67
1694747037841 0.2447434947428983 68
1694747039519 0.644121880419257 69
1694747041127 0.26694295292773784 70
1694747042800 0.014154179499897784 71
1694747044443 0.0022870729929753007 72
1694747045919 0.008965510355658606 73
1694747047338 0.14247013887897658 74
1694747048668 0.0014967693756552595 75
1694747050081 0.019129135996787328 76
1694747051713 0.0037072776215083553 77
1694747053271 0.1853663913031844 78
1694747054942 0.07693790875453752 79
1694747056474 0.11810101863869303 80
1694747058123 0.034704497210336936 81
1694747059773 0.0005141181976374011 82
1694747061328 0.06778641960958508 83
1694747062948 0.2907614407975268 84
1694747064565 0.02816611162939619 85
1694747066217 0.08212483368275807 86
1694747067817 0.013238445372998271 87
1694747069471 0.005105588583800194 88
1694747071061 0.046742500401329046 89
1694747072679 0.028390253025690447 90
1694747074448 0.01479155435888662 91
1694747076025 0.3609971867870224 92
1694747077480 0.9566797985638599 93
1694747079528 0.6446861988069018 94
1694747081815 0.012577309957877038 95
1694747083688 0.9185706955364716 96
1694747085459 0.08027446686002636 97
1694747087255 0.16222728019777458 98
1694747089006 0.5750440953402206 99
