1694624511331 169.64084248330963 0
1694624512654 166.32992007539954 1
1694624514079 160.09052943352427 2
1694624515601 151.45281370337304 3
1694624517030 140.96975084230357 4
1694624518464 129.18720064362373 5
1694624519801 116.62008617295895 6
1694624521279 103.73460156958087 7
1694624522866 90.93608723300817 8
1694624524205 78.5620261734339 9
1694624525623 66.87948829475562 10
1694624526961 56.086277027498994 11
1694624528402 46.31500800406545 12
1694624529806 37.6393644807689 13
1694624531208 30.081820738307368 14
1694624532564 23.622194622699766 15
1694624533990 18.20647607326132 16
1694624535560 13.755473001588683 17
1694624536906 10.172913223228827 18
1694624538403 7.352736302646217 19
1694624539738 5.185398204691787 20
1694624541305 3.56309163811589 21
1694624542766 2.383853986331493 22
1694624544101 1.5545916813835232 23
1694624545432 0.9930944811638102 24
1694624546980 0.6291456776930151 25
1694624548328 0.40485560964619827 26
1694624549597 0.2743571508233447 27
1694624551009 0.20300451187803278 28
1694624552316 0.16621226666895927 29
1694624553762 0.1480615702614337 30
1694624555095 0.1397865990462673 31
1694624556413 0.13823773224523583 32
1694624557799 0.14440017246385334 33
1694624559296 0.16202865270789876 34
1694624560670 0.19644148264670336 35
1694624562050 0.25350113157070736 36
1694624563433 0.33879431942452276 37
1694624565045 0.4570125012653306 38
1694624566491 0.6115238360928144 39
1694624567809 0.8041202442071717 40
1694624569192 1.0349178837829993 41
1694624570685 1.3023861382001338 42
1694624571981 1.6034787617297503 43
1694624573358 1.933840905843656 44
1694624574736 2.2880670476609435 45
1694624576130 2.6599870713722527 46
1694624577652 3.042960631669174 47
1694624579077 3.4301631977919635 48
1694624580542 3.8148506114474325 49
1694624582013 4.190592400816368 50
1694624583591 4.551467323047808 51
1694624584886 4.89221754337985 52
1694624586332 5.208360420312177 53
1694624587635 5.4962590055545455 54
1694624589081 5.753154065712912 55
1694624590459 5.977161694659376 56
1694624591886 6.16724143516122 57
1694624593271 6.323140303851251 58
1694624594700 6.445318263078542 59
1694624596096 6.534860560409094 60
1694624597408 6.593382017561977 61
1694624598838 6.622927850589707 62
1694624600069 6.625874994203063 63
1694624601553 6.604837232433884 64
1694624602842 6.562576746327261 65
1694624604189 6.501924011239341 66
1694624605587 6.425707338705766 67
1694624607142 6.336692780913189 68
1694624608394 6.237534613204583 69
1694624609814 6.130736189538377 70
1694624611176 6.01862063005443 71
1694624612453 5.903310547278616 72
1694624613834 5.786715843065952 73
1694624615049 5.670528504693256 74
1694624616285 5.556223286440938 75
1694624617620 5.445063172483631 76
1694624618937 5.338108567560897 77
1694624620230 5.236229243557801 78
1694624621567 5.140118173252628 79
1694624622855 5.050306498477056 80
1694624624334 4.967179001310323 81
1694624625633 4.890989567465055 82
1694624626913 4.821876245771259 83
1694624628084 4.759875612928638 84
1694624629417 4.704936245945255 85
1694624630671 4.656931184433672 86
1694624631978 4.615669330620879 87
1694624633169 4.580905786726054 88
1694624634662 4.552351168042586 89
1694624636106 4.529679956839142 90
1694624638211 4.512537978573585 91
1694624640193 4.500549089564315 92
1694624641971 4.4933211659103796 93
1694624644147 4.4904514787827985 94
1694624645864 4.491531532804292 95
1694624647645 4.496151433511649 96
1694624649592 4.5039038380777665 97
1694624651366 4.514387531568908 98
1694624652924 4.527210659818221 99
