1694708929467 30.17360528337481 0
1694708931074 22.3733971821078 1
1694708932650 15.756690574874558 2
1694708934152 11.752861734793921 3
1694708935739 4.965122312768779 4
1694708937154 0.7045404063878717 5
1694708938551 2.566012218965985 6
1694708939957 1.324732473355955 7
1694708941702 0.9700126688862787 8
1694708943319 0.6819338716907187 9
1694708945004 0.7782746277715251 10
1694708946451 0.7654244414224864 11
1694708948034 0.2073823408375318 12
1694708949713 0.306702979024736 13
1694708951302 0.2415075733577718 14
1694708952914 0.083425913682907 15
1694708954353 0.13649501175801756 16
1694708955941 0.18906161148868092 17
1694708957790 0.13771196018316173 18
1694708959291 0.11334286759866237 19
1694708960924 0.11710075493983092 20
1694708962530 0.1561541700571798 21
1694708964349 0.06715579701341798 22
1694708966157 0.14063305843776908 23
1694708967735 0.06596779212618752 24
1694708969274 0.016166389848989517 25
1694708970975 0.10395087918330706 26
1694708972597 0.13205454153749246 27
1694708974116 0.0957935144825982 28
1694708975718 0.08341128627383385 29
1694708977227 0.12286058652368397 30
1694708978749 0.07972803521527158 31
1694708980690 0.07875523494995795 32
1694708982607 0.16316594192400433 33
1694708984257 0.14739930930667638 34
1694708986076 0.08250183473669741 35
1694708987874 0.0881103740984199 36
1694708989661 0.09390880044550327 37
1694708991435 0.08555327020937951 38
1694708993240 0.07602258175123426 39
1694708995105 0.06731788286151853 40
1694708996946 0.11501757641484947 41
1694708998617 0.047567677897011044 42
1694709000670 0.14874680582020566 43
1694709003579 0.04509566411434092 44
1694709006643 0.11617649793677487 45
1694709009120 0.13227638205472783 46
1694709010871 0.2050444790998443 47
1694709012974 0.08170992815727127 48
1694709015111 0.07210931135448813 49
1694709017198 0.08019955046917482 50
1694709019560 0.015386511074728973 51
1694709021329 0.10920409617257239 52
1694709023019 0.08849848042355846 53
1694709024907 0.07952822191999581 54
1694709026790 0.07336662163294874 55
1694709028403 0.03559696083666824 56
1694709030006 0.17684156601685705 57
1694709031647 0.09256550848068731 58
1694709033742 0.07987636555606792 59
1694709036062 0.06087403365923205 60
1694709037900 0.0437586235120111 61
1694709039591 0.10184705783398322 62
1694709041653 0.043505202910822376 63
1694709043684 0.06951923583041324 64
1694709045594 0.0735094138856245 65
1694709047133 0.0627595940799009 66
1694709049136 0.16637033091153083 67
1694709050734 0.1301803571409046 68
1694709052571 0.08515914093270535 69
1694709054458 0.10792090367270808 70
1694709056561 0.06122038490887025 71
1694709058839 0.06730207338435884 72
1694709060812 0.025432366197648233 73
1694709062959 0.06503904767345378 74
1694709064845 0.10190511891633239 75
1694709066463 0.11546452556051903 76
1694709068318 0.04973010654741821 77
1694709070697 0.06556868173901938 78
1694709073114 0.10330655815840337 79
1694709074935 0.15648329979883221 80
1694709076326 0.25207820808381565 81
1694709077718 0.08298983679607716 82
1694709079487 0.2595755817480533 83
1694709081310 0.03401911071774636 84
1694709082783 0.0940173491383057 85
1694709084365 0.13962820451349142 86
1694709086328 0.1505953254111191 87
1694709088131 0.22464369938920212 88
1694709089684 0.06429032670943206 89
1694709091162 0.04562268279840413 90
1694709092889 0.34253917242688703 91
1694709094377 0.07844532289955451 92
1694709095991 0.15363748349061734 93
1694709097525 0.1219643430502462 94
1694709099117 0.2332807773323123 95
1694709100787 0.08230578679836018 96
1694709102330 0.10543034906680745 97
1694709103934 0.08075228442429483 98
1694709105496 0.21961852834062076 99
