1694668740179 169.46369604336581 0
1694668742293 84.65660499303405 1
1694668744212 68.37581722297176 2
1694668746272 58.240572282233735 3
1694668748395 50.68994379044864 4
1694668750598 44.60533982982594 5
1694668752652 39.51618699556042 6
1694668754859 35.17605181943362 7
1694668757586 31.43141582844652 8
1694668760003 28.17493764531822 9
1694668762115 25.32606472374871 10
1694668764249 22.8217061727682 11
1694668766210 20.611116821386382 12
1694668768297 18.652766934339812 13
1694668770344 16.91225448740804 14
1694668772342 15.360820836455966 15
1694668774271 13.974246911193232 16
1694668776359 12.732007003310867 17
1694668778363 11.616606616444194 18
1694668780250 10.613057005313815 19
1694668782143 9.70845393501513 20
1694668784043 8.891637330729802 21
1694668786018 8.152914482995971 22
1694668787908 7.4838336300724295 23
1694668789907 6.876997743211455 24
1694668791914 6.325910576734625 25
1694668794054 5.824848742501007 26
1694668796090 5.368754874601922 27
1694668798286 4.953147964370036 28
1694668800528 4.57404773844826 29
1694668802453 4.227910575190185 30
1694668804537 3.9115749455321493 31
1694668807053 3.622214752885035 32
1694668809135 3.357299254924998 33
1694668811414 3.1145584956967367 34
1694668813419 2.891953372586176 35
1694668815449 2.6876496199113746 36
1694668817599 2.499995117275042 37
1694668819951 2.3275000328039366 38
1694668822171 2.1688193939809515 39
1694668824401 2.022737745896021 40
1694668826789 1.888155611508688 41
1694668829172 1.7640775133817403 42
1694668831330 1.6496013532539202 43
1694668833437 1.543908976310747 44
1694668835536 1.4462577723110976 45
1694668837704 1.3559731868094989 46
1694668839722 1.2724420333603244 47
1694668842022 1.1951065124253375 48
1694668844125 1.1234588552325606 49
1694668846601 1.0570365214569941 50
1694668848984 0.9954178886396623 51
1694668850930 0.9382183789963021 52
1694668853061 0.8850869759067488 53
1694668855500 0.8357030880974805 54
1694668858015 0.7897737244775638 55
1694668860225 0.747030946881589 56
1694668862196 0.7072295717108223 57
1694668864136 0.6701450947273387 58
1694668866275 0.6355718161136518 59
1694668868332 0.603321145419309 60
1694668870157 0.5732200682240697 61
1694668872152 0.5451097582950286 62
1694668874339 0.5188443207367434 63
1694668876306 0.4942896531581876 64
1694668878223 0.47132241323311097 65
1694668880205 0.4498290822324673 66
1694668882051 0.4297051151773823 67
1694668883975 0.41085416921449786 68
1694668885885 0.3931874026661852 69
1694668887863 0.3766228379680143 70
1694668889898 0.3610847823854077 71
1694668891695 0.34650330100963145 72
1694668893628 0.33281373707822254 73
1694668895714 0.31995627515353164 74
1694668897613 0.3078755431314962 75
1694668899361 0.29652024944641997 76
1694668901336 0.28584285219126754 77
1694668903210 0.2757992571909922 78
1694668905091 0.2663485423524934 79
1694668907028 0.25745270587227576 80
1694668908927 0.24907643611473007 81
1694668910748 0.2411869011828359 82
1694668912591 0.23375355639133893 83
1694668914458 0.22674796802219427 84
1694668916869 0.22014365189518165 85
1694668918702 0.21391592542476395 86
1694668920633 0.20804177195896925 87
1694668922477 0.20249971630870622 88
1694668924368 0.19726971047764813 89
1694668926208 0.19233302869475027 90
1694668928179 0.18767217093456043 91
1694668929439 0.1832707741856086 92
1694668930820 0.17911353079512463 93
1694668932305 0.1751861132798099 94
1694668933806 0.17147510504803787 95
1694668935663 0.16796793652922845 96
1694668937216 0.16465282625176764 97
1694668938715 0.16151872645216023 98
1694668940487 0.15855527283555876 99
1694668942235 0.15575273814174426 100
1694668944124 0.15310198920141893 101
1694668945730 0.1505944471955763 102
1694668947361 0.1482220508560451 103
1694668949018 0.14597722236828375 104
1694668950690 0.14385283575837118 105
1694668952390 0.14184218756508912 106
1694668954028 0.13993896961521096 107
1694668956671 0.1381372437357553 108
1694668959367 0.13643141825119184 109
1694668962870 0.13481622612651945 110
1694668966475 0.13328670462891315 111
1694668968666 0.13183817639134396 112
1694668971416 0.13046623177133587 113
1694668973797 0.12916671240690336 114
1694668976980 0.1279356958798163 115
1694668979148 0.1267694814037127 116
1694668982114 0.12566457646132126 117
1694668983935 0.12461768432118785 118
1694668986311 0.1236256923699159 119
1694668988730 0.12268566120104589 120
1694668990445 0.12179481440638183 121
1694668992194 0.12095052901984552 122
1694668994068 0.12015032656785653 123
1694668995528 0.11939186468380879 124
1694668997378 0.11867292924749925 125
1694668998837 0.11799142701335816 126
1694669000274 0.11734537869408655 127
1694669001759 0.11673291246882797 128
1694669003673 0.1161522578873138 129
1694669005242 0.11560174014354849 130
1694669006652 0.11507977469455151 131
1694669008137 0.11458486220146467 132
1694669009577 0.1141155837719852 133
1694669010966 0.11367059648459976 134
1694669012394 0.11324862917649228 135
1694669013811 0.11284847847828654 136
1694669015252 0.11246900507996704 137
1694669016736 0.11210913021342006 138
1694669018099 0.11176783233804162 139
1694669019591 0.11144414401679527 140
1694669021032 0.11113714897096105 141
1694669022729 0.11084597930261467 142
1694669025366 0.11056981287461273 143
1694669027705 0.11030787083854036 144
1694669030033 0.1100594153017111 145
1694669032492 0.10982374712489396 146
1694669035071 0.1096002038429834 147
1694669037438 0.10938815770133582 148
1694669040228 0.10918701380095931 149
1694669042852 0.10899620834618261 150
1694669045142 0.10881520698882939 151
1694669047027 0.10864350326330315 152
1694669048899 0.10848061710733435 153
1694669051357 0.10832609346347184 154
1694669053639 0.10817950095669857 155
1694669055788 0.10804043064383996 156
1694669058034 0.10790849483069404 157
1694669060984 0.10778332595305881 158
1694669063415 0.10766457551806617 159
1694669066011 0.10755191310244079 160
1694669068261 0.10744502540450886 161
1694669070413 0.1073436153469671 162
1694669072524 0.10724740122759724 163
1694669074466 0.10715611591527968 164
1694669076545 0.10706950608880912 165
1694669078439 0.10698733151616587 166
1694669080620 0.10690936437202433 167
1694669082805 0.10683538859141656 168
1694669085189 0.10676519925757837 169
1694669087219 0.10669860202212536 170
1694669089274 0.10663541255580772 171
1694669091321 0.10657545602819048 172
1694669093349 0.10651856661470203 173
1694669095540 0.10646458702957953 174
1694669097616 0.10641336808331885 175
1694669099641 0.10636476826332111 176
1694669101768 0.1063186533364925 177
1694669103808 0.10627489597262865 178
1694669105841 0.10623337538747611 179
1694669108329 0.10619397700442532 180
1694669110567 0.10615659213384608 181
1694669112610 0.10612111766913186 182
1694669114787 0.10608745579856776 183
1694669117138 0.10605551373218784 184
1694669119154 0.10602520344283017 185
1694669121301 0.10599644142064216 186
1694669123366 0.1059691484403284 187
1694669125735 0.10594324934047242 188
1694669128366 0.10591867281429748 189
1694669130589 0.10589535121126728 190
1694669132502 0.10587322034895992 191
1694669134407 0.10585221933467581 192
1694669136435 0.10583229039627293 193
1694669138415 0.10581337872174633 194
1694669140227 0.10579543230709623 195
1694669142131 0.1057784018120528 196
1694669144006 0.10576224042324858 197
1694669146035 0.1057469037244508 198
1694669148069 0.1057323495734869 199
1694669150096 0.10571853798551512 200
1694669152083 0.10570543102231066 201
1694669153847 0.1056929926872567 202
1694669155943 0.10568118882574193 203
1694669157951 0.1056699870306868 204
1694669159872 0.10565935655293203 205
1694669161619 0.10564926821623703 206
1694669163387 0.10563969433665116 207
1694669165260 0.10563060864603031 208
