1694738353845 0.07386498349894279 0
1694738356036 0.00013096434395791796 1
1694738358468 0.01731304862147194 2
1694738360885 0.06789382128727364 3
1694738363361 0.6882967547087138 4
1694738365782 0.09184607833376526 5
1694738367923 0.5491603773142265 6
1694738370706 0.007155065725553415 7
1694738372956 0.015064059272648674 8
1694738375564 0.04246008652179375 9
1694738378021 0.03367591463904405 10
1694738380307 0.00010626776511361852 11
1694738382732 0.5742692896210195 12
1694738385070 9.946951028823593e-05 13
1694738387383 7.998898318998585e-05 14
1694738389783 0.017040846369881648 15
1694738392117 0.5562838091137213 16
1694738394669 0.10111301170913445 17
1694738397056 0.03022750204443615 18
1694738399263 0.06463119584289291 19
1694738401713 0.02962095895806826 20
1694738403883 1.804570166675154e-05 21
1694738406590 0.006416873431327697 22
1694738408758 0.007189010519010614 23
1694738411192 0.00590727164918555 24
1694738413550 0.0855361269736076 25
1694738415704 0.028710195781651304 26
1694738418194 0.028954296071866323 27
1694738420572 0.05185123597213722 28
1694738422906 0.01175883237396308 29
1694738425342 0.4941445053829295 30
1694738427613 0.3932786608381363 31
1694738430197 0.03953562310181902 32
1694738432399 0.25821716949883255 33
1694738434803 0.10124070173590909 34
1694738437471 1.422463699273823 35
1694738439630 0.004850446683336945 36
1694738442227 0.23526490537874525 37
1694738444434 0.002237107210912596 38
1694738446796 0.025628299527062415 39
1694738449246 0.010326617890221402 40
1694738451487 0.15529088674951094 41
1694738453859 0.2794257333048901 42
1694738456152 0.00011718350531137421 43
1694738458520 0.07773955692896148 44
1694738460617 0.025146460812577896 45
1694738462856 0.001777724949610557 46
1694738465317 0.09500498680049037 47
1694738467452 0.037970600176963694 48
1694738469816 0.012811525054276221 49
1694738471846 0.14937977331396046 50
1694738474285 0.12154759603570882 51
1694738476354 0.0093602053025442 52
1694738478576 3.561576644463737e-06 53
1694738480713 0.00035898073104192075 54
1694738482881 0.26682247738074377 55
1694738485056 0.024587189462017458 56
1694738487251 0.02882547270716901 57
1694738489683 0.02266986676771792 58
1694738491885 0.004927686937733399 59
1694738494320 0.43131310544357043 60
1694738496644 0.004432828142364011 61
1694738499205 0.07982507028153245 62
1694738501792 0.07882982701537025 63
1694738503955 0.05513514172483178 64
1694738506480 0.21302355782020932 65
1694738508765 0.18109454890304102 66
1694738511091 0.06162464954448201 67
1694738513672 0.029992493506692582 68
1694738516044 0.05580316609372303 69
1694738518417 0.041693002511299655 70
1694738520541 0.09220669559218134 71
1694738522851 0.1507086627540979 72
1694738525225 0.0011071182649458951 73
1694738527401 0.5976088264836562 74
1694738529754 0.021884200860106062 75
1694738531986 0.003769455598606788 76
1694738534405 0.13166486978230268 77
1694738536455 0.14175243249892486 78
1694738538784 0.12970789884656989 79
1694738540962 0.05433816382229781 80
1694738543239 0.07364549027135141 81
1694738545540 0.011801003602275678 82
1694738547764 0.028381509345220875 83
1694738550136 0.0016253367675052065 84
1694738552348 0.23436418977910797 85
1694738554992 0.6959371301688432 86
1694738557441 0.02102619637361261 87
1694738559875 0.12026964828711212 88
1694738562268 0.2873366371113523 89
1694738564712 0.050787673460639775 90
1694738567262 0.016743732400351662 91
1694738569874 0.20480381004497344 92
1694738572252 0.06994721651276063 93
1694738574968 0.11784762022303802 94
1694738577279 0.5175662122378264 95
1694738579480 0.38349154305770994 96
1694738581868 0.370386335750413 97
1694738584049 0.006624540121197936 98
1694738586546 0.10698861671077466 99
