1694447890224 -239.32384704812617 0
1694447891403 -193.48320114987771 1
1694447892824 -156.74065671040864 2
1694447894346 -126.98108598162001 3
1694447895324 -102.8740394858525 4
1694447896706 -83.3408165938584 5
1694447897675 -67.51033556516231 6
1694447898551 -54.67778098017311 7
1694447899560 -44.27340398773687 8
1694447900469 -35.835815961923515 9
1694447901286 -28.989749232350658 10
1694447902085 -23.435566298161646 11
1694447902855 -18.926041957809428 12
1694447903561 -15.265532580296007 13
1694447904394 -12.292560244093387 14
1694447905219 -9.875392352973853 15
1694447906006 -7.9118319746961845 16
1694447906747 -6.313830603535802 17
1694447907518 -5.014717665156256 18
1694447908262 -3.957409597551071 19
1694447909030 -3.094952077104433 20
1694447909780 -2.3932187072392908 21
1694447910486 -1.8199840496196154 22
1694447911233 -1.3530301669260196 23
1694447911957 -0.9718631884256401 24
1694447912727 -0.6592030169746195 25
1694447913525 -0.40436860919283846 26
1694447914222 -0.19488476842996816 27
1694447914937 -0.02383846957867375 28
1694447915678 0.11634260641308791 29
1694447916574 0.23249827404032375 30
1694447917531 0.3272346575094258 31
1694447918638 0.405984414717908 32
1694447919764 0.47038098062520195 33
1694447920613 0.5240887261332872 34
1694447921357 0.568154994230116 35
1694447922054 0.60448460721831 36
1694447922761 0.6354420767733058 37
1694447923514 0.6605636100553747 38
1694447924389 0.6820730061509999 39
1694447925191 0.6996015914650118 40
1694447926021 0.7146759167487079 41
1694447926845 0.7270278763761796 42
1694447927520 0.7376896922961207 43
1694447928221 0.7464868652156587 44
1694447928968 0.7541002445840598 45
1694447929705 0.7604365254405554 46
1694447930520 0.7659263901628547 47
1694447931303 0.770543746351956 48
1694447932145 0.7745410929408673 49
1694447932910 0.7779460371713793 50
1694447933568 0.7808843183610239 51
1694447934378 0.7834251597956229 52
1694447935119 0.7856044240238164 53
1694447936064 0.7875226451151834 54
1694447936922 0.7891523544682411 55
1694447937702 0.7906168887724162 56
1694447938400 0.7918446080689184 57
1694447939489 0.7929747953605385 58
1694447940371 0.7939054963600438 59
1694447941194 0.7947865223584778 60
1694447941924 0.7954956369634215 61
1694447942674 0.7961889709446919 62
1694447943526 0.7967312673531227 63
1694447944801 0.7972817596019326 64
1694447945658 0.7976974167887857 65
1694447946368 0.7981381571320662 66
1694447947047 0.7984569519706834 67
1694447947697 0.7988126208442091 68
1694447948372 0.7990568373945366 69
1694447949181 0.7993460366503456 70
1694447949979 0.7995325052970058 71
1694447950869 0.799769394354075 72
1694447951715 0.7999109345245645 73
1694447952529 0.8001063903167014 74
1694447953288 0.8002128413923093 75
1694447954021 0.8003752893512186 76
