1694684821069 168.83772543452676 0
1694684822255 165.4827849313988 1
1694684823531 159.23393702513175 2
1694684824966 150.60455989197365 3
1694684826137 140.12795428522065 4
1694684827315 128.33063025706028 5
1694684828456 115.71119969085451 6
1694684829598 102.72458161238973 7
1694684830681 89.77108444912632 8
1694684831882 77.18982997114603 9
1694684833015 65.25592313057975 10
1694684834083 54.180745340037795 11
1694684835298 44.114750497809055 12
1694684836512 35.15216782716715 13
1694684837646 27.33705806073853 14
1694684838811 20.670224712714145 15
1694684839987 15.116545643040057 16
1694684841313 10.612357870766788 17
1694684842516 7.072597268765601 18
1694684843646 4.397461603472015 19
1694684844903 2.478428199854197 20
1694684846035 1.2035147057510818 21
1694684847282 0.4617219109633687 22
1694684848458 0.14664071548280577 23
1694684849486 0.15924090548487155 24
1694684850624 0.40988748310631723 25
1694684851773 0.8196512685147506 26
1694684852892 1.3209949124832996 27
1694684853978 1.8579240276592761 28
1694684855051 2.3856966575723173 29
1694684856204 2.8701835857956803 30
1694684857295 3.286967876949405 31
1694684858396 3.6202653397088684 32
1694684859553 3.8617390581710436 33
1694684860713 4.0092714276559 34
1694684861762 4.0657468456495645 35
1694684862867 4.037887848715758 36
1694684864059 3.935177459925222 37
1694684865174 3.7688911364513618 38
1694684866273 3.5512532160307315 39
1694684867354 3.2947253087650625 40
1694684868492 3.011427753155993 41
1694684869574 2.7126900792001916 42
1694684870735 2.4087223749013997 43
1694684871875 2.108396475047692 44
1694684873017 1.8191238928862774 45
1694684874123 1.5468162866151793 46
1694684875263 1.2959138714810727 47
1694684876444 1.0694674276033176 48
1694684877473 0.8692602869211196 49
1694684878898 0.6959577886566918 50
1694684880302 0.5492730590550414 51
1694684881804 0.42813949700388965 52
1694684883698 0.3308819446590045 53
1694684885440 0.25538011754350975 54
1694684886662 0.19921940198809293 55
1694684888093 0.1598255531449185 56
1694684889324 0.13458111088183117 57
1694684890465 0.12092247203724658 58
1694684891636 0.11641750444022113 59
1694684892741 0.11882435816497527 60
1694684893896 0.12613272726495328 61
1694684895297 0.13658925093233965 62
1694684896988 0.14870903105459404 63
1694684898325 0.16127540073588117 64
1694684900288 0.17333012441730322 65
1694684903259 0.18415616428882547 66
1694684906192 0.19325502902798922 67
1694684909176 0.2003205478977305 68
1694684911325 0.20521070282058412 69
1694684913976 0.2079189183457571 70
1694684916997 0.20854596753019547 71
1694684919005 0.2072734116121593 72
1694684921131 0.20433926176275888 73
1694684923701 0.20001633887948067 74
1694684926629 0.1945936171234156 75
1694684929687 0.1883606717382016 76
1694684932280 0.1815952131324593 77
1694684934612 0.1745535774709605 78
1694684937098 0.16746395825702595 79
1694684940489 0.1605221019291299 80
1694684944961 0.15388915106316606 81
1694684947326 0.14769129868968633 82
1694684949132 0.14202091359906066 83
1694684950624 0.1369388063407875 84
1694684953149 0.13247732600461015 85
1694684955398 0.12864400603355333 86
1694684958440 0.12542551072584565 87
1694684961252 0.12279167047973297 88
1694684964296 0.1206994312826508 89
1694684966597 0.11909658083245157 90
1694684968850 0.1179251487186267 91
1694684971747 0.11712441031444658 92
1694684974648 0.11663345275612255 93
1694684976765 0.11639328619329756 94
1694684978895 0.11634850419474174 95
1694684981513 0.11644851378410362 96
1694684983667 0.11664836821820489 97
1694684985993 0.11690924457984729 98
1694684988080 0.11719861390034267 99
1694684989585 0.11749015427246731 100
1694684991085 0.11776345771076638 101
1694684992285 0.11800357981893775 102
1694684993819 0.11820047807793033 103
1694684995296 0.11834838019197748 104
1694684996451 0.11844511880476404 105
1694684997526 0.11849146336168062 106
1694684999335 0.1184904742354382 107
1694685000536 0.11844689868960073 108
1694685001677 0.1183666230165215 109
1694685002845 0.11825619039390448 110
1694685004047 0.11812238975518502 111
1694685005191 0.11797191732139581 112
1694685006530 0.11781110942051476 113
1694685007865 0.11764574282047202 114
1694685009212 0.11748089699716888 115
1694685010480 0.11732087150471472 116
1694685011660 0.11716915085483368 117
1694685012806 0.11702840898129319 118
1694685014062 0.11690054539453597 119
1694685015937 0.11678674545213663 120
1694685017513 0.11668755771502201 121
1694685019014 0.11660298206465843 122
1694685020766 0.11653256306551915 123
1694685022256 0.11647548391989815 124
1694685023621 0.11643065723582073 125
1694685025282 0.11639680967839304 126
1694685027190 0.11637255837295825 127
1694685028902 0.11635647765457303 128
1694685030280 0.11634715539884405 129
