1694338693011 -238.94545036909622 0
1694338693566 -193.37560334368374 1
1694338694037 -157.2448251718905 2
1694338694470 -128.5242828797937 3
1694338694903 -105.63087364543459 4
1694338695359 -87.32807742909273 5
1694338695846 -72.64901568388399 6
1694338696335 -60.836723785572026 7
1694338696818 -51.29776957549181 8
1694338697373 -43.5662214524217 9
1694338697891 -37.275644052720075 10
1694338698372 -32.13732206111951 11
1694338698931 -27.92331742201356 12
1694338699465 -24.45327874680906 13
1694338699988 -21.584164611064182 14
1694338700540 -19.202230635275342 15
1694338701114 -17.21677607937741 16
1694338701587 -15.555258703809905 17
1694338702017 -14.159474254899534 18
1694338702478 -12.982564846381806 19
1694338702923 -11.98667316738829 20
1694338703479 -11.141100285188035 21
1694338704033 -10.420856488927013 22
1694338704587 -9.805519199367701 23
1694338705140 -9.278331045578339 24
1694338705641 -8.82548601939321 25
1694338706151 -8.435563120450809 26
1694338706668 -8.099075841179562 27
1694338707157 -7.808112787605197 28
1694338707691 -7.556050134233168 29
1694338708234 -7.33732081518051 30
1694338708745 -7.1472286271791745 31
1694338709227 -6.981797970849622 32
1694338709652 -6.837651945911197 33
1694338710159 -6.711913068778864 34
1694338710644 -6.602122094302731 35
1694338711145 -6.506171372534499 36
1694338711633 -6.422249914814389 37
1694338712065 -6.348797926569547 38
1694338712540 -6.284469022283177 39
1694338713132 -6.228098698558753 40
1694338713576 -6.178677925399662 41
1694338714049 -6.135330940351614 42
1694338714504 -6.09729650794294 43
1694338714951 -6.06391204798127 44
1694338715395 -6.034600148582829 45
1694338715852 -6.008857069457703 46
1694338716367 -5.986242912745382 47
1694338716856 -5.966373196341119 48
1694338717345 -5.948911611113271 49
1694338717770 -5.933563780991065 50
1694338718258 -5.92007187541171 51
1694338718810 -5.9082099484821615 52
1694338719275 -5.897779899557928 53
1694338719905 -5.888607966657856 54
1694338720612 -5.880541677924301 55
1694338721418 -5.8734471977600595 56
1694338722027 -5.86720701377331 57
1694338722586 -5.861717918593715 58
1694338723126 -5.856889247272216 59
1694338723883 -5.852641336571617 60
1694338724726 -5.84890417718021 61
1694338725359 -5.845616233884584 62
1694338725934 -5.842723412142567 63
1694338726528 -5.84017815240075 64
1694338727139 -5.837938635985186 65
1694338727707 -5.835968088524171 66
1694338728250 -5.834234168694202 67
1694338728725 -5.832708431659034 68
1694338729258 -5.83136585793582 69
1694338729747 -5.830184439602271 70
1694338730210 -5.829144816782387 71
1694338730885 -5.82822995823637 72
1694338731364 -5.827424880653416 73
1694338731933 -5.826716401918577 74
1694338732492 -5.826092924211359 75
1694338733170 -5.825544243305737 76
1694338733676 -5.825061380888147 77
1694338734191 -5.824636437101012 78
1694338734678 -5.824262460861197 79
1694338735318 -5.8239333358021526 80
1694338735804 -5.82364367995096 81
1694338736261 -5.8233887574810685 82
1694338736805 -5.82316440108322 83
1694338737323 -5.822966943673934 84
1694338737869 -5.822793158315851 85
1694338738369 -5.822640205360769 86
1694338738840 -5.822505585945478 87
1694338739274 -5.822387101075845 88
1694338739740 -5.822282815626635 89
1694338740241 -5.822191026665926 90
1694338740805 -5.822110235583948 91
1694338741287 -5.8220391235691356 92
1694338741765 -5.821976530028946 93
