1694518918084 169.64084248330963 0
1694518918997 166.1927940160645 1
1694518919911 159.84573710322303 2
1694518920894 151.12085011292075 3
1694518921879 140.55907324876054 4
1694518922795 128.69367161522715 5
1694518923787 116.02845738334577 6
1694518924716 103.02153320962262 7
1694518925728 90.07413570442907 8
1694518926791 77.52403567862638 9
1694518928213 65.64287455446751 10
1694518929722 54.63680122429649 11
1694518930886 44.64968635011543 12
1694518932036 35.76830674153579 13
1694518933442 28.028924221595172 14
1694518935452 21.424707673262514 15
1694518936878 15.913530964648942 16
1694518938335 11.425658597682354 17
1694518939385 7.871478735390451 18
1694518940755 5.148105218452256 19
1694518941884 3.1455921602260903 20
1694518942997 1.7522099514880582 21
1694518944137 0.8588153765620781 22
1694518945138 0.3623102896244952 23
1694518946249 0.16822149930632427 24
1694518947285 0.19246403904684714 25
1694518948344 0.36237132818427437 26
1694518949348 0.617089564681222 27
1694518950272 0.9074409119845505 28
1694518951411 1.1953616268629323 29
1694518952395 1.4530182403390033 30
1694518953368 1.661698260245647 31
1694518954300 1.8105625742960179 32
1694518955532 1.8953356822948921 33
1694518957731 1.9169978621823351 34
1694518959237 1.8805310523842247 35
1694518960310 1.7937581702557208 36
1694518961273 1.6663042233682852 37
1694518962209 1.5086972341566485 38
1694518963227 1.3316179115852798 39
1694518964212 1.1452992950611771 40
1694518965167 0.9590713140619245 41
1694518966212 0.781018644084524 42
1694518967294 0.6178382185116086 43
1694518968334 0.474709416849033 44
1694518969274 0.3552884743067412 45
1694518970298 0.2617748161379965 46
1694518971257 0.19502051673733556 47
1694518972183 0.15469965166116065 48
1694518973159 0.13950378036503475 49
1694518974007 0.14733781733912657 50
1694518974938 0.17551673965741815 51
1694518975913 0.22096970525790946 52
1694518976839 0.2803781096995965 53
1694518977823 0.350351572158976 54
1694518978754 0.4275621184392552 55
1694518979719 0.508854681927858 56
1694518980668 0.5913335688500423 57
1694518981631 0.6724255827700715 58
1694518982620 0.7498952324621377 59
1694518983552 0.8219199979636448 60
1694518984537 0.8870715652121718 61
1694518985495 0.9443042007409078 62
1694518986450 0.9929448546538873 63
1694518987459 1.0326214786231265 64
1694518988374 1.0632539832857115 65
1694518989390 1.0850136005542688 66
1694518990340 1.098271358562472 67
1694518991278 1.1035786634520552 68
1694518992490 1.101615679631213 69
1694518994406 1.0931392607888728 70
1694518995807 1.0789595604086966 71
1694518996866 1.0599154250196121 72
1694518997847 1.0368375378067767 73
1694518998888 1.01053062051324 74
1694518999863 0.9817657012794647 75
1694519000822 0.9512562324088242 76
1694519001853 0.9196412980649389 77
1694519002895 0.8874984271355305 78
1694519003893 0.8553462665907624 79
1694519004897 0.8236214999610616 80
1694519005943 0.7926919640434447 81
1694519006944 0.762842280137919 82
1694519007904 0.7343105359676683 83
1694519008941 0.7072971900838347 84
1694519009846 0.6819353880008021 85
1694519010763 0.6583151475697244 86
1694519011540 0.6364678570834793 87
1694519012310 0.6164136086907884 88
1694519013288 0.5981483861558463 89
1694519014341 0.5816633222306561 90
1694519015351 0.566910318135652 91
1694519016407 0.5538292167906355 92
1694519017347 0.5423507624217931 93
1694519018353 0.5323990668126882 94
1694519019450 0.5238724075593761 95
1694519020428 0.5166866261448698 96
1694519021402 0.5107584456197033 97
1694519022392 0.5060209805866653 98
1694519023453 0.5023857086585148 99
