1694447331819 -239.32384704812617 0
1694447332480 -193.48320114987766 1
1694447333517 -156.74065671040867 2
1694447334568 -126.98108598162001 3
1694447335815 -102.87403948585252 4
1694447337908 -83.34081659385843 5
1694447338784 -67.51033556516231 6
1694447339663 -54.67778098017312 7
1694447340720 -44.273403987736884 8
1694447341494 -35.83581596192353 9
1694447342231 -28.989749232350682 10
1694447342913 -23.435566298161646 11
1694447343579 -18.926041957809424 12
1694447344383 -15.26553258029601 13
1694447345454 -12.292560244093387 14
1694447346685 -9.87539235297385 15
1694447348031 -7.9118319746961845 16
1694447349089 -6.313830603535802 17
1694447350022 -5.014717665156256 18
1694447350853 -3.957409597551072 19
1694447351566 -3.094952077104433 20
1694447352088 -2.3932187072392908 21
1694447352682 -1.8199840496196154 22
1694447353361 -1.3530301669260196 23
1694447354135 -0.9718631884256401 24
1694447354829 -0.6592030169746201 25
1694447355798 -0.404368609192838 26
1694447356665 -0.19488476842996816 27
1694447357677 -0.023838469578673527 28
1694447358563 0.11634260641308791 29
1694447359829 0.23249827404032386 30
1694447360693 0.3272346575094258 31
1694447361476 0.4059844147179079 32
1694447362154 0.47038098062520184 33
1694447362917 0.5240887261332872 34
1694447363671 0.568154994230116 35
1694447364366 0.6044846072183099 36
1694447365147 0.6354420767733057 37
1694447366163 0.6605636100553746 38
1694447367032 0.6820730061509997 39
1694447367703 0.6996015914650118 40
1694447368734 0.714675916748708 41
1694447369477 0.7270278763761797 42
1694447370162 0.7376896922961206 43
1694447370766 0.7464868652156588 44
1694447371428 0.7541002445840597 45
1694447372031 0.7604365254405554 46
1694447372671 0.7659263901628547 47
1694447373359 0.770543746351956 48
1694447374316 0.7745410929408673 49
1694447375485 0.7779460371713793 50
1694447376722 0.7808843183610239 51
1694447377583 0.7834251597956229 52
1694447378441 0.7856044240238165 53
1694447379219 0.7875226451151833 54
1694447380015 0.7891523544682411 55
1694447380740 0.7906168887724162 56
1694447381551 0.7918446080689184 57
1694447382293 0.7929747953605385 58
1694447382899 0.7939054963600438 59
1694447383515 0.7947865223584778 60
1694447384173 0.7954956369634215 61
1694447384811 0.7961889709446919 62
1694447385599 0.7967312673531227 63
1694447386409 0.7972817596019325 64
1694447387014 0.7976974167887857 65
1694447387677 0.7981381571320662 66
1694447388325 0.7984569519706834 67
1694447389158 0.798812620844209 68
1694447389829 0.7990568373945366 69
1694447390451 0.7993460366503456 70
1694447391079 0.7995325052970058 71
1694447391660 0.7997693943540749 72
1694447392267 0.7999109345245645 73
1694447392906 0.8001063903167014 74
1694447393560 0.8002128413923093 75
1694447394198 0.8003752893512186 76
