1694518800499 168.54379126551402 0
1694518801575 165.19807082103898 1
1694518802961 158.98123743511965 2
1694518804385 150.4053055140903 3
1694518805784 140.00221953291933 4
1694518806996 128.29686326530492 5
1694518808081 115.7856681422015 6
1694518809092 102.92063974118895 7
1694518810515 90.09831279815005 8
1694518811926 77.65325781940595 9
1694518813558 65.85539963865641 10
1694518815015 54.91042013097538 11
1694518816119 44.9628484723627 12
1694518817175 36.101054373986415 13
1694518818164 28.36360329504832 14
1694518819289 21.746452276521595 15
1694518820425 16.210446374648207 16
1694518821700 11.689163770446742 17
1694518822758 8.095938694157763 18
1694518823692 5.330685340803404 19
1694518824642 3.2859254943736995 20
1694518825599 1.851996395840405 21
1694518826547 0.9213842894015832 22
1694518827503 0.39217475876388164 23
1694518828381 0.17064824015694877 24
1694518829381 0.173078092357982 25
1694518830219 0.3268097435577035 26
1694518831051 0.5707133786186872 27
1694518831822 0.8551101972180104 28
1694518832679 1.1412743802802678 29
1694518833639 1.4006105083895724 30
1694518834588 1.6136002372685327 31
1694518835543 1.768531322550019 32
1694518836527 1.860461275066003 33
1694518837496 1.8896893629449718 34
1694518838475 1.8606147358845138 35
1694518839504 1.7805893619621123 36
1694518840486 1.6588848551688038 37
1694518841541 1.5057922548950604 38
1694518842562 1.3318235620776224 39
1694518843620 1.1471999131119897 40
1694518844617 0.9613511549562568 41
1694518845678 0.7825007692691015 42
1694518846639 0.6175016927621377 43
1694518847952 0.47172656219175496 44
1694518849482 0.3490303854671562 45
1694518850962 0.25184646454493087 46
1694518853679 0.18127614006260245 47
1694518855099 0.13721096919224235 48
1694518856334 0.11852692472789507 49
1694518857345 0.12329088633166152 50
1694518858323 0.14894039616566204 51
1694518859549 0.19246875445918465 52
1694518860738 0.2506098544472354 53
1694518862037 0.3199965281461815 54
1694518863195 0.3972943544439239 55
1694518864262 0.4793179915007861 56
1694518865308 0.5631217229263762 57
1694518866731 0.6460582078020459 58
1694518867944 0.725838598103129 59
1694518869133 0.8005559393329432 60
1694518870249 0.8686925730212524 61
1694518871507 0.9291126044641809 62
1694518874157 0.9810346088565353 63
1694518875908 1.024012366786571 64
1694518877319 1.0578995444580168 65
1694518878354 1.082808287884976 66
1694518879323 1.0990701796711668 67
1694518880282 1.1071944664339388 68
1694518881227 1.1078264384331984 69
1694518882293 1.1016982400986106 70
1694518883583 1.0896059249998624 71
1694518884669 1.0723780481172582 72
1694518885759 1.050848235896982 73
1694518886746 1.0258401859126065 74
1694518887806 0.9981300339946577 75
1694518888809 0.9684442517611428 76
1694518889801 0.9374491305110554 77
1694518890703 0.9057438932281862 78
1694518891540 0.8738359973849146 79
1694518892434 0.8421774868722018 80
1694518893421 0.8111536100063805 81
1694518894815 0.7810852243777163 82
1694518896327 0.7522486694919829 83
1694518897838 0.7248411284657721 84
1694518898930 0.699010027455079 85
1694518900085 0.6748586587468064 86
1694518901274 0.6524518451462828 87
1694518902216 0.6318214601550987 88
1694518903178 0.6129443447242551 89
1694518904132 0.5957998792019414 90
1694518905106 0.5803525806062377 91
1694518906128 0.5665550751696535 92
1694518907115 0.5543700518758292 93
1694518908065 0.5437238104399967 94
1694518908986 0.5345385397166491 95
1694518909937 0.5267338698144319 96
1694518910869 0.5202280496245963 97
1694518911817 0.5149388183246029 98
1694518912827 0.5107840358077452 99
