1694771189692 58.150297520484486 0
1694771192015 15.916941604549862 1
1694771194259 4.6313769628835635 2
1694771196343 2.2479337008992086 3
1694771198337 0.3950762317771478 4
1694771200409 0.3921975578058598 5
1694771202522 0.6706847229061822 6
1694771204591 0.09653390342798956 7
1694771206718 0.0945574073395234 8
1694771208767 0.11182762351517425 9
1694771211159 0.08690302795958331 10
1694771213109 0.06564277235164664 11
1694771215194 0.06937577404734699 12
1694771217177 0.2158176473738794 13
1694771219240 0.2952996620885144 14
1694771221330 0.06830646865555189 15
1694771223469 0.08048799829271626 16
