1694713128129 -inf 0
1694713129597 -inf 1
1694713130504 -inf 2
1694713131469 -inf 3
1694713132203 -inf 4
1694713133072 -inf 5
1694713134085 -inf 6
1694713135084 -inf 7
1694713136434 -inf 8
1694713137746 -inf 9
1694713139127 -inf 10
1694713140331 -inf 11
1694713142205 -inf 12
1694713143641 -inf 13
1694713144657 -inf 14
1694713145610 -inf 15
1694713146536 -inf 16
1694713147576 -inf 17
1694713149181 -inf 18
1694713150385 -inf 19
1694713151443 -inf 20
1694713152503 -inf 21
1694713153439 -inf 22
1694713154282 -inf 23
1694713155076 -inf 24
1694713156085 -inf 25
1694713157430 -inf 26
1694713158485 -inf 27
1694713160052 -inf 28
1694713161506 -inf 29
1694713162602 -inf 30
1694713163397 -inf 31
1694713164186 -inf 32
1694713165213 -inf 33
1694713166229 -inf 34
