1694690329506 0.29672266961712845 0
1694690330850 0.0597284502846309 1
1694690332471 0.14994359412605035 2
1694690334012 0.15164445660477224 3
1694690335696 0.10590878538812816 4
1694690337176 0.10907917768125547 5
1694690338765 0.1505117348783555 6
1694690340288 0.14755507318602815 7
1694690341887 0.09904122834340424 8
1694690343162 0.11040662381216008 9
1694690344494 0.07059729644252967 10
1694690345953 0.0818614727842092 11
1694690347135 0.11230957913388417 12
1694690348383 0.13462843495266855 13
1694690349882 0.07022890074610548 14
1694690351093 0.1328920361879907 15
1694690352392 0.1274236514629737 16
1694690353807 0.09937158209900879 17
1694690355050 0.16224248010090636 18
1694690356320 0.08220399827591247 19
1694690357758 0.09994806130104993 20
1694690359064 0.10538505409765672 21
1694690360258 0.13360786443205033 22
1694690361788 0.13706291508060228 23
1694690362978 0.20712836380964136 24
1694690364268 0.11974330617982742 25
1694690365722 0.10163090012102187 26
1694690366975 0.11168702912769621 27
1694690368117 0.1069334915495174 28
1694690369520 0.1431085305346114 29
1694690370698 0.09529482027880234 30
1694690372084 0.13137933042275168 31
1694690373426 0.10744541954612084 32
1694690374662 0.10265778133674709 33
1694690375909 0.1115733137408697 34
1694690377570 0.15661665239007902 35
1694690379079 0.09833956896045622 36
1694690380437 0.14645958659747602 37
1694690381883 0.09702945107601582 38
1694690383000 0.12216119948541335 39
1694690384307 0.1286963812936514 40
1694690385854 0.09564705921309535 41
1694690387148 0.10096245756026674 42
1694690388437 0.09868048973966027 43
1694690389910 0.07220704867376682 44
1694690391221 0.15642749857172514 45
1694690392479 0.09965548247997377 46
1694690394067 0.12538264326089016 47
1694690395647 0.08157231287118852 48
1694690397096 0.12001386214693947 49
1694690398393 0.10616533393638328 50
1694690400159 0.0782774178632824 51
1694690401725 0.17870181891501516 52
1694690402969 0.17087292210831692 53
1694690404581 0.08129394545318885 54
1694690406128 0.08644011526990339 55
1694690407323 0.15329481974022885 56
1694690408588 0.10952609348379175 57
1694690410263 0.2271195484687247 58
1694690411549 0.10517707742620243 59
1694690412919 0.09298857680946909 60
1694690414392 0.11291056924396607 61
1694690415510 0.13860236375063953 62
1694690416834 0.08682884289886598 63
1694690418112 0.11028810746530411 64
1694690419303 0.1442951023478646 65
1694690420550 0.09732384166989626 66
1694690422002 0.14990100845703214 67
1694690423160 0.07469406312739026 68
1694690424463 0.10541285204386133 69
1694690425809 0.09012162795342189 70
1694690427146 0.08460882028279904 71
1694690428326 0.08627634378097701 72
1694690429722 0.1109010388947135 73
1694690430992 0.09596655309390446 74
1694690432696 0.09785651508577478 75
1694690434427 0.1301177573331918 76
1694690436464 0.06209377212661986 77
1694690438006 0.12604323377196183 78
1694690439544 0.07172600011378533 79
1694690441354 0.1927813714602865 80
1694690442932 0.09843403278459052 81
1694690444342 0.11682532486113628 82
1694690445625 0.1460652748113063 83
1694690447691 0.11830050455359516 84
1694690449336 0.14734836475285223 85
1694690450914 0.10749266495351203 86
1694690452351 0.10498520873878271 87
1694690453711 0.11775555009094 88
1694690455083 0.162745606941673 89
1694690456488 0.052177815700355124 90
1694690457755 0.1062622811992647 91
1694690459591 0.09162788536854949 92
1694690461067 0.12635359594755552 93
1694690463423 0.1165928298279483 94
1694690465377 0.09898655636847628 95
1694690466615 0.0875411440173849 96
1694690467935 0.11375767325859525 97
1694690469263 0.11800640958267754 98
1694690470790 0.13323856932612815 99
1694690472327 0.14990726704036111 100
1694690474105 0.11297097378564964 101
1694690475582 0.09022144701658066 102
1694690477121 0.09873286778747739 103
1694690478583 0.11435134138844073 104
1694690480310 0.10161035024212417 105
1694690481772 0.13488873997737755 106
1694690483261 0.14874507807247847 107
1694690484618 0.18830126497864666 108
1694690486225 0.09505864472645156 109
1694690487654 0.08184423439075868 110
1694690489256 0.08339077270667965 111
1694690490699 0.1013058893812767 112
1694690492468 0.15952947498179365 113
1694690494063 0.13500042120625982 114
1694690495619 0.10182589413073498 115
1694690497033 0.08869015415583276 116
1694690498849 0.10087812631837792 117
1694690500487 0.1750812019154731 118
1694690502149 0.1161031868180336 119
1694690503607 0.12493299307955023 120
1694690505287 0.13284914657634442 121
1694690506835 0.14392908964928067 122
1694690508506 0.10645135628523791 123
1694690510203 0.1657452035437426 124
1694690511658 0.12481343474569304 125
1694690513059 0.06455216856046299 126
1694690514300 0.08459443812576704 127
1694690515505 0.10321629111518307 128
1694690517028 0.15652881724112588 129
1694690518296 0.08807380089343099 130
1694690519939 0.07409936112862477 131
1694690521379 0.19352228458293858 132
1694690522841 0.09187593032991467 133
1694690524406 0.0891927921858108 134
1694690525993 0.0962457344506314 135
1694690527457 0.0967955270043844 136
1694690528759 0.07307138022391718 137
1694690530047 0.18260335107085307 138
1694690531293 0.047368976432409234 139
1694690532527 0.08391283298427238 140
1694690533855 0.13643297432213403 141
1694690535046 0.08353924027751966 142
1694690536311 0.06035701512832404 143
1694690537544 0.13053590714408989 144
1694690538776 0.0696360453982705 145
1694690539966 0.09136330077297775 146
1694690541291 0.11974269663666981 147
1694690542445 0.08874385338449488 148
1694690543765 0.12763323088059336 149
1694690545000 0.12111945720600881 150
1694690546285 0.10690412764826748 151
1694690547500 0.12433755712351482 152
1694690548835 0.1355673405240995 153
1694690550093 0.10677854114464756 154
1694690551342 0.11083488391240427 155
1694690552727 0.1699160219314398 156
1694690554027 0.10988420900816578 157
1694690555353 0.06847966505841385 158
1694690556572 0.1333256921541874 159
1694690557944 0.15741894018895877 160
1694690559100 0.09478261590863725 161
1694690560479 0.1258094583589515 162
1694690561821 0.08312571903845929 163
1694690563140 0.1566022831849301 164
1694690564328 0.10244330371112288 165
1694690565719 0.15109453272915416 166
1694690566943 0.1514977397835797 167
1694690568350 0.10044977025956213 168
1694690569680 0.13205957138597577 169
1694690570911 0.14400840656385153 170
1694690572149 0.07804148855489502 171
1694690573459 0.07750717717119122 172
1694690574758 0.1433360426317085 173
1694690576280 0.15244604483713348 174
1694690577780 0.15114476586784278 175
1694690579457 0.08046365600935457 176
1694690580954 0.09592826155510399 177
1694690582306 0.1276632656274582 178
1694690583744 0.1455477914102183 179
1694690585225 0.12034220916032248 180
1694690586547 0.10134754981343619 181
1694690587858 0.07147409759806064 182
1694690589224 0.08016670363943573 183
1694690590587 0.17037900759689503 184
1694690591854 0.12651438133894702 185
1694690593170 0.10057008191490305 186
1694690594449 0.15663581449665584 187
1694690595765 0.07094015803224847 188
1694690597149 0.11754867246246074 189
1694690598495 0.08916808890593654 190
1694690599790 0.10281758805174658 191
1694690601468 0.10293299653192317 192
1694690602757 0.10325793135951074 193
1694690604089 0.13102133561569732 194
1694690605549 0.0906955459165789 195
1694690606826 0.12278446238606039 196
1694690608140 0.08767319604161637 197
1694690609456 0.11560637838301913 198
1694690610721 0.10339000516094822 199
1694690612127 0.0652462094381078 200
1694690613549 0.15023879253335282 201
1694690614898 0.09849941858538737 202
1694690616302 0.19005918267253097 203
1694690617773 0.04587353299762533 204
1694690618947 0.1336778957427401 205
1694690620304 0.14385043750995974 206
1694690621793 0.09494308138174201 207
1694690623134 0.1332773702673653 208
1694690624620 0.12885671693526832 209
1694690625991 0.08393707350827354 210
1694690627275 0.10411178302688662 211
1694690628546 0.0781186239652618 212
1694690630057 0.1342085450231435 213
1694690631271 0.06703874423637561 214
1694690632609 0.158881361068697 215
1694690634155 0.1389374649704307 216
1694690635770 0.05845984074889371 217
1694690637195 0.0810675459431998 218
1694690638553 0.11037250537665802 219
1694690640025 0.12563748149893378 220
1694690641362 0.11958619266582968 221
1694690642632 0.12089010239646578 222
1694690643959 0.11685079922637999 223
1694690645389 0.0850228091478633 224
1694690647055 0.08862569472015576 225
1694690648590 0.11820019031112608 226
1694690650031 0.1314952790149335 227
1694690651292 0.08565383066344844 228
1694690652637 0.06742254701996751 229
1694690653884 0.12109183756657119 230
1694690655253 0.1107563789106371 231
1694690656697 0.08306259867881605 232
1694690658459 0.05327702448197003 233
1694690659788 0.1049527605625281 234
1694690661101 0.10213619989668754 235
1694690662433 0.16607260454022296 236
1694690663686 0.12874570736944865 237
1694690665098 0.055627602559610675 238
1694690666360 0.15470120679587596 239
1694690667633 0.10639778876004746 240
1694690668917 0.11733512976525931 241
1694690670230 0.132274946091174 242
1694690671485 0.108435060859673 243
1694690672794 0.1093612807123594 244
1694690674111 0.1378114004926812 245
1694690675340 0.07731947117987766 246
1694690676779 0.131920205841861 247
1694690678127 0.20194333380048987 248
1694690679503 0.07965538461584065 249
1694690680890 0.04871747149444923 250
1694690682384 0.10908455764903167 251
1694690683636 0.2265968847104627 252
1694690685240 0.09149534295773185 253
1694690686609 0.13932482722295858 254
1694690687845 0.10450953699760746 255
1694690689242 0.08868096063276316 256
1694690690527 0.11315239169328069 257
1694690691902 0.17232992816294682 258
1694690693305 0.06679429538553831 259
1694690694649 0.09198001902137187 260
1694690696149 0.12529200587762376 261
1694690697529 0.12887622140244734 262
1694690699063 0.15693602939378168 263
1694690700594 0.10353288758231288 264
1694690701982 0.10662790710345199 265
1694690703255 0.09928562618841574 266
1694690704640 0.11187812144619648 267
1694690706099 0.12455141773434303 268
1694690707404 0.10248124641954891 269
1694690708700 0.1470248510582381 270
1694690710055 0.11648243529607688 271
1694690711298 0.1010780921252101 272
1694690712676 0.11631792659411098 273
1694690714250 0.14751578575479884 274
1694690715487 0.09735230165677575 275
1694690716914 0.15556429201967 276
1694690718367 0.08944889414537918 277
1694690719636 0.11052526524184837 278
1694690721260 0.1120607441395385 279
1694690723321 0.10837855403654137 280
1694690725178 0.12974480951870457 281
1694690726720 0.10616066053541345 282
1694690728035 0.21043918625679867 283
1694690729698 0.09097636080005683 284
1694690731076 0.10861019226264734 285
1694690732546 0.09265047237237412 286
1694690734648 0.11528314998553264 287
1694690737127 0.09026380380998722 288
1694690739107 0.09588763704830884 289
1694690740628 0.1432741004208982 290
1694690741948 0.1097468806163009 291
1694690743388 0.07406317510557879 292
1694690744805 0.10076532177227861 293
1694690746415 0.1269952739730952 294
1694690747670 0.1079882439523297 295
1694690749242 0.06816917478791759 296
1694690750967 0.13814390855990938 297
1694690752577 0.11576861814240397 298
1694690753898 0.08147887858078069 299
