1694696769379 168.54379126551402 0
1694696770971 165.19807082103898 1
1694696772339 161.9456680699876 2
1694696773864 158.7576393742321 3
1694696775361 155.63272894333412 4
1694696776778 152.56965706212463 5
1694696778224 149.56722876477133 6
1694696779947 146.62420339145925 7
1694696781407 143.73944423987024 8
1694696782771 140.91174833111492 9
1694696784366 138.14003476557605 10
1694696785803 135.4231369257614 11
1694696787516 132.76002735040234 12
1694696789471 130.14957451646788 13
1694696790904 127.59080212947373 14
1694696792420 125.08261254429601 15
1694696794594 122.6240784509251 16
1694696796036 120.21413491385549 17
1694696797406 117.85190151109609 18
1694696798864 115.5363941122883 19
1694696800305 113.26663094603164 20
1694696801883 111.04180616891462 21
1694696804134 108.86092391456765 22
1694696806272 106.72322014790639 23
1694696808944 104.62772816468117 24
1694696811439 102.57372392222848 25
1694696813202 100.56033185968643 26
1694696814825 98.58667834476532 27
1694696817011 96.6521040723361 28
1694696818814 94.75570314683065 29
1694696820762 92.89685183157381 30
1694696822160 91.07467031733444 31
1694696823984 89.28856886501079 32
1694696825441 87.53776701482971 33
1694696827076 85.82148586598748 34
1694696828678 84.13919186335667 35
1694696830378 82.49005883950339 36
1694696832330 80.87358338556311 37
1694696833909 79.28904455642382 38
1694696835446 77.73572280057768 39
1694696837039 76.2131653978024 40
1694696838443 74.72059542409305 41
1694696839961 73.25758682183378 42
1694696841479 71.82347283735676 43
1694696843007 70.41758796120487 44
1694696844674 69.03955185460109 45
1694696846149 67.68863285971074 46
1694696847952 66.36447415048106 47
1694696849746 65.06645835083732 48
1694696851224 63.79396919240311 49
1694696853185 62.546691075238435 50
1694696855201 61.32403248591394 51
1694696856991 60.12540303944167 52
1694696858555 58.95052575960451 53
1694696860434 57.79873096963163 54
1694696862548 56.669760709051744 55
1694696864261 55.56306617300235 56
1694696866074 54.47809955770225 57
1694696869782 53.41463771458099 58
1694696872009 52.372154009249876 59
1694696873413 51.350122833204864 60
1694696875263 50.348353625451225 61
1694696877683 49.36623109505318 62
1694696880211 48.403579872364794 63
1694696882098 47.459910349363035 64
1694696883879 46.53473382129468 65
1694696885228 45.62790427756221 66
1694696887059 44.73895113305945 67
1694696888471 43.86740473256835 68
1694696889962 43.01314652402896 69
1694696891235 42.175723925593324 70
1694696892634 41.35468530975442 71
1694696893894 40.54993779442425 72
1694696895367 39.7610458407017 73
1694696896866 38.98757488621799 74
1694696898210 38.22945603594649 75
1694696900281 37.48615037996574 76
1694696901697 36.757598766925724 77
1694696903152 36.043394789939036 78
1694696904449 35.34313288988819 79
1694696905811 34.65677550926576 80
1694696907202 33.98393088920403 81
1694696908840 33.324208140676 82
1694696910370 32.67758986321559 83
1694696911699 32.04369817777021 84
1694696913032 31.42215609451869 85
1694696914956 30.812965018957865 86
1694696916882 30.215760227783512 87
1694696918277 29.630177903636078 88
1694696919700 29.056236987784754 89
1694696921393 28.49358523006478 90
1694696923984 27.941871300307756 91
1694696925669 27.401130481685207 92
1694696926946 26.871022353506167 93
1694696928329 26.351207426493726 94
1694696929833 25.841736203857366 95
1694696931346 25.342279487297926 96
1694696933002 24.852509018752002 97
1694696935564 24.372489467531885 98
1694696937132 23.901902285018124 99
