1694338611950 -239.65557148264503 0
1694338612867 -193.99644543767607 1
1694338613653 -157.78591794421897 2
1694338614459 -128.9950826210464 3
1694338615279 -106.04032614614636 4
1694338616173 -87.68438505670615 5
1694338617035 -72.95953719396435 6
1694338618239 -61.10795775085693 7
1694338619052 -51.535388068906784 8
1694338619919 -43.775131668209355 9
1694338621230 -37.460063240135554 10
1694338623306 -32.30085644949815 11
1694338624966 -28.06903943358502 12
1694338626141 -24.58379922584268 13
1694338627270 -21.701698403079977 14
1694338628730 -19.308654883088753 15
1694338629918 -17.313681244186196 16
1694338631307 -15.643992696469361 17
1694338632523 -14.241180263842608 18
1694338633755 -13.058213535964848 19
1694338634826 -12.057089936113544 20
1694338635946 -11.206988245984256 21
1694338637352 -10.48281578262976 22
1694338638233 -9.864063190264964 23
1694338639087 -9.333899882339553 24
1694338640199 -8.878457980729982 25
1694338641346 -8.486264105229655 26
1694338642195 -8.147787308807889 27
1694338642979 -7.855078406847856 28
1694338643802 -7.601481357151435 29
1694338644619 -7.38140155726137 30
1694338645617 -7.190119204419311 31
1694338646349 -7.023638418982442 32
1694338647064 -6.878564825516398 33
1694338647931 -6.752005842118224 34
1694338648883 -6.64148914485622 35
1694338649639 -6.544895725896961 36
1694338650413 -6.460404709441768 37
1694338651252 -6.38644767447948 38
1694338651989 -6.321670692912591 39
1694338652840 -6.264902653305438 40
1694338653666 -6.215128725708485 41
1694338654430 -6.171468048370647 42
1694338655176 -6.133154895620313 43
1694338655934 -6.099522727877361 44
1694338656788 -6.069990637533012 45
1694338657566 -6.044051794455056 46
1694338658325 -6.021263566952647 47
1694338659127 -6.001239051930925 48
1694338659931 -5.98363979463017 49
1694338660828 -5.968169516090991 50
1694338661600 -5.954568697134195 51
1694338662385 -5.94260989262337 52
1694338663117 -5.932093670218389 53
1694338664337 -5.922845084621678 54
1694338665356 -5.914710612172788 55
1694338666046 -5.907555482122039 56
1694338666797 -5.901261350457514 57
1694338667767 -5.8957242701286825 58
1694338668687 -5.890852918189687 59
1694338669742 -5.886567046006457 60
1694338670893 -5.8827961234183235 61
1694338671817 -5.8794781517676915 62
1694338672729 -5.876558624131888 63
1694338673586 -5.873989614008202 64
1694338674333 -5.871728976199161 65
1694338674925 -5.869739645785243 66
1694338675586 -5.8679890229131315 67
1694338676274 -5.866448432713957 68
1694338676884 -5.86509265103649 69
1694338677369 -5.863899487866093 70
1694338677923 -5.862849421328516 71
1694338678418 -5.861925276070458 72
1694338678896 -5.861111940585401 73
1694338679404 -5.8603961187291445 74
1694338680026 -5.859766111259221 75
1694338680669 -5.85921162374664 76
1694338681262 -5.858723597657891 77
1694338681722 -5.858294061797983 78
1694338682159 -5.857916001649211 79
1694338682636 -5.857583244441148 80
1694338683156 -5.857290358051311 81
1694338683803 -5.8570325620668 82
1694338684333 -5.856805649540196 83
1694338684836 -5.856605918150582 84
1694338685329 -5.85643010963676 85
1694338685794 -5.8562753565068135 86
1694338686243 -5.856139135148228 87
1694338686687 -5.856019224568842 88
1694338687213 -5.855913670091428 89
1694338687805 -5.85582075140657 90
1694338688466 -5.855738954460006 91
1694338689054 -5.855666946713835 92
1694338689607 -5.855603555376361 93
