1694669176269 169.18053433745993 0
1694669178195 80.26420542410776 1
1694669179989 64.9493421749106 2
1694669181849 55.33684735339735 3
1694669183876 48.242818394415615 4
1694669185677 42.599540988244286 5
1694669187602 37.91666678702038 6
1694669189588 33.93175528033217 7
1694669191477 30.4866768085036 8
1694669193337 27.47693777267183 9
1694669195076 24.828292813248858 10
1694669197004 22.484939606247824 11
1694669198926 20.403132219977532 12
1694669200753 18.5475097344974 13
1694669202486 16.888857290213974 14
1694669204219 15.402657973735142 15
1694669206056 14.06810223848019 16
1694669207906 12.867375807392968 17
1694669209659 11.785126371238412 18
1694669211455 10.80805124529471 19
1694669213270 9.924570810569575 20
1694669215231 9.124565241045877 21
1694669217581 8.39915939133881 22
1694669219473 7.740545207184191 23
1694669221443 7.141833889771688 24
1694669223291 6.596931968557522 25
1694669225398 6.100436784132749 26
1694669227841 5.647547860518777 27
1694669229999 5.233991376486383 28
1694669231938 4.855955502619819 29
1694669233766 4.5100348026914 30
1694669235593 4.193182236606511 31
1694669237496 3.902667570204137 32
1694669239361 3.6360412108087066 33
1694669241229 3.391102658685429 34
1694669243443 3.165872902571724 35
1694669246392 2.958570199232942 36
1694669249055 2.7675887679342464 37
1694669252158 2.591480005054965 38
1694669255077 2.428935885108487 39
1694669257911 2.2787742647791913 40
1694669259931 2.139925848311355 41
1694669261846 2.011422607320603 42
1694669263766 1.8923874771497649 43
1694669266024 1.7820251762987485 44
1694669268511 1.679614016056373 45
1694669270650 1.5844985849213349 46
1694669272797 1.4960832072608548 47
1694669274950 1.4138260883568796 48
1694669277093 1.3372340688872846 49
1694669279218 1.2658579212739371 50
1694669281332 1.1992881284389931 51
1694669283646 1.1371510925414654 52
1694669286313 1.0791057273800475 53
1694669288666 1.024840393479944 54
1694669290868 0.9740701395433743 55
1694669293052 0.9265342180294039 56
1694669295530 0.8819938462180131 57
1694669298153 0.8402301872726198 58
1694669300651 0.8010425286013592 59
1694669302849 0.7642466372785821 60
1694669305100 0.7296732744655704 61
1694669307649 0.6971668526988543 62
1694669310148 0.6665842216262485 63
1694669312747 0.6377935692912071 64
1694669315010 0.6106734274181893 65
1694669317127 0.585111770355293 66
1694669319310 0.561005198402801 67
1694669321718 0.5382581972125626 68
1694669324145 0.5167824657966273 69
1694669326806 0.4964963064458316 70
1694669329011 0.47732407054033804 71
1694669331064 0.45919565484346414 72
1694669333036 0.44204604341542836 73
1694669335069 0.42581489077190476 74
1694669337766 0.4104461423497359 75
1694669340209 0.39588768873426894 76
1694669343272 0.3820910504544501 77
1694669347776 0.36901109046736263 78
1694669349879 0.35660575173713566 79
1694669351341 0.3448358175675508 80
1694669353064 0.33366469257622694 81
1694669355322 0.3230582024037082 82
1694669357219 0.3129844104355101 83
1694669359328 0.3034134499813762 84
1694669361683 0.29431737050554735 85
1694669363960 0.28566999663649256 86
1694669365974 0.2774467988058241 87
1694669368131 0.2696247744753679 88
1694669370267 0.2621823390098494 89
1694669372293 0.25509922534143953 90
1694669374488 0.24835639165250212 91
1694669376649 0.24193593637515376 92
1694669378584 0.235821019871474 93
1694669380509 0.22999579221712113 94
1694669382367 0.22444532656431815 95
1694669384288 0.21915555760825697 96
1694669386255 0.2141132247244482 97
1694669388266 0.20930581938385168 98
1694669390101 0.20472153648819544 99
1694669391991 0.20034922930007615 100
1694669393884 0.19617836767158622 101
1694669395983 0.19219899930160037 102
1694669397941 0.18840171377578668 103
1694669399854 0.18477760916507663 104
1694669402078 0.18131826097800266 105
1694669404487 0.17801569328013692 106
1694669406668 0.17486235181006854 107
1694669408694 0.17185107893603863 108
1694669410626 0.16897509031072105 109
1694669412509 0.16622795309375576 110
1694669414297 0.16360356562268377 111
1694669416375 0.16109613842295542 112
1694669418388 0.1587001764568222 113
1694669420221 0.1564104625192286 114
1694669422101 0.1542220416963899 115
1694669424442 0.1521302068096427 116
1694669426599 0.15013048477344298 117
1694669428475 0.1482186238021204 118
1694669430539 0.1463905814052341 119
1694669432467 0.14464251311615428 120
1694669434291 0.1429707619028609 121
1694669436386 0.14137184821393872 122
1694669438175 0.13984246061640196 123
1694669439939 0.13837944698531496 124
1694669441772 0.1369798062082383 125
1694669443643 0.1356406803703266 126
1694669445633 0.13435934738847174 127
1694669447404 0.13313321406523684 128
1694669449247 0.13195980953549225 129
1694669451044 0.13083677908063965 130
1694669452995 0.129761878287138 131
1694669455054 0.1287329675277172 132
1694669457090 0.12774800674520792 133
1694669459218 0.12680505052033056 134
1694669461203 0.12590224340609502 135
1694669463060 0.12503781551266618 136
1694669465163 0.12421007832765917 137
1694669467280 0.12341742075785002 138
1694669469107 0.12265830537924044 139
1694669470970 0.12193126488327814 140
1694669472742 0.12123489870785534 141
1694669474497 0.12056786984244137 142
1694669476307 0.11992890179740999 143
1694669478044 0.11931677572825433 144
1694669479846 0.11873032770598209 145
1694669481658 0.1181684461255309 146
1694669483427 0.11763006924456086 147
1694669485340 0.11711418284545048 148
1694669487193 0.11661981801377039 149
1694669489162 0.1161460490269154 150
1694669491108 0.11569199134696306 151
1694669493036 0.1152567997121771 152
1694669495013 0.1148396663219142 153
1694669497075 0.11443981910999453 154
1694669499174 0.11405652010189284 155
1694669501041 0.11368906385137033 156
1694669502779 0.1133367759524257 157
1694669504601 0.11299901162267606 158
1694669506626 0.11267515435450003 159
1694669509146 0.1123646146304829 160
1694669511032 0.11206682869989648 161
1694669512939 0.11178125741312704 162
1694669514897 0.1115073851111376 163
1694669517058 0.11124471856720725 164
1694669518865 0.1109927859783406 165
1694669520898 0.11075113600388589 166
1694669522742 0.11051933684902383 167
1694669525015 0.11029697539092366 168
1694669527389 0.11008365634547174 169
1694669529596 0.10987900147259368 170
1694669531538 0.10968264881829201 171
1694669533423 0.10949425199162015 172
1694669535291 0.10931347947490597 173
1694669537234 0.10914001396562442 174
1694669539154 0.10897355174840095 175
1694669541110 0.10881380209570643 176
1694669542931 0.10866048669587436 177
1694669544857 0.10851333910714292 178
1694669546751 0.10837210423649025 179
1694669548709 0.10823653784208803 180
1694669550614 0.10810640605826503 181
1694669552674 0.1079814849419197 182
1694669554631 0.10786156003937838 183
1694669556726 0.10774642597274191 184
1694669558808 0.10763588604481406 185
1694669560890 0.10752975186174416 186
1694669563533 0.10742784297256555 187
1694669565791 0.10732998652484399 188
1694669567629 0.10723601693569351 189
1694669569376 0.10714577557745059 190
1694669570928 0.10705911047733234 191
1694669572917 0.10697587603043615 192
1694669575578 0.10689593272546966 193
1694669577697 0.1068191468826283 194
1694669579745 0.10674539040306648 195
1694669582043 0.106674540529433 196
1694669584269 0.10660647961696824 197
1694669586397 0.106541094914683 198
1694669588406 0.10647827835616169 199
1694669590485 0.10641792635955463 200
1694669592547 0.10635993963634421 201
1694669594635 0.10630422300848834 202
1694669596932 0.10625068523356482 203
1694669599203 0.106199238837556 204
1694669601278 0.10614979995493094 205
1694669603285 0.10610228817569735 206
1694669605305 0.1060566263991117 207
1694669607367 0.10601274069374989 208
1694669609415 0.10597056016365364 209
1694669611468 0.10593001682028252 210
1694669613512 0.10589104546001216 211
1694669616081 0.10585358354693317 212
1694669618390 0.10581757110071448 213
1694669620606 0.10578295058930638 214
1694669622821 0.10574966682626956 215
1694669624879 0.10571766687252485 216
1694669626845 0.10568689994232847 217
1694669628914 0.10565731731328667 218
1694669630864 0.10562887224023128 219
1694669632932 0.10560151987278625 220
1694669634934 0.10557521717646315 221
1694669637100 0.10554992285713008 222
1694669639311 0.1055255972887074 223
1694669641436 0.10550220244394641 224
1694669643530 0.10547970182815902 225
1694669645606 0.10545806041576702 226
1694669647885 0.10543724458954919 227
1694669649786 0.1054172220824682 228
1694669651668 0.10539796192196454 229
1694669653557 0.10537943437661118 230
1694669655459 0.10536161090502533 231
1694669657406 0.10534446410693919 232
1694669659431 0.10532796767633784 233
1694669661398 0.10531209635657215 234
1694669663634 0.10529682589736339 235
1694669666305 0.1052821330136169 236
1694669669501 0.10526799534596627 237
1694669671568 0.10525439142297474 238
1694669673569 0.10524130062492082 239
1694669675515 0.10522870314910165 240
1694669677672 0.10521657997658726 241
1694669680933 0.10520491284036475 242
1694669682965 0.10519368419481186 243
1694669684684 0.10518287718644356 244
1694669686206 0.10517247562587753 245
1694669687753 0.10516246396096432 246
1694669689286 0.10515282725103592 247
1694669690749 0.1051435511422223 248
1694669692503 0.10513462184379113 249
1694669694141 0.1051260261054676 250
1694669696068 0.10511775119569272 251
1694669697659 0.10510978488077898 252
1694669699143 0.10510211540492774 253
1694669700733 0.10509473147106867 254
1694669702442 0.10508762222248984 255
1694669704735 0.10508077722522176 256
1694669706913 0.10507418645114665 257
1694669708807 0.1050678402617996 258
1694669710916 0.10506172939283466 259
1694669713119 0.10505584493912612 260
1694669715178 0.10505017834047972 261
1694669717305 0.10504472136792724 262
1694669719288 0.1050394661105805 263
1694669721120 0.10503440496302083 264
1694669722971 0.10502953061320233 265
1694669724973 0.10502483603084667 266
1694669726866 0.10502031445630944 267
1694669728801 0.10501595938989838 268
1694669730636 0.10501176458162396 269
1694669732418 0.10500772402136566 270
1694669734418 0.10500383192943495 271
1694669736353 0.10500008274752 272
1694669738283 0.10499647112999579 273
1694669740202 0.10499299193558369 274
1694669742099 0.10498964021934774 275
1694669744132 0.10498641122501189 276
1694669745958 0.10498330037758613 277
1694669747842 0.10498030327628832 278
1694669749726 0.10497741568774979 279
1694669751472 0.10497463353949267 280
1694669753321 0.10497195291366848 281
1694669755111 0.10496937004104569 282
1694669756905 0.1049668812952385 283
1694669758689 0.10496448318716464 284
1694669760529 0.10496217235972388 285
1694669762257 0.10495994558268826 286
1694669764070 0.10495779974779551 287
1694669765840 0.10495573186403642 288
1694669767839 0.10495373905312984 289
1694669769676 0.10495181854517546 290
1694669771544 0.10494996767448016 291
1694669773414 0.10494818387554779 292
1694669775165 0.1049464646792277 293
1694669777088 0.10494480770901535 294
1694669778840 0.10494321067749787 295
1694669780604 0.10494167138293976 296
1694669782413 0.104940187706003 297
1694669784349 0.10493875760659499 298
1694669786188 0.10493737912084093 299
1694669788086 0.10493605035817417 300
1694669790164 0.10493476949854086 301
1694669792059 0.10493353478971286 302
1694669793836 0.10493234454470667 303
1694669795603 0.10493119713930239 304
1694669797442 0.104930091009659 305
1694669799320 0.10492902465002316 306
1694669801206 0.10492799661052638 307
1694669803015 0.10492700549506831 308
1694669804950 0.10492604995928116 309
1694669806918 0.10492512870857436 310
1694669808839 0.10492424049625339 311
1694669810765 0.10492338412171244 312
1694669812606 0.10492255842869674 313
1694669814568 0.10492176230363107 314
1694669816766 0.10492099467401354 315
1694669818997 0.10492025450687129 316
1694669820847 0.10491954080727466 317
1694669822723 0.10491885261690949 318
1694669824656 0.10491818901270361 319
1694669826746 0.10491754910550635 320
1694669828847 0.10491693203881791 321
1694669830930 0.10491633698756873 322
1694669832830 0.10491576315694379 323
1694669834625 0.10491520978125345 324
1694669836446 0.10491467612284616 325
1694669838407 0.1049141614710634 326
1694669840543 0.10491366514123389 327
1694669842653 0.10491318647370647 328
1694669844725 0.10491272483291944 329
1694669846766 0.10491227960650536 330
1694669848674 0.10491185020443007 331
1694669850642 0.10491143605816362 332
1694669852582 0.10491103661988355 333
1694669854487 0.10491065136170744 334
1694669856913 0.10491027977495515 335
1694669859347 0.10490992136943847 336
1694669861716 0.10490957567277762 337
1694669864195 0.10490924222974392 338
1694669866556 0.10490892060162647 339
1694669868984 0.10490861036562384 340
1694669871209 0.10490831111425697 341
1694669873347 0.10490802245480552 342
1694669875985 0.10490774400876511 343
1694669878532 0.10490747541132416 344
1694669880950 0.10490721631086136 345
1694669883405 0.104906966368461 346
1694669885706 0.10490672525744724 347
1694669888039 0.10490649266293521 348
1694669890290 0.10490626828139907 349
1694669892628 0.1049060518202564 350
1694669895128 0.10490584299746739 351
1694669897402 0.10490564154115015 352
1694669899381 0.10490544718920891 353
1694669901451 0.10490525968897715 354
1694669903465 0.10490507879687341 355
1694669905486 0.10490490427807021 356
1694669907653 0.10490473590617491 357
1694669909706 0.10490457346292283 358
1694669911527 0.10490441673788103 359
1694669913243 0.10490426552816408 360
1694669914741 0.10490411963815933 361
1694669916261 0.10490397887926285 362
1694669917832 0.10490384306962504 363
1694669919330 0.104903712033906 364
1694669920818 0.10490358560303865 365
1694669922426 0.10490346361400238 366
1694669923938 0.10490334590960351 367
1694669925489 0.10490323233826465 368
1694669927028 0.10490312275382153 369
1694669928702 0.10490301701532749 370
1694669930510 0.10490291498686459 371
1694669932604 0.10490281653736243 372
1694669934013 0.10490272154042303 373
1694669935522 0.10490262987415254 374
1694669936946 0.10490254142099835 375
1694669938218 0.10490245606759353 376
1694669939452 0.10490237370460535 377
1694669940727 0.10490229422659035 378
1694669941911 0.10490221753185484 379
1694669943130 0.10490214352231937 380
1694669944301 0.10490207210338966 381
1694669945630 0.10490200318383068 382
1694669947004 0.10490193667564666 383
1694669948279 0.10490187249396464 384
1694669949450 0.1049018105569224 385
1694669950698 0.10490175078556097 386
1694669951869 0.1049016931037198 387
1694669953322 0.10490163743793761 388
1694669954624 0.104901583717355 389
1694669955964 0.10490153187362175 390
1694669957766 0.10490148184080693 391
1694669959396 0.10490143355531252 392
1694669960991 0.10490138695579015 393
1694669963086 0.10490134198306071 394
1694669965927 0.10490129858003669 395
1694669968785 0.10490125669164815 396
1694669971538 0.10490121626477007 397
1694669974372 0.10490117724815363 398
1694669976458 0.10490113959235896 399
1694669978307 0.10490110324969107 400
1694669980330 0.10490106817413725 401
1694669983050 0.10490103432130782 402
1694669985433 0.10490100164837785 403
1694669987290 0.104900970114032 404
1694669988988 0.10490093967841041 405
1694669990566 0.10490091030305729 406
1694669992291 0.10490088195087119 407
1694669994446 0.10490085458605655 408
1694669996646 0.10490082817407745 409
1694669998690 0.10490080268161336 410
1694670001089 0.10490077807651536 411
1694670003227 0.10490075432776537 412
1694670005860 0.10490073140543511 413
1694670008938 0.10490070928064876 414
1694670011191 0.10490068792554454 415
1694670012815 0.10490066731323941 416
1694670014504 0.10490064741779437 417
1694670016214 0.10490062821418125 418
1694670017902 0.10490060967824981 419
1694670020075 0.10490059178669774 420
1694670021627 0.10490057451703963 421
1694670023088 0.10490055784757912 422
1694670024591 0.10490054175738028 423
1694670026170 0.10490052622624117 424
1694670027899 0.10490051123466776 425
1694670029500 0.10490049676384906 426
1694670030905 0.10490048279563317 427
1694670032419 0.10490046931250359 428
1694670033818 0.10490045629755727 429
1694670035283 0.10490044373448291 430
1694670036681 0.10490043160753994 431
1694670038244 0.10490041990153863 432
1694670040811 0.10490040860182058 433
1694670042663 0.10490039769424005 434
1694670044536 0.10490038716514583 435
1694670046624 0.10490037700136418 436
1694670048759 0.10490036719018168 437
1694670050695 0.10490035771932917 438
1694670052773 0.10490034857696617 439
1694670054716 0.1049003397516659 440
1694670056666 0.10490033123240046 441
1694670058567 0.10490032300852715 442
1694670060329 0.10490031506977489 443
1694670062137 0.10490030740623094 444
1694670063877 0.10490030000832852 445
1694670065675 0.10490029286683476 446
1694670067813 0.10490028597283883 447
1694670069694 0.10490027931774072 448
1694670071493 0.10490027289324025 449
1694670073273 0.10490026669132664 450
1694670075171 0.10490026070426833 451
1694670077100 0.10490025492460361 452
1694670078942 0.10490024934513031 453
1694670080705 0.10490024395889747 454
1694670082626 0.1049002387591962 455
1694670084583 0.10490023373955132 456
1694670086539 0.10490022889371324 457
1694670088376 0.10490022421564973 458
1694670090232 0.10490021969953882 459
1694670091975 0.10490021533976127 460
1694670093813 0.10490021113089298 461
1694670095655 0.10490020706769912 462
1694670097431 0.1049002031451266 463
1694670099241 0.10490019935829845 464
1694670101096 0.10490019570250708 465
1694670102907 0.10490019217320869 466
1694670104643 0.10490018876601771 467
1694670106495 0.10490018547670069 468
1694670108424 0.1049001823011716 469
1694670110239 0.10490017923548638 470
1694670111989 0.10490017627583793 471
1694670113891 0.10490017341855173 472
1694670115738 0.10490017066008069 473
1694670117677 0.10490016799700093 474
1694670119530 0.10490016542600777 475
1694670121341 0.10490016294391097 476
1694670123122 0.10490016054763132 477
1694670124955 0.1049001582341965 478
1694670126983 0.10490015600073736 479
1694670128770 0.10490015384448426 480
1694670130524 0.10490015176276388 481
1694670132342 0.10490014975299553 482
1694670134058 0.10490014781268812 483
1694670135888 0.1049001459394371 484
1694670137674 0.10490014413092133 485
1694670139359 0.10490014238489997 486
1694670141150 0.10490014069921018 487
1694670142925 0.10490013907176401 488
1694670144729 0.10490013750054603 489
1694670146571 0.10490013598361046 490
1694670148542 0.10490013451907934 491
1694670150776 0.10490013310513951 492
1694670152793 0.10490013174004079 493
1694670154044 0.10490013042209358 494
1694670156388 0.10490012914966705 495
1694670158936 0.10490012792118683 496
1694670161617 0.1049001267351329 497
1694670164596 0.10490012559003804 498
1694670166910 0.10490012448448599 499
