1694680693938 168.83772543452676 0
1694680695138 136.80446337760878 1
1694680696681 111.1030857280721 2
1694680698089 90.36662007606596 3
1694680699333 73.62310411048178 4
1694680700496 60.092242951365705 5
1694680701987 49.147464547651786 6
1694680703369 40.28550280349897 7
1694680705798 33.102013340958216 8
1694680708211 27.271458190826092 9
1694680710986 22.533793573542543 10
1694680713420 18.678186677545437 11
1694680715850 15.5355433497163 12
1694680718170 12.969296613600134 13
1694680720390 10.870715687448163 14
1694680722632 9.150925014065336 15
1694680724262 7.738645329366734 16
1694680726254 6.575963319757639 17
1694680727680 5.617206385531736 18
1694680729017 4.824391050595241 19
1694680730380 4.166782165416332 20
1694680731730 3.6204232085961885 21
1694680733220 3.165000118995906 22
1694680735374 2.7839845887861556 23
1694680737106 2.4647921302407956 24
1694680738824 2.1963822515164453 25
1694680740202 1.9696961846019316 26
1694680741576 1.778148612204116 27
1694680743465 1.6153697264253482 28
1694680744720 1.4769852131029755 29
1694680746031 1.3588450361543456 30
1694680747475 1.2574357821224253 31
1694680749068 1.1705434709251232 32
1694680750347 1.095520058849725 33
1694680751597 1.030883204329884 34
1694680752981 0.9749366095583392 35
1694680754501 0.9261521439793783 36
1694680755805 0.8838940269730863 37
1694680756982 0.8468683622468914 38
1694680758133 0.8146583193165815 39
1694680759302 0.7864772895114687 40
1694680760759 0.7615394762394225 41
1694680762286 0.7398124378996432 42
1694680763527 0.7205172613388079 43
1694680764890 0.7036564115293589 44
1694680766237 0.6887988408808356 45
1694680767637 0.6754524827704479 46
1694680769797 0.6638343510448077 47
1694680772378 0.6533718645427149 48
1694680774892 0.6442472421062407 49
1694680776965 0.6360116328110965 50
1694680779271 0.628819721681395 51
1694680781587 0.622458397808042 52
1694680783811 0.6166061816212358 53
1694680786219 0.6115745057458856 54
1694680788476 0.6069380088756917 55
1694680790604 0.6029490190814807 56
1694680792755 0.5994240191772333 57
1694680794892 0.5960741001481341 58
1694680797025 0.5932759873879438 59
1694680799240 0.5906132242100389 60
1694680801496 0.5883887797831346 61
1694680804001 0.5862678215792541 62
1694680806855 0.5844976770967121 63
1694680809204 0.5829495244291117 64
1694680811606 0.5813726769814999 65
1694680813946 0.580142433561019 66
1694680816290 0.5788866834366305 67
1694680818678 0.5779082847358531 68
1694680820813 0.5769059362467989 69
1694680823111 0.5761276929000816 70
1694680825492 0.5754657085292401 71
1694680829190 0.5746845124836906 72
1694680832938 0.5741608169962269 73
1694680835597 0.5735395267361818 74
1694680838447 0.5731250379424634 75
1694680840748 0.5726290896025449 76
1694680843523 0.5723012751062468 77
1694680845617 0.5720422035065414 78
1694680847544 0.5716227813654718 79
1694680850059 0.5714211407366951 80
1694680852481 0.5710890177118175 81
1694680855084 0.5709320832566108 82
1694680858193 0.5706673782513725 83
1694680860835 0.5705456163030895 84
1694680863313 0.5704709558950865 85
1694680865881 0.5702170780178341 86
1694680868347 0.5701630143580982 87
1694680870996 0.5699633656365807 88
1694680873629 0.5699245612232345 89
1694680876163 0.5697658936474121 90
1694680879055 0.5697387086090632 91
1694680881747 0.5697487083738266 92
