1694686151628 168.83772543452676 0
1694686153916 165.48278493139884 1
1694686156015 159.26108285976753 2
1694686158312 150.68087638718288 3
1694686160803 140.26969029230867 4
1694686162986 128.5478468544463 5
1694686165436 116.00842270641066 6
1694686167721 103.10100652477799 7
1694686169979 90.22124516727416 8
1694686172145 77.70439989350591 9
1694686174384 65.8224072608664 10
1694686176809 54.78459237021944 11
1694686179263 44.74035219542819 12
1694686181615 35.78344339387226 13
1694686183948 27.958162286274327 14
1694686186305 21.26615239088067 15
1694686188579 15.673623170775643 16
1694686191020 11.118510817518603 17
1694686192612 7.517751486282145 18
1694686193707 4.773781001023618 19
1694686194824 2.7802496618367347 20
1694686195994 1.4273291881983685 21
1694686197132 0.6060139416818575 22
1694686198416 0.21183027546095146 23
1694686199779 0.1474928603515709 24
1694686201001 0.3249135095643309 25
1694686203416 0.6663996404150473 26
1694686205374 1.105410026108683 27
1694686207341 1.5867061132740639 28
1694686209623 2.066069314027404 29
1694686211604 2.5096381119879303 30
1694686213646 2.8930921049403624 31
1694686215598 3.2005724991874223 32
1694686217475 3.423519345855997 33
1694686219447 3.559467409420301 34
1694686221525 3.610839778206164 35
1694686223480 3.583805057139032 36
1694686225539 3.4872505863984724 37
1694686227471 3.33183272881594 38
1694686229441 3.129149397946225 39
1694686231452 2.8910276482438055 40
1694686233437 2.628964180948115 41
1694686235354 2.3537004484088326 42
1694686237373 2.0749002053386847 43
1694686239250 1.8009288098819198 44
1694686241284 1.5387307711884641 45
1694686243152 1.2938068867613486 46
1694686245373 1.0702408208765484 47
1694686247321 0.8707530937006568 48
1694686249635 0.6968502296878454 49
1694686251713 0.5489738439688266 50
1694686253987 0.4266609610354878 51
1694686256126 0.3287137419307888 52
1694686258960 0.253341522092291 53
1694686261292 0.19834659993812792 54
1694686263423 0.16126896099015897 55
1694686266600 0.13948453483288042 56
1694686268868 0.13036178543348445 57
1694686270989 0.13134856594040903 58
1694686273307 0.14004438054725277 59
1694686275375 0.1542590296336733 60
1694686277605 0.17201958501092404 61
1694686280184 0.19162518441212734 62
1694686282495 0.21165453325423414 63
1694686284139 0.23096214953923927 64
1694686286435 0.24862285529964942 65
1694686288121 0.26397861589058225 66
1694686290178 0.27660155741560777 67
1694686292001 0.2862641316760489 68
1694686293620 0.2929278509242821 69
1694686296118 0.2966493083375334 70
1694686299380 0.2975981408563783 71
1694686301837 0.2959949321107993 72
1694686303918 0.2921747897796199 73
1694686306321 0.28644270023991164 74
1694686308659 0.27915420244536276 75
1694686311043 0.27068965146479645 76
1694686313755 0.26138141791842645 77
1694686316438 0.2515432680820793 78
1694686319309 0.2414229822792339 79
1694686321774 0.23126559982889633 80
1694686324145 0.22128594332309628 81
1694686326338 0.2116823177732887 82
1694686328589 0.2025811202520332 83
1694686330892 0.19408021666807443 84
1694686333752 0.18624998739490728 85
1694686336539 0.1790930937863136 86
1694686338912 0.1726191964421485 87
1694686341626 0.16682646505656 88
1694686343220 0.16172714264261048 89
1694686344355 0.15728148950330814 90
1694686345598 0.1534143647424925 91
1694686347069 0.15010701302256213 92
1694686348248 0.14730709486586854 93
1694686349385 0.14492656982527358 94
1694686350497 0.14291463925165504 95
1694686351630 0.14123001474884392 96
1694686352768 0.13985437109801607 97
1694686353843 0.13873883773745943 98
1694686354959 0.1378460151712202 99
1694686356111 0.13714800949779773 100
1694686357235 0.13658582472624434 101
1694686358329 0.1361330920235896 102
1694686359489 0.13577580031765898 103
1694686360661 0.1355296857079386 104
1694686361787 0.13537800397256067 105
1694686363078 0.1353123573632412 106
1694686364547 0.1352929813703806 107
1694686366930 0.13531410017436177 108
1694686368846 0.1353782813059887 109
1694686370843 0.13550828645016913 110
1694686373063 0.13569427019392252 111
1694686375313 0.13593322726670393 112
1694686377610 0.13622672166938002 113
1694686379993 0.1365389502711622 114
1694686382165 0.1368626213306454 115
1694686384513 0.13719873688362344 116
1694686386576 0.13755382309719294 117
1694686388697 0.13794714691319365 118
1694686390637 0.1383649278101718 119
1694686392558 0.13880099773090498 120
1694686394543 0.13925464773842572 121
1694686396742 0.13972867804028705 122
1694686398812 0.14018490006958156 123
1694686400715 0.14061179955085304 124
1694686402725 0.14100785931930798 125
1694686404961 0.14137871670575092 126
1694686407118 0.14175217728860595 127
1694686409265 0.14211766098238213 128
1694686411487 0.1424719166448054 129
1694686413741 0.14281696287574017 130
1694686415114 0.14311831433835817 131
1694686416478 0.14337245268710955 132
1694686417563 0.14358445067148382 133
1694686418652 0.1437862603378377 134
1694686419782 0.14397332160879167 135
1694686420891 0.14414726630608282 136
1694686421960 0.1442768151975248 137
1694686423051 0.14436370379596258 138
1694686424179 0.14441691980567514 139
1694686425282 0.14446430978280989 140
1694686426357 0.14450101603474805 141
1694686427460 0.14452895654263728 142
1694686428624 0.14455470247608168 143
1694686429725 0.1445485507278083 144
1694686430802 0.144508634584687 145
1694686431909 0.144441521554919 146
1694686433076 0.1443810153109985 147
1694686434353 0.14432471661610421 148
1694686435627 0.14427578657065004 149
1694686436793 0.14420239223068088 150
1694686437959 0.14410619879509037 151
1694686439286 0.14399602132805409 152
1694686440360 0.14390149705206784 153
1694686441460 0.14381745679655086 154
1694686442551 0.1437451461453583 155
1694686443760 0.1436901738125419 156
1694686444939 0.14361937044975115 157
1694686446082 0.14352985032535184 158
1694686447193 0.14342718388391182 159
1694686448289 0.14332262125949574 160
1694686449408 0.1432413373111236 161
1694686450506 0.143174077791633 162
1694686451643 0.14311922841467803 163
1694686452778 0.14308060695179908 164
1694686453897 0.14306545060936443 165
1694686455152 0.14303926864636693 166
1694686456380 0.1429949418461261 167
1694686457561 0.14293500393220024 168
1694686458805 0.14286874058565355 169
1694686459987 0.14282739342873785 170
1694686461153 0.14280286426109046 171
1694686462412 0.14279395680639903 172
1694686463611 0.14280430897806348 173
1694686464873 0.14280064435974696 174
1694686465984 0.14278033829412415 175
1694686467149 0.1427488867188417 176
1694686468301 0.14273807575363676 177
1694686469387 0.14274286417848384 178
1694686470561 0.142764093314605 179
1694686471742 0.14276963843227092 180
1694686472944 0.14275994181342155 181
1694686474209 0.14274246555222958 182
1694686475336 0.14274310804547297 183
1694686476472 0.1427551976344954 184
1694686477570 0.14277876308556786 185
1694686478676 0.14281844209567385 186
1694686479932 0.14284279045487022 187
1694686481114 0.14284793652018002 188
1694686482260 0.1428384714044944 189
1694686483362 0.1428461165271335 190
1694686484463 0.14286669944403357 191
1694686485585 0.14290169760579893 192
1694686486744 0.14291779770449867 193
1694686487884 0.14291511910313118 194
1694686489053 0.14290105261819022 195
1694686490123 0.14290388943579405 196
1694686491310 0.1429173475500343 197
1694686492450 0.14294167527861007 198
1694686493596 0.14298159697188123 199
1694686494902 0.14300315496104918 200
1694686496393 0.14300275977198323 201
1694686497565 0.14298539245039246 202
1694686499230 0.1429618217639592 203
1694686500427 0.14295689605129389 204
1694686501574 0.14296108639288674 205
1694686502738 0.1429725780423959 206
1694686503922 0.1429950565242461 207
1694686505201 0.14303568922112964 208
1694686506436 0.14305989961878907 209
1694686507620 0.14306061509633844 210
