1694716881863 59.78393678860972 0
1694716886559 15.35515180711918 1
1694716890415 5.315905273523023 2
1694716894147 1.9544352391260982 3
1694716897594 0.6188103290250883 4
1694716901492 0.4401499842875683 5
1694716904541 0.15513636632694083 6
1694716908961 0.047689800614919335 7
1694716912574 0.05856385926501614 8
1694716915723 0.1677594776076039 9
1694716920304 0.17345246943241818 10
1694716924120 0.028239053415515383 11
1694716927202 0.21253561761947395 12
1694716930856 0.11312120179956534 13
1694716933851 0.0992453098552884 14
1694716937632 0.26949723972541073 15
1694716940550 0.23711299475303832 16
1694716942871 0.12520677750225395 17
1694716944900 0.07605512880494718 18
1694716947222 0.13360965493210586 19
1694716949283 0.1394762724578763 20
1694716951372 0.11661888400293233 21
1694716953543 0.026619034460304666 22
1694716955860 0.04732370045571518 23
1694716957841 0.11352470742448445 24
1694716960051 0.08020030809497286 25
1694716962309 0.287104321442756 26
1694716964301 0.16838590490948602 27
1694716966440 0.13436781351559252 28
1694716968872 0.07136184143688147 29
1694716972080 0.1856927701195798 30
1694716975085 0.19813457673694188 31
1694716977956 0.20906314753085922 32
1694716981018 0.054866086849028606 33
1694716984892 0.12045696797516259 34
1694716988490 0.10033003651988813 35
1694716993408 0.19549278136679168 36
1694716997465 0.1305745604635397 37
1694716999702 0.11478546753639668 38
1694717001682 0.1187782078210338 39
1694717004103 0.20325276310966933 40
1694717006381 0.22224914453976874 41
1694717008456 0.05578984512037691 42
1694717010510 0.1008416192393452 43
1694717012531 0.08540860563407267 44
1694717014700 0.19284278220491832 45
1694717017410 0.21985819152922886 46
1694717020288 0.1019226494907467 47
1694717022478 0.16207411033247168 48
1694717024720 0.27864958858451483 49
1694717026715 0.04176034090636615 50
1694717028605 0.09406869153615431 51
1694717030339 0.13391676269885064 52
1694717032873 0.22970471542801116 53
1694717037368 0.0642116378550017 54
1694717041653 0.03426449577031554 55
1694717045450 0.11111106516320654 56
1694717048081 0.15383843816660378 57
1694717051730 0.06961765472294842 58
1694717054501 0.08146305651082418 59
1694717057583 0.1921444965522153 60
1694717060649 0.06526996705882786 61
1694717063329 0.11811323798161544 62
1694717066342 0.19419458674566142 63
1694717069755 0.08845809003381902 64
1694717071714 0.14795584020769587 65
1694717073514 0.11857457632470954 66
1694717075998 0.6003188531511878 67
1694717077586 0.16039948404786888 68
1694717079002 0.11692189474507092 69
1694717081444 0.02736061079068902 70
1694717083059 0.2711505157584379 71
1694717085071 0.10299706548812473 72
1694717086693 0.17861894964826563 73
1694717088276 0.14193790697902792 74
1694717091624 0.25016637282634496 75
1694717094844 0.3118509741138318 76
1694717097481 0.19581032526092013 77
1694717099439 0.10251683335208586 78
1694717101981 0.1758541118801598 79
1694717104183 0.168999915033499 80
1694717105861 0.09570484786683686 81
1694717107856 0.10840307571300717 82
1694717109385 0.27765893384241636 83
1694717111006 0.23178971544000845 84
1694717112980 0.215980349152703 85
1694717115082 0.06224528481033791 86
1694717117148 0.1463036327351367 87
1694717119051 0.13786825929046512 88
1694717120829 0.12049478587224487 89
1694717122794 0.17021519273069063 90
1694717124362 0.15441973625589112 91
1694717126333 0.13614163598579368 92
1694717128425 0.09787990591974764 93
1694717130342 0.08695900583108461 94
1694717132309 0.04564953248749503 95
1694717134223 0.24483039835446455 96
1694717135836 0.11320694896022 97
1694717137501 0.251838182682661 98
1694717139419 0.08730071407625421 99
