1694705435072 168.01007813365987 0
1694705436688 167.86679115477787 1
1694705438639 167.72373984457076 2
1694705440234 167.58092376311805 3
1694705441953 167.43834247134853 4
1694705443708 167.2959955310387 5
1694705445275 167.1538825048109 6
1694705446988 167.01200295613174 7
1694705448537 166.8703564493105 8
1694705450101 166.72894254949748 9
1694705451833 166.58776082268216 10
1694705453511 166.4468108356919 11
1694705455225 166.30609215619 12
1694705457030 166.1656043526742 13
1694705458949 166.0253469944751 14
1694705460656 165.88531965175434 15
1694705462872 165.7455218955032 16
1694705464522 165.6059532975408 17
1694705466202 165.46661343051258 18
1694705467862 165.32750186788866 19
1694705469553 165.18861818396218 20
1694705471365 165.04996195384786 21
1694705472957 164.9115327534801 22
1694705474706 164.77333015961162 23
1694705476285 164.6353537498118 24
1694705477896 164.49760310246506 25
1694705479634 164.36007779676927 26
1694705481256 164.22277741273413 27
1694705483121 164.0857015311796 28
1694705484700 163.94884973373445 29
1694705486609 163.8122216028344 30
1694705488189 163.6758167217208 31
1694705490116 163.5396346744389 32
1694705491792 163.4036750458364 33
1694705493416 163.2679374215617 34
1694705495164 163.13242138806262 35
1694705496667 162.99712653258447 36
1694705498420 162.8620524431688 37
1694705500112 162.7271987086517 38
1694705501686 162.5925649186623 39
1694705503485 162.45815066362115 40
1694705505103 162.32395553473873 41
1694705506987 162.1899791240139 42
1694705508534 162.05622102423231 43
1694705510322 161.92268082896499 44
1694705511930 161.78935813256666 45
1694705513517 161.6562525301742 46
1694705515712 161.5233636177054 47
1694705517417 161.39069099185696 48
1694705519383 161.25823425010336 49
1694705521349 161.12599299069524 50
1694705523343 160.99396681265773 51
1694705524966 160.86215531578915 52
1694705526930 160.73055810065932 53
1694705528505 160.59917476860824 54
1694705530227 160.46800492174435 55
1694705532132 160.3370481629433 56
1694705533824 160.20630409584612 57
1694705535496 160.0757723248581 58
1694705537088 159.94545245514692 59
1694705538881 159.81534409264154 60
1694705540406 159.68544684403034 61
1694705542213 159.55576031675994 62
1694705543916 159.42628411903348 63
1694705545530 159.29701785980936 64
1694705547320 159.16796114879955 65
1694705548951 159.03911359646833 66
1694705550860 158.91047481403058 67
1694705552403 158.7820444134506 68
1694705554135 158.6538220074403 69
1694705555857 158.5258072094581 70
1694705557616 158.39799963370723 71
1694705559451 158.27039889513432 72
1694705560909 158.14300460942798 73
1694705562884 158.01581639301736 74
1694705564461 157.8888338630707 75
1694705566096 157.76205663749377 76
1694705567756 157.63548433492863 77
1694705569357 157.5091165747521 78
1694705571228 157.38295297707418 79
1694705572886 157.2569931627369 80
1694705574738 157.1312367533126 81
1694705576761 157.00568337110275 82
1694705578756 156.88033263913636 83
1694705580665 156.7551841811686 84
1694705582810 156.63023762167947 85
1694705584617 156.50549258587222 86
1694705586456 156.38094869967205 87
1694705588420 156.25660558972473 88
1694705590462 156.13246288339508 89
1694705592303 156.0085202087656 90
1694705594265 155.88477719463512 91
1694705595931 155.76123347051737 92
1694705597795 155.6378886666396 93
1694705599376 155.51474241394112 94
1694705601111 155.39179434407203 95
1694705602970 155.26904408939166 96
1694705604526 155.1464912829673 97
1694705606256 155.0241355585729 98
1694705607949 154.90197655068744 99
