1694674176971 169.18053433745993 0
1694674178578 137.0137945971608 1
1694674180407 111.19943499183458 2
1694674182244 90.27313928121325 3
1694674184258 73.30808751791496 4
1694674185992 59.55182824208474 5
1694674187560 48.39624717444273 6
1694674189129 39.347825193450674 7
1694674190684 32.00743559192073 8
1694674192164 26.05134057844488 9
1694674193691 21.21748683861857 10
1694674195430 17.293475208068703 11
1694674196907 14.107181078316001 12
1694674198528 11.51922703673716 13
1694674199851 9.416504502216172 14
1694674201498 7.707533065307136 15
1694674202962 6.317946504887063 16
1694674204428 5.187685028228889 17
1694674205915 4.26782547614813 18
1694674207398 3.518922590267414 19
1694674208827 2.908769815709754 20
1694674210643 2.411448507776403 21
1694674212512 2.005741072376984 22
1694674214359 1.6746059085508196 23
1694674215753 1.4040537329027176 24
1694674217014 1.1828696342700584 25
1694674218215 1.0018224853689683 26
1694674219563 0.8535226704752368 27
1694674220958 0.7318739480347036 28
1694674222235 0.6319986998113816 29
1694674223415 0.5498682335169878 30
1694674224614 0.4822550472185808 31
1694674225978 0.42649573147407327 32
1694674227243 0.3804471912917174 33
1694674228345 0.3423488677028734 34
1694674229623 0.3107706971001161 35
1694674230846 0.2845501767210225 36
1694674232373 0.2627264233465336 37
1694674233559 0.2445338699372861 38
1694674234868 0.22932065474386942 39
1694674236211 0.2165852574005308 40
1694674237569 0.2058796108464668 41
1694674238818 0.19687829600766443 42
1694674240211 0.18926787410076062 43
1694674241441 0.18284071617996142 44
1694674242615 0.177372521398163 45
1694674243924 0.17273470322327905 46
1694674245232 0.16876215677257825 47
1694674246548 0.1653795239997575 48
1694674247670 0.16246116772662575 49
1694674248841 0.15996770996406545 50
1694674250173 0.15779996485339887 51
1694674251367 0.15594297015693875 52
1694674254936 0.15431538777828693 53
1694674256638 0.15291888799696696 54
1694674257776 0.15168428008946497 55
1694674258975 0.15062460584607848 56
1694674260121 0.1496790331471743 57
1694674261582 0.14886840227388362 58
1694674263011 0.14813771110798926 59
1694674266076 0.1475131593265196 60
1694674267359 0.14694387818902477 61
1694674268620 0.14645975267159828 62
1694674269829 0.1460129011714615 63
1694674271026 0.14563573847064165 64
1694674272175 0.14528258892091042 65
1694674273677 0.1449875950840359 66
1694674275120 0.14470674905067724 67
1694674276311 0.14447536147752751 68
1694674277428 0.14425071641021944 69
1694674278626 0.14406890013038037 70
1694674279877 0.1438882220692052 71
1694674281077 0.1437452678222627 72
1694674282227 0.14359917960545748 73
1694674283403 0.14348684727545669 74
1694674284554 0.1433681037871806 75
1694674286046 0.14328000545195782 76
1694674287194 0.1431829688594924 77
1694674288350 0.14311411957987014 78
1694674289482 0.14303437521041418 79
1694674290743 0.1429808623826907 80
1694674292044 0.14291493449361756 81
1694674293235 0.1428736718690072 82
1694674294387 0.14281881111812372 83
1694674295571 0.14278735393141143 84
1694674296776 0.1427413768696965 85
1694674298023 0.1427177815555686 86
1694674299277 0.14267894827846295 87
1694674300497 0.14266166507484487 88
1694674301628 0.1426285851653111 89
1694674302752 0.1426163752311419 90
1694674303874 0.14258793489793775 91
1694674305366 0.14257980588978963 92
1694674306506 0.14255511114131056 93
1694674307678 0.14255026682123745 94
1694674308816 0.14252859888254274 95
1694674310061 0.1425263994847413 96
1694674311229 0.142507179640388 97
1694674312389 0.14250711055258214 98
1694674313548 0.14248987230059235 99
1694674314796 0.14249151921640252 100
1694674316032 0.14247588613067377 101
1694674317221 0.14247891526909007 102
1694674318318 0.1424645833446262 103
1694674319472 0.14246872565847388 104
1694674320638 0.1424554491945055 105
1694674321768 0.14246048773356518 106
1694674322945 0.142448068020697 107
1694674324067 0.14245382779936647 108
1694674325217 0.14244210403713728 109
1694674326371 0.14244844389704442 110
1694674327495 0.14243728589101973 111
1694674328928 0.14244409195705207 112
1694674331264 0.14243339423933327 113
1694674332533 0.14244057465130305 114
1694674333863 0.1424302517420188 115
1694674335050 0.14243773240950744 116
1694674336305 0.1424277149945091 117
1694674337514 0.14243543617369325 118
1694674338747 0.14242566801904044 119
1694674340398 0.1424335815507274 120
1694674341809 0.14242401701039903 121
1694674343018 0.14243208409051475 122
1694674344219 0.14242268609223968 123
1694674345398 0.14243087547146313 124
1694674347082 0.14242161388821892 125
1694674348449 0.14242990041774645 126
1694674349748 0.14242075075056848 127
1694674350951 0.14242911420721502 128
1694674352148 0.14242005651943979 129
1694674353320 0.1424284806562818 130
1694674354486 0.1424194987109672 131
1694674355660 0.14242797049015848 132
1694674356822 0.14241905105174488 133
1694674358073 0.14242756002452356 134
1694674359210 0.14241869229331788 135
1694674360390 0.1424272300989658 136
1694674361688 0.1424184052530636 137
1694674362984 0.1424269652140172 138
1694674364160 0.14241817603816062 139
1694674365410 0.14242675283285217 140
1694674366688 0.14241799341764477 141
1694674367882 0.14242658281618828 142
1694674369050 0.14241784831426138 143
1694674370300 0.14242644696495121 144
1694674371461 0.14241773339324723 145
1694674372769 0.1424263386501413 146
1694674374025 0.14241764272953703 147
1694674375784 0.14242625251325924 148
1694674377168 0.14241757153843723 149
1694674378624 0.14242618422383924 150
1694674379966 0.14241751595766147 151
1694674381276 0.14242613028319703 152
1694674382612 0.14241747287093218 153
1694674383888 0.14242608786558608 154
1694674385142 0.1424174397652274 155
1694674386424 0.14242605468963124 156
1694674387628 0.14241741461525817 157
1694674388769 0.1424260289142719 158
1694674390050 0.14241739578998422 159
1694674391238 0.14242600905454098 160
1694674392417 0.14241738197697187 161
1694674393533 0.1424259939134054 162
1694674394787 0.1424173721211898 163
1694674395901 0.1424259825266043 164
1694674397212 0.14241736537549324 165
1694674398452 0.1424259741180107 166
1694674399621 0.14241736106056882 167
1694674400822 0.14242596806351046 168
1694674402018 0.14241735863253527 169
1694674403252 0.14242596386177864 170
1694674404453 0.14241735765674193 171
1694674405677 0.14242596111063555 172
1694674406884 0.14241735778658388 173
1694674408038 0.14242595948792056 174
1694674409216 0.14241735874637315 175
1694674410490 0.14242595873602418 176
1694674411668 0.1424173603174983 177
1694674412942 0.14242595864937918 178
1694674414192 0.1424173623272388 179
1694674415358 0.142425959064347 180
1694674416528 0.14241736463973234 181
1694674417813 0.14242595985104325 182
1694674419135 0.1424173671486804 183
1694674420292 0.14242596090673265 184
1694674421501 0.14241736977146147 185
1694674422742 0.14242596215049147 186
1694674423942 0.14241737244438332 187
1694674425075 0.1424259635189005 188
1694674426336 0.14241737511885474 189
1694674427468 0.14242596496256363 190
1694674428636 0.14241737775830077 191
1694674429802 0.14242596644330502 192
1694674431005 0.14241738033568258 193
1694674432155 0.14242596793190324 194
1694674433372 0.14241738283149855 195
1694674434857 0.14242596940627045 196
1694674436207 0.14241738523218275 197
1694674437322 0.14242597084998251 198
1694674438623 0.14241738752881652 199
1694674439741 0.1424259722510987 200
1694674440923 0.1424173897160989 201
1694674442089 0.1424259736012126 202
1694674443226 0.14241739179152132 203
1694674444407 0.1424259748946904 204
1694674445711 0.14241739375471077 205
1694674447005 0.14242597612805985 206
1694674448243 0.1424173956069046 207
1694674449392 0.14242597729952255 208
1694674450687 0.14241739735053627 209
1694674451857 0.1424259784085628 210
1694674453120 0.1424173989889048 211
1694674454265 0.14242597945563729 212
1694674455462 0.14241740052591603 213
1694674456613 0.142425980441928 214
1694674457853 0.14241740196588054 215
1694674458989 0.1424259813691466 216
1694674460200 0.1424174033133534 217
1694674461275 0.14242598223937972 218
1694674462526 0.14241740457301316 219
1694674463692 0.14242598305496873 220
1694674464827 0.14241740574956796 221
1694674466040 0.1424259838184135 222
1694674467208 0.1424174068476837 223
1694674468364 0.14242598453230132 224
1694674469527 0.1424174078719316 225
1694674470669 0.14242598519924757 226
1694674471872 0.14241740882675044 227
1694674473079 0.14242598582185642 228
1694674474417 0.14241740971641906 229
1694674475572 0.1424259864026861 230
1694674476715 0.14241741054503734 231
1694674477871 0.14242598694422626 232
1694674479198 0.14241741131651625 233
1694674480379 0.14242598744888182 234
1694674481575 0.14241741203457026 235
1694674482754 0.142425987918961 236
1694674483927 0.14241741270271754 237
1694674485071 0.14242598835666798 238
1694674486242 0.14241741332427976 239
1694674487365 0.14242598876409956 240
1694674488514 0.14241741390238602 241
1694674489721 0.14242598914324164 242
1694674490910 0.14241741443997794 243
1694674492059 0.14242598949597163 244
1694674493214 0.1424174149398175 245
1694674494376 0.14242598982405955 246
1694674495757 0.14241741540449285 247
1694674496964 0.14242599012916984 248
1694674498179 0.1424174158364268 249
1694674499305 0.14242599041286616 250
1694674500389 0.14241741623788515 251
1694674501640 0.14242599067661363 252
1694674502899 0.14241741661098453 253
1694674504184 0.14242599092178537 254
1694674505374 0.1424174169577016 255
1694674506541 0.14242599114966475 256
1694674507635 0.14241741727987953 257
1694674508832 0.14242599136145254 258
1694674510074 0.14241741757923826 259
1694674511322 0.14242599155826885 260
1694674512479 0.14241741785737907 261
1694674513684 0.14242599174115902 262
1694674514976 0.14241741811579423 263
1694674516651 0.14242599191109742 264
1694674518301 0.1424174183558732 265
1694674520198 0.1424259920689934 266
1694674521826 0.14241741857890974 267
1694674523107 0.14242599221569363 268
1694674524497 0.14241741878610753 269
1694674525708 0.14242599235198616 270
1694674526959 0.14241741897858604 271
1694674528098 0.14242599247860463 272
1694674529371 0.1424174191573868 273
1694674530542 0.1424259925962323 274
1694674531826 0.14241741932347896 275
1694674532918 0.14242599270550446 276
1694674534086 0.14241741947776276 277
1694674535360 0.1424259928070128 278
1694674536586 0.14241741962107599 279
1694674537703 0.1424259929013066 280
1694674538915 0.14241741975419658 281
1694674540079 0.14242599298889672 282
1694674541462 0.1424174198778481 283
1694674543093 0.1424259930702592 284
1694674544408 0.14241741999270305 285
1694674545791 0.14242599314583515 286
1694674547127 0.14241742009938632 287
1694674548544 0.1424259932160354 288
1694674550116 0.14241742019847828 289
1694674552054 0.14242599328124197 290
1694674553829 0.14241742029051888 291
1694674555298 0.14242599334180908 292
1694674556938 0.1424174203760092 293
1694674558793 0.14242599339806683 294
1694674559999 0.14241742045541508 295
1694674561193 0.14242599345032125 296
1694674562431 0.1424174205291692 297
1694674563542 0.14242599349885696 298
1694674564712 0.1424174205976732 299
1694674565861 0.14242599354393828 300
1694674567034 0.14241742066130134 301
1694674568182 0.14242599358581134 302
1694674569312 0.14241742072040006 303
1694674570499 0.14242599362470348 304
1694674571627 0.14241742077529151 305
1694674572814 0.14242599366082756 306
1694674574285 0.14241742082627554 307
1694674575697 0.14242599369437997 308
1694674576973 0.14241742087362994 309
1694674578719 0.14242599372554424 310
1694674580667 0.14241742091761297 311
1694674581886 0.14242599375448953 312
1694674583056 0.14241742095846477 313
1694674584207 0.1424259937813746 314
1694674585569 0.1424174209964082 315
1694674586865 0.1424259938063457 316
1694674588110 0.1424174210316501 317
1694674589317 0.14242599382953866 318
1694674590877 0.14241742106438285 319
1694674592047 0.14242599385108068 320
1694674593121 0.14241742109478522 321
1694674594223 0.14242599387108884 322
1694674595365 0.14241742112302275 323
1694674596784 0.14242599388967242 324
1694674598773 0.14241742114924988 325
1694674601311 0.14242599390693303 326
1694674603494 0.14241742117360975 327
1694674605522 0.1424259939229648 328
1694674607290 0.1424174211962351 329
1694674609212 0.14242599393785504 330
1694674610829 0.14241742121724943 331
1694674612095 0.14242599395168498 332
1694674613298 0.14241742123676782 333
1694674615044 0.1424259939645304 334
1694674616430 0.14241742125489631 335
1694674617652 0.14242599397646116 336
1694674618798 0.14241742127173396 337
1694674621142 0.1424259939875423 338
1694674624411 0.14241742128737256 339
1694674625755 0.1424259939978342 340
1694674627414 0.14241742130189763 341
1694674630547 0.14242599400739367 342
1694674632073 0.14241742131538887 343
1694674633568 0.1424259940162727 344
1694674634832 0.14241742132791943 345
1694674636034 0.14242599402451944 346
1694674637255 0.14241742133955798 347
1694674638416 0.14242599403217907 348
1694674640019 0.14241742135036767 349
1694674642538 0.14242599403929318 350
1694674644025 0.14241742136040753 351
1694674645209 0.14242599404590053 352
1694674646421 0.14241742136973257 353
1694674647642 0.14242599405203749 354
1694674649301 0.1424174213783935 355
1694674651327 0.1424259940577376 356
1694674652752 0.1424174213864378 357
1694674654244 0.1424259940630317 358
1694674655427 0.1424174213939095 359
1694674656572 0.14242599406794895 360
1694674657935 0.14241742140084881 361
1694674659128 0.14242599407251588 362
1694674660225 0.14241742140729433 363
1694674661434 0.14242599407675766 364
1694674662675 0.14241742141328084 365
1694674664141 0.14242599408069778 366
1694674665929 0.14241742141884114 367
1694674667244 0.14242599408435686 368
1694674668522 0.14241742142400515 369
1694674669982 0.14242599408775544 370
1694674671400 0.14241742142880187 371
1694674673223 0.14242599409091247 372
1694674674469 0.1424174214332572 373
1694674675567 0.14242599409384454 374
1694674676683 0.14241742143739508 375
1694674677781 0.14242599409656798 376
1694674678907 0.14241742144123848 377
1694674679966 0.1424259940990972 378
1694674681081 0.14241742144480804 379
1694674682176 0.14242599410144635 380
1694674683296 0.14241742144812322 381
1694674684382 0.14242599410362805 382
1694674685575 0.14241742145120245 383
1694674686966 0.14242599410565474 384
1694674689112 0.1424174214540626 385
1694674690466 0.14242599410753698 386
1694674691679 0.14241742145671918 387
1694674692866 0.14242599410928522 388
1694674694228 0.14241742145918623 389
1694674695363 0.142425994110909 390
1694674696582 0.1424174214614777 391
1694674697793 0.14242599411241713 392
1694674699062 0.14241742146360617 393
1694674700221 0.14242599411381768 394
1694674701430 0.14241742146558284 395
1694674702609 0.1424259941151186 396
1694674703845 0.14241742146741887 397
1694674704986 0.14242599411632698 398
1694674706392 0.14241742146912448 399
1694674708486 0.14242599411744955 400
1694674709842 0.14241742147070865 401
1694674711736 0.1424259941184922 402
1694674714141 0.14241742147217987 403
1694674715548 0.1424259941194603 404
1694674717561 0.1424174214735463 405
1694674719644 0.14242599412035964 406
1694674721051 0.14241742147481556 407
1694674722300 0.14242599412119494 408
1694674723750 0.1424174214759942 409
1694674725172 0.1424259941219708 410
1694674726276 0.14241742147708925 411
1694674727748 0.1424259941226914 412
1694674729105 0.14241742147810615 413
1694674730295 0.1424259941233606 414
1694674731417 0.14241742147905065 415
1694674732588 0.14242599412398224 416
1694674733822 0.142417421479928 417
1694674734961 0.14242599412455983 418
1694674735997 0.1424174214807428 419
1694674737258 0.14242599412509585 420
1694674739313 0.1424174214814993 421
1694674741107 0.14242599412559398 422
1694674743028 0.14241742148220243 423
1694674745574 0.14242599412605675 424
1694674747159 0.14241742148285547 425
1694674749234 0.1424259941264866 426
1694674750942 0.14241742148346173 427
1694674752768 0.1424259941268853 428
1694674754138 0.14241742148402453 429
1694674755826 0.14242599412725568 430
1694674757527 0.1424174214845475 431
1694674759555 0.14242599412760004 432
1694674760956 0.14241742148503356 433
1694674762327 0.14242599412791987 434
1694674763699 0.14241742148548472 435
1694674765015 0.14242599412821688 436
1694674766280 0.14241742148590383 437
1694674767444 0.14242599412849255 438
1694674768574 0.14241742148629338 439
1694674769870 0.14242599412874898 440
1694674771055 0.14241742148665495 441
1694674772228 0.142425994128987 442
1694674773391 0.14241742148699074 443
1694674774574 0.14242599412920798 444
1694674775698 0.14241742148730266 445
1694674776839 0.14242599412941326 446
1694674778021 0.14241742148759243 447
1694674779165 0.14242599412960408 448
1694674780441 0.1424174214878613 449
1694674781692 0.14242599412978096 450
1694674782856 0.14241742148811126 451
1694674784042 0.14242599412994522 452
1694674785252 0.14241742148834308 453
1694674786483 0.14242599413009785 454
1694674787633 0.1424174214885587 455
1694674789013 0.14242599413023982 456
1694674790719 0.14241742148875877 457
1694674792500 0.1424259941303716 458
1694674795163 0.14241742148894493 459
1694674797363 0.1424259941304941 460
1694674799198 0.1424174214891175 461
1694674801310 0.14242599413060775 462
1694674804194 0.14241742148927805 463
1694674808708 0.14242599413071327 464
1694674810579 0.1424174214894269 465
1694674812180 0.14242599413081133 466
1694674813673 0.14241742148956552 467
1694674815817 0.14242599413090246 468
1694674818024 0.14241742148969394 469
1694674819546 0.14242599413098683 470
1694674821330 0.14241742148981337 471
1694674822736 0.14242599413106566 472
1694674823949 0.1424174214899243 473
1694674825959 0.1424259941311386 474
1694674828618 0.14241742149002723 475
1694674832100 0.14242599413120616 476
1694674835113 0.1424174214901229 477
1694674837976 0.14242599413126938 478
1694674840012 0.1424174214902119 479
1694674842186 0.14242599413132784 480
1694674843494 0.14241742149029438 481
1694674844832 0.14242599413138207 482
1694674846076 0.1424174214903708 483
1694674847344 0.14242599413143223 484
1694674848497 0.14241742149044193 485
1694674849612 0.14242599413147936 486
1694674850843 0.14241742149050823 487
1694674852455 0.14242599413152296 488
1694674853597 0.14241742149056974 489
1694674854745 0.14242599413156334 490
1694674856195 0.14241742149062675 491
1694674857631 0.14242599413160073 492
1694674858943 0.14241742149067946 493
1694674860414 0.14242599413163534 494
1694674861683 0.1424174214907287 495
1694674862930 0.1424259941316681 496
1694674864042 0.14241742149077466 497
1694674865201 0.14242599413169843 498
1694674866815 0.14241742149081735 499
