1694447712118 -239.32384704812617 0
1694447713275 -193.4832011498777 1
1694447714191 -157.18916752971293 2
1694447715187 -128.37578887338145 3
1694447716265 -105.4348695342621 4
1694447717205 -87.11306885000162 5
1694447718065 -72.43234690355968 6
1694447718918 -60.628426841155516 7
1694447719681 -51.10316423617455 8
1694447720494 -43.387656879247054 9
1694447721309 -37.11365371503709 10
1694447722037 -31.991379928013842 11
1694447722843 -27.792325098219475 12
1694447723601 -24.335872579775884 13
1694447724322 -21.478903573542183 14
1694447725130 -19.107706259147506 15
1694447725935 -17.131672257821755 16
1694447726671 -15.478379946483159 17
1694447727482 -14.089754681619297 18
1694447728345 -12.919065933937596 19
1694447729170 -11.92857539010777 20
1694447729933 -11.087691873217276 21
1694447730633 -10.371521263981073 22
1694447731322 -9.75972462527924 23
1694447732165 -9.235617105340761 24
1694447732968 -8.78545520229216 25
1694447733671 -8.397871604730524 26
1694447734427 -8.063425843807664 27
1694447735178 -7.774245992441529 28
1694447736007 -7.523742082928102 29
1694447736821 -7.306376138076427 30
1694447737536 -7.117476995742743 31
1694447738249 -6.953090663260446 32
1694447739044 -6.809858930009147 33
1694447739790 -6.684920519632193 34
1694447740548 -6.575830276088578 35
1694447741278 -6.480492825664417 36
1694447742008 -6.397107899071335 37
1694447742726 -6.324125079429915 38
1694447743395 -6.2602061986669675 39
1694447744147 -6.204193964125201 40
1694447744906 -6.155085680343563 41
1694447745632 -6.11201115461705 42
1694447746355 -6.074214052001348 43
1694447747155 -6.041036105950203 44
1694447747930 -6.011903702601008 45
1694447748711 -5.986316445974665 46
1694447749483 -5.963837382807507 47
1694447750221 -5.944084623122743 48
1694447750907 -5.926724138903404 49
1694447751653 -5.911463560642954 50
1694447752356 -5.898046821927679 51
1694447753075 -5.886249526964553 52
1694447753789 -5.875874936229679 53
1694447754450 -5.866750482059375 54
1694447755150 -5.858724739738837 55
1694447756260 -5.851664791018714 56
1694447757037 -5.84545392645052 57
1694447757707 -5.839989640830949 58
1694447758375 -5.835181882666791 59
1694447759162 -5.830951524143198 60
1694447759848 -5.82722902278278 61
1694447760489 -5.823953249969302 62
1694447761190 -5.821070464899193 63
1694447761835 -5.818533415414134 64
1694447762612 -5.816300549640095 65
1694447763340 -5.814335324478123 66
1694447764142 -5.812605598814885 67
1694447764855 -5.811083100891534 68
1694447765529 -5.809742960625887 69
1694447766207 -5.808563298856532 70
1694447766965 -5.807524866494649 71
1694447767673 -5.806610727452607 72
1694447768436 -5.805805979986162 73
1694447769275 -5.805097511755742 74
1694447769966 -5.804473784494649 75
1694447770773 -5.803924644680838 76
1694447771672 -5.803441157052508 77
1694447772564 -5.803015458196231 78
1694447773459 -5.80264062777564 79
1694447774539 -5.802310575265958 80
1694447775661 -5.802019940320034 81
1694447776902 -5.801764005119613 82
1694447777964 -5.801538617265638 83
1694447778887 -5.801340121936821 84
1694447779728 -5.801165302199755 85
1694447780545 -5.8010113264888306 86
1694447781271 -5.800875702393063 87
1694447782037 -5.8007562359911065 88
1694447782771 -5.800650996067212 89
1694447783570 -5.8005582826214015 90
1694447784498 -5.800476599157864 91
1694447785283 -5.800404628297702 92
