1694666893213 169.64084248330965 0
1694666894257 137.2826479650575 1
1694666895297 111.36682989475425 2
1694666896355 90.48698148192018 3
1694666897397 73.64982395965575 4
1694666898476 60.0600667129458 5
1694666899761 49.0799941416006 6
1694666901064 40.198907280421984 7
1694666902221 33.00706753597462 8
1694666903340 27.17518302856739 9
1694666904419 22.440128609686173 10
1694666905845 18.589663602711852 11
1694666907747 15.452960591344898 12
1694666909013 12.894077456978442 13
1694666910329 10.802413156724873 14
1694666912585 9.089269789003929 15
1694666915941 7.682666634592607 16
1694666918638 6.526047830044871 17
1694666921365 5.57239891012595 18
1694666924979 4.784151437389489 19
1694666930531 4.130442072569892 20
1694666934256 3.5876701626763 21
1694666937760 3.1354112082077297 22
1694666941629 2.7570699180396327 23
1694666943782 2.4403287994225664 24
1694666945566 2.174076642379458 25
1694666949552 1.949581082586408 26
1694666952295 1.759315318303133 27
1694666954341 1.5982390570861196 28
1694666956386 1.46118006727568 29
1694666958404 1.3438566037688568 30
1694666959916 1.243711371824174 31
1694666961203 1.1577460477027122 32
1694666963000 1.0834278128340284 33
1694666964163 1.0195277775605607 34
1694666965199 0.964234546803148 35
1694666966238 0.915971022289662 36
1694666967252 0.8742322062684094 37
1694666968306 0.8378650107932412 38
1694666969394 0.8058229483823793 39
1694666970437 0.7780056522701418 40
1694666971704 0.7534072889834862 41
1694666972847 0.7319657225387428 42
1694666974063 0.7131265179139579 43
1694666975185 0.6963033324027341 44
1694666976355 0.6816449880718218 45
1694666977479 0.6685268834389109 46
1694666978794 0.657060886372113 47
1694666980456 0.646940575474203 48
1694666981603 0.6377698835485175 49
1694666982849 0.629804449803086 50
1694666985359 0.6225802981022361 51
1694666986950 0.6162890233295371 52
1694666988528 0.610579849785301 53
1694666990392 0.6055968687623963 54
1694666991983 0.6012019210728727 55
1694666994212 0.5971180375342684 56
1694666996351 0.5936253457238634 57
1694666998042 0.5903821405536044 58
1694667000229 0.5876014092423057 59
1694667002242 0.5850208939833991 60
1694667004931 0.5828039890446199 61
1694667006675 0.5808693152521964 62
1694667008185 0.5789804645197417 63
1694667009349 0.5774347389611391 64
1694667010452 0.5759293820052394 65
1694667011560 0.5746932346269692 66
1694667012750 0.5734916105184038 67
1694667013807 0.5725025570656773 68
1694667014915 0.5716639051965814 69
1694667015970 0.5707531220358807 70
1694667017054 0.5700805421591673 71
1694667018095 0.5693540203749121 72
1694667019126 0.5688143653904366 73
1694667020267 0.5682335874204152 74
1694667021448 0.5678007023625778 75
1694667022827 0.5673356539710667 76
1694667024018 0.5669886851586478 77
1694667025447 0.5667263614889978 78
1694667027895 0.5663419131179833 79
1694667029696 0.5661300011421364 80
1694667031671 0.5658233681147713 81
1694667033576 0.5656522834357168 82
1694667035745 0.565406776718251 83
1694667038683 0.5652689777550637 84
1694667040269 0.5650718104592644 85
1694667041588 0.5649612111279241 86
1694667043891 0.5649109483379466 87
1694667045910 0.564718326913539 88
1694667047818 0.5646762260075298 89
1694667049498 0.5645229061132079 90
1694667050901 0.5644878700263388 91
1694667053105 0.5643649469052734 92
1694667055045 0.5643361878041891 93
1694667056762 0.5642370617445897 94
1694667058354 0.5642138804963709 95
