1694748556326 42.449688700249126 0
1694748557598 29.702779615781317 1
1694748558956 15.058120299850783 2
1694748560452 7.3535910008230685 3
1694748562031 3.174259824981481 4
1694748563509 2.72925554229664 5
1694748564978 1.9536238279683482 6
1694748566374 1.2894159907403664 7
1694748567848 1.022932916304974 8
1694748569385 0.6143888085916956 9
1694748570749 0.6185606846253875 10
1694748571958 0.7749086915934142 11
1694748573114 0.3331057293554528 12
1694748574546 0.17771515250913283 13
1694748576003 0.08841947518322543 14
1694748577452 0.28968589992264454 15
1694748579019 0.04193162404535864 16
1694748580485 0.08456634009274347 17
1694748581988 0.08335807307118923 18
1694748583493 0.058091657871083974 19
1694748584966 0.05223915435252784 20
1694748586401 0.10330660154336797 21
1694748587859 0.06691506359169072 22
1694748589306 0.05445222243831602 23
1694748590761 0.13581220128472488 24
1694748592211 0.07507136702143928 25
1694748593635 0.08139437724426962 26
1694748595090 0.05979802661170096 27
1694748596576 0.13011814013870063 28
1694748598081 0.1301440782451547 29
1694748599620 0.12957313834664236 30
1694748601307 0.21015849901065004 31
1694748603035 0.0536845004932281 32
1694748604603 0.049968660951942134 33
1694748606150 0.08850800610195257 34
1694748607495 0.04925889775865748 35
1694748608742 0.13041459591311985 36
1694748610066 0.14519330079302967 37
1694748611586 0.15876471803746106 38
1694748613119 0.14460377575975697 39
1694748614695 0.08036694878748601 40
1694748616112 0.05923107992315632 41
1694748617614 0.04465287212458481 42
1694748619199 0.1308983717643592 43
1694748620700 0.244184137174143 44
1694748622321 0.09025485906635435 45
1694748623750 0.32692568636526864 46
1694748625187 0.245123343197443 47
1694748626630 0.08913021660095671 48
1694748628118 0.03745100315363972 49
1694748629646 0.0649002279938958 50
1694748631291 0.2486233396803985 51
1694748632775 0.20162190453893836 52
1694748634299 0.05713006772654705 53
1694748635758 0.06958245005116494 54
1694748637195 0.06811254204648244 55
1694748638680 0.06602751397896782 56
1694748640148 0.030386617891163124 57
1694748641710 0.11092833998697464 58
1694748643193 0.113587768230827 59
1694748644645 0.190253006494276 60
1694748646077 0.07272130826423256 61
1694748647564 0.07737825915501831 62
1694748648998 0.05935513008604148 63
1694748650550 0.1289970066046554 64
1694748652081 0.0716320815164701 65
1694748653549 0.08573037946876358 66
1694748655140 0.11236026784111705 67
1694748656611 0.1666686826210064 68
1694748658017 0.11693621436143926 69
1694748659471 0.0980595583196059 70
1694748661001 0.1325349709354624 71
1694748662537 0.07716552730664701 72
1694748664045 0.13150124124231352 73
1694748665574 0.04653396964833518 74
1694748666889 0.027105264737517353 75
1694748668118 0.22886629376028006 76
1694748669351 0.02563377252255575 77
1694748670864 0.07013037503916886 78
1694748672351 0.27593866705883796 79
1694748673847 0.42323790718261645 80
1694748675464 0.1622262911537912 81
1694748677383 0.07128153686834962 82
1694748679626 0.10184777218379777 83
1694748681328 0.10075747271284165 84
1694748682985 0.1772246177962803 85
1694748684654 0.04310232582938827 86
1694748686296 0.1293132498331679 87
1694748687992 0.10024044900113259 88
1694748689718 0.03390979394476701 89
1694748691293 0.04692407027230853 90
1694748693069 0.19304480166787796 91
1694748694779 0.09866123966197493 92
1694748696867 0.11856789759661106 93
1694748698471 0.10898180536952146 94
1694748700175 0.06448045959559058 95
1694748701836 0.11795292245616212 96
1694748703364 0.0272438816833737 97
1694748704861 0.14438610762006887 98
1694748706384 0.07059582916634584 99
