1694443466341 -239.4650332691702 0
1694443466890 -193.88782796893344 1
1694443467482 -157.73594943418922 2
1694443468317 -128.98632467958464 3
1694443469300 -106.0598298303352 4
1694443470222 -87.7226300685527 5
1694443471113 -73.00960199695 6
1694443471779 -61.16487558587673 7
1694443472469 -51.59565099398984 8
1694443473172 -43.83631134435542 9
1694443473830 -37.52052301550489 10
1694443474544 -32.359534290343554 11
1694443475199 -28.125285436467802 12
1694443475855 -24.637254892401494 13
1694443476480 -21.752207656898793 14
1694443477083 -19.35619905363083 15
1694443477683 -17.3583320266492 16
1694443478297 -15.68587850130248 17
1694443478907 -14.280462467444421 18
1694443479501 -13.095069995769645 19
1694443480051 -12.091703789643375 20
1694443480725 -11.239540516087859 21
1694443481341 -10.513480693693056 22
1694443481983 -9.893005389586794 23
1694443482796 -9.36127297847458 24
1694443483424 -8.904403973204797 25
1694443484045 -8.510913400755351 26
1694443484638 -8.171259108117672 27
1694443485288 -7.877481311426548 28
1694443485882 -7.622914092405205 29
1694443486464 -7.401953742682087 30
1694443486996 -7.20987212549783 31
1694443487627 -7.042665772633944 32
1694443488206 -6.896933422555931 33
1694443488758 -6.76977625832409 34
1694443489406 -6.658716317461174 35
1694443490083 -6.5616294957446994 36
1694443490828 -6.476690311116864 37
1694443491461 -6.4023261778810685 38
1694443492199 -6.337179400295209 39
1694443493145 -6.280075455966906 40
1694443493895 -6.22999642441347 41
1694443494829 -6.186058641361777 42
1694443495982 -6.147493837755954 43
1694443496748 -6.113633164091867 44
1694443497420 -6.083893613470302 45
1694443498019 -6.05776644679765 46
1694443498662 -6.034807295664874 47
1694443499266 -6.014627676361809 48
1694443499830 -5.996887695179447 49
1694443500412 -5.981289762929534 50
1694443500970 -5.967573167286203 51
1694443501580 -5.955509376558762 52
1694443502186 -5.944897968967259 53
1694443502786 -5.935563098305427 54
1694443503385 -5.927350420745964 55
1694443503985 -5.920124419032356 56
1694443504575 -5.913766069857086 57
1694443505195 -5.9081708082050435 58
1694443505807 -5.903246749129192 59
1694443506404 -5.898913133053782 60
1694443507008 -5.89509896545285 61
1694443507532 -5.891741825779742 62
1694443508157 -5.88878682394779 63
1694443508729 -5.886185685583467 64
1694443509362 -5.883895949771568 65
1694443509979 -5.881880265155499 66
1694443510628 -5.880105772098327 67
1694443511211 -5.878543560199067 68
1694443511797 -5.877168191830562 69
1694443512437 -5.875957283552836 70
1694443513122 -5.874891138285592 71
1694443513801 -5.873952422017349 72
1694443514442 -5.8731258796066115 73
1694443515185 -5.872398084907444 74
1694443515868 -5.871757221042291 75
1694443516887 -5.871192887160292 76
1694443517830 -5.870695928469418 77
1694443519266 -5.870258286724513 78
1694443520317 -5.869872868697718 79
1694443521106 -5.869533430459516 80
1694443522033 -5.869234475562712 81
1694443522866 -5.868971165453609 82
1694443523614 -5.8687392406376375 83
1694443524275 -5.868534951305084 84
1694443525064 -5.868354996279176 85
1694443525895 -5.868196469285885 86
1694443526587 -5.868056811665982 87
1694443527403 -5.867933770755405 88
1694443528085 -5.8678253632536945 89
1694443528743 -5.867729842981635 90
1694443529411 -5.867645672501789 91
1694443529989 -5.867571498138388 92
