1694347023053 -238.35735419882874 0
1694347023645 -192.91036294865353 1
1694347024351 -156.87581872751977 2
1694347025082 -128.2307844190286 3
1694347025809 -105.3967306077092 4
1694347026459 -87.14068707951017 5
1694347027057 -72.49853254079986 6
1694347027683 -60.71544565291477 7
1694347028399 -51.199661704556426 8
1694347029131 -43.486547564156254 9
1694347029860 -37.21068005819529 10
1694347030560 -32.084133804810826 11
1694347031346 -27.879588009724397 12
1694347032013 -24.417174292833387 13
1694347032745 -21.554229767571165 14
1694347033577 -19.177307220635477 15
1694347034190 -17.195939632190434 16
1694347034809 -15.537768956785204 17
1694347035424 -14.144736425463194 18
1694347036117 -12.970099339135238 19
1694347036858 -11.976091823791942 20
1694347037564 -11.132087733973943 21
1694347038059 -10.413155474468489 22
1694347038575 -9.798919015958656 23
1694347039200 -9.272658399838086 24
1694347039908 -8.820597793593773 25
1694347040655 -8.431340626340887 26
1694347041457 -8.095420244487968 27
1694347042099 -7.804941453750914 28
1694347042680 -7.553293700416097 29
1694347043364 -7.334920836508575 30
1694347044020 -7.145135677537981 31
1694347044769 -6.9799701049552585 32
1694347045629 -6.836053449044511 33
1694347046313 -6.710513436348367 34
1694347046922 -6.600895195606994 35
1694347047499 -6.505094762655273 36
1694347048155 -6.4213042660596455 37
1694347048854 -6.3479665567595225 38
1694347049604 -6.283737501788269 39
1694347050312 -6.227454521632113 40
1694347051019 -6.178110234213945 41
1694347051861 -6.134830292416315 42
1694347052724 -6.096854679375149 43
1694347053528 -6.063521866530636 44
1694347054126 -6.034255351449339 45
1694347054689 -6.008552181850365 46
1694347055319 -5.985973143859488 47
1694347055961 -5.966134350018546 48
1694347056635 -5.948700008924429 49
1694347057365 -5.933376195861143 50
1694347057982 -5.919905474226676 51
1694347058600 -5.908062242365197 52
1694347059202 -5.8976487007164975 53
1694347059928 -5.88849135087423 54
1694347060901 -5.8804379519049155 55
1694347061775 -5.873354870677572 56
1694347062509 -5.867124772434014 57
1694347063185 -5.861644605745654 58
1694347063873 -5.856823842638675 59
1694347064533 -5.85258294025341 60
1694347065214 -5.84885199511959 61
1694347065934 -5.845569565125853 62
1694347066552 -5.842681637660173 63
1694347067111 -5.840140725296371 64
1694347067699 -5.8379050728815685 65
1694347068647 -5.835937962005994 66
1694347069541 -5.834207100665648 67
1694347070332 -5.832684087504633 68
1694347071168 -5.831343941385354 69
1694347071887 -5.830164688213436 70
1694347072672 -5.829126997965446 71
1694347073785 -5.828213865754786 72
1694347074542 -5.827410331542529 73
1694347075258 -5.8267032337715765 74
1694347075925 -5.826080992788188 75
1694347076579 -5.825533420425867 76
1694347077241 -5.8250515525730515 77
1694347077950 -5.824627501936347 78
1694347078563 -5.824254328552252 79
1694347079175 -5.823925925899504 80
1694347079831 -5.82363692072592 81
1694347080504 -5.8233825849330465 82
1694347081239 -5.823158758063316 83
1694347081891 -5.8229617791108685 84
1694347082530 -5.822788426532141 85
1694347083185 -5.822635865468368 86
1694347083826 -5.8225016013115525 87
1694347084489 -5.822383438850294 88
1694347085187 -5.822279446324181 89
1694347085916 -5.8221879237962195 90
1694347086513 -5.82210737532416 91
1694347087073 -5.822036484473929 92
1694347087626 -5.8219740927735115 93
