1694668025241 169.12044505583495 0
1694668026317 83.63789995428009 1
1694668027345 67.7576065343806 2
1694668028341 57.76312165123088 3
1694668029283 50.3382412454361 4
1694668030320 44.35595149655718 5
1694668031305 39.34493670235358 6
1694668032316 35.06279600158946 7
1694668033357 31.360732523496786 8
1694668034591 28.13542281828743 9
1694668035966 25.309407852197594 10
1694668037342 22.821888598911816 11
1694668038336 20.623789321767525 12
1694668039385 18.674785324843988 13
1694668040429 16.94133906666134 14
1694668041423 15.395309029728358 15
1694668042445 14.012914864624376 16
1694668043443 12.773941703120029 17
1694668044420 11.661114775723059 18
1694668045412 10.659600548314174 19
1694668046535 9.756604614750987 20
1694668047509 8.941045033809601 21
1694668048500 8.203285268275234 22
1694668049499 7.53491464459064 23
1694668050470 6.928566960699288 24
1694668051573 6.377769887613897 25
1694668052652 5.876819347571072 26
1694668053708 5.420674240548147 27
1694668054717 5.0048678196252805 28
1694668055744 4.625432746129879 29
1694668056837 4.278837432901599 30
1694668058021 3.961931742221491 31
1694668059298 3.671900469770114 32
1694668060370 3.406223337324877 33
1694668061384 3.1626404502495937 34
1694668062452 2.9391223632581625 35
1694668063514 2.733844048929958 36
1694668064489 2.545162185472248 37
1694668065532 2.3715952791418555 38
1694668066544 2.2118062171957282 39
1694668067587 2.064586912911675 40
1694668068535 1.9288447580177333 41
1694668069511 1.803590642104858 42
1694668070540 1.6879283351129084 43
1694668071656 1.5810450592422127 44
1694668072692 1.4822031018245938 45
1694668073740 1.3907323417279702 46
1694668074796 1.3060235795212365 47
1694668075848 1.227522576497615 48
1694668076897 1.15472472023471 49
1694668077916 1.087170245054066 50
1694668078859 1.0244399448536083 51
1694668079924 0.9661513235847377 52
1694668081001 0.9119551353457516 53
1694668082007 0.8615322718400552 54
1694668082971 0.8145909599453305 55
1694668084035 0.7708642364776215 56
1694668085046 0.7301076710107134 57
1694668086132 0.6920973109083965 58
1694668087176 0.656627825613734 59
1694668088214 0.6235108297727772 60
1694668089223 0.5925733669987603 61
1694668090212 0.5636565380474884 62
1694668091283 0.5366142589101711 63
1694668092269 0.5113121358659041 64
1694668093355 0.48762644589761195 65
1694668094358 0.46544321208423056 66
1694668095420 0.4446573646568991 67
1694668096414 0.4251719793640217 68
1694668097437 0.4068975856432922 69
1694668098464 0.3897515378601811 70
1694668099481 0.37365744355264063 71
1694668100575 0.35854464323003254 72
1694668101539 0.3443477368187093 73
1694668102582 0.3310061523342908 74
1694668103622 0.31846375279780953 75
1694668104680 0.3066684778049867 76
1694668105669 0.2955720165098617 77
1694668106687 0.28512950910011653 78
1694668107782 0.27529927412549404 79
1694668108733 0.2660425592961629 80
1694668109744 0.2573233135976502 81
1694668110786 0.2491079787757913 82
1694668111897 0.24136529843136223 83
1694668113294 0.23406614313183327 84
1694668114566 0.22718335009886598 85
1694668115722 0.22069157616648227 86
1694668117172 0.21456716282779031 87
1694668118595 0.20878801229905994 88
1694668119830 0.20333347363008758 89
1694668121003 0.1981842379801748 90
1694668122250 0.193322242260722 91
1694668123325 0.1887305804192124 92
1694668124435 0.18439342170606335 93
1694668125559 0.18029593532612045 94
1694668126723 0.17642422093111954 95
1694668127770 0.17276524445879796 96
1694668128824 0.16930677886900292 97
1694668129811 0.16603734936760411 98
1694668130848 0.1629461827456413 99
1694668131905 0.16002316049434906 100
1694668133009 0.15725877538678146 101
1694668134107 0.15464409124404435 102
1694668135192 0.1521707056288972 103
1694668136634 0.14983071523193545 104
1694668137885 0.1476166837359581 105
1694668139127 0.14552161196263294 106
1694668140459 0.1435389101223921 107
1694668141842 0.1416623720037763 108
1694668143004 0.13988615095234203 109
1694668144310 0.13820473750189005 110
1694668145292 0.13661293853227324 111
1694668146435 0.1351058578385183 112
1694668147506 0.13367887800553271 113
1694668148506 0.1323276434913581 114
1694668149501 0.13104804482985866 115
1694668150477 0.12983620387095754 116
1694668151409 0.12868845998312917 117
1694668152435 0.1276013571488781 118
1694668153481 0.12657163188943366 119
1694668154500 0.12559620195991533 120
1694668155485 0.12467215576082159 121
1694668156563 0.12379674241589805 122
1694668157594 0.1229673624702942 123
1694668158647 0.12218155916643554 124
1694668159756 0.12143701025827724 125
1694668160957 0.12073152032756275 126
1694668162135 0.12006301356843065 127
1694668163454 0.11942952700920716 128
1694668164590 0.1188292041425154 129
1694668165568 0.11826028893693724 130
1694668166579 0.11772112020540115 131
1694668167587 0.11721012630725426 132
1694668168623 0.11672582016261641 133
1694668169620 0.11626679455912599 134
1694668170622 0.11583171773258558 135
1694668171664 0.11541932920429744 136
1694668172657 0.11502843585906944 137
1694668173648 0.1146579082489675 138
1694668174587 0.11430667710890645 139
1694668175566 0.113973730071106 140
1694668176525 0.11365810856630967 141
1694668177533 0.11335890490046589 142
1694668178544 0.11307525949631542 143
1694668179603 0.11280635829002181 144
1694668180649 0.11255143027361936 145
1694668181609 0.11230974517464991 146
1694668182653 0.11208061126491095 147
1694668183683 0.11186337329075229 148
1694668184873 0.11165741051783432 149
1694668185943 0.1114621348837079 150
1694668186965 0.1112769892519872 151
1694668188082 0.1111014457622727 152
1694668189342 0.1109350042703444 153
1694668190655 0.11077719087347425 154
1694668192392 0.1106275565160263 155
1694668194030 0.11048567567079974 156
1694668195455 0.1103511450918469 157
1694668197306 0.1102235826347506 158
1694668198661 0.11010262614058547 159
1694668200421 0.10998793238001031 160
1694668203622 0.10987917605414733 161
1694668205747 0.10977604884910083 162
1694668207987 0.10967825854114908 163
1694668211553 0.1095855281498187 164
1694668213097 0.1094975951362069 165
1694668214658 0.10941421064407288 166
1694668215774 0.10933513878135975 167
1694668216855 0.10926015593993972 168
1694668217877 0.10918905015150453 169
1694668218954 0.1091216204776363 170
1694668220010 0.10905767643220873 171
1694668221081 0.1089970374343683 172
1694668222113 0.1089395322904471 173
1694668223178 0.10888499870324714 174
1694668224268 0.10883328280722625 175
1694668225298 0.10878423872819276 176
1694668226377 0.1087377281661989 177
1694668227523 0.10869362000038837 178
1694668229150 0.10865178991462773 179
1694668230269 0.1086121200428121 180
1694668231660 0.10857449863279654 181
1694668233177 0.10853881972796374 182
1694668234406 0.10850498286548958 183
1694668235551 0.10847289279042087 184
1694668236683 0.10844245918472846 185
1694668237858 0.10841359641054032 186
1694668239396 0.10838622326680754 187
1694668240795 0.10836026275869085 188
1694668241881 0.10833564187899883 189
1694668242967 0.10831229140103996 190
1694668244071 0.10829014568228879 191
1694668245137 0.10826914247829629 192
1694668246220 0.10824922276630553 193
1694668247305 0.10823033057806287 194
1694668248413 0.10821241284134178 195
1694668249604 0.10819541922972152 196
1694668250700 0.10817930202018872 197
1694668251714 0.10816401595815062 198
1694668252800 0.10814951812947288 199
1694668253860 0.10813576783917381 200
1694668255038 0.10812272649642667 201
1694668256180 0.10811035750553975 202
1694668257316 0.10809862616260428 203
1694668258511 0.10808749955750928 204
1694668259632 0.10807694648104925 205
1694668260679 0.10806693733685328 206
1694668261760 0.108057444057888 207
1694668262789 0.10804844002729401 208
1694668263853 0.10803990000333058 209
1694668265011 0.10803180004821364 210
1694668266211 0.10802411746064662 211
1694668267353 0.10801683071184845 212
1694668268441 0.10800991938490002 213
1694668269517 0.10800336411723406 214
1694668270540 0.10799714654610645 215
1694668271583 0.10799124925689316 216
1694668272655 0.10798565573406621 217
1694668273651 0.10798035031470878 218
1694668274684 0.10797531814443945 219
1694668275739 0.10797054513561781 220
1694668276813 0.10796601792771503 221
1694668277823 0.10796172384973574 222
1694668278870 0.10795765088458596 223
1694668279926 0.10795378763528478 224
1694668280979 0.10795012329292476 225
1694668282045 0.1079466476062908 226
1694668283127 0.10794335085305082 227
1694668284139 0.10794022381243631 228
1694668285166 0.10793725773933714 229
1694668286216 0.10793444433973548 230
1694668287286 0.10793177574741086 231
1694668288403 0.10792924450184911 232
1694668289461 0.10792684352729477 233
1694668290533 0.10792456611288535 234
1694668291592 0.10792240589381333 235
1694668292705 0.10792035683346186 236
1694668293763 0.10791841320646364 237
1694668294817 0.10791656958263568 238
1694668295899 0.10791482081174406 239
1694668296999 0.1079131620090561 240
