1694447630519 -239.50563140254087 0
1694447631229 -193.91946596117162 1
1694447631979 -157.76079582725382 2
1694447632670 -129.00599862573162 3
1694447633323 -106.07554364231054 4
1694447634019 -87.7352942767685 5
1694447634721 -73.01990285938737 6
1694447635651 -61.17333234237934 7
1694447636674 -51.6026582140553 8
1694447637950 -43.84217029501474 9
1694447639479 -37.52546493362472 10
1694447640564 -32.363737679617124 11
1694447641608 -28.128888948900588 12
1694447642333 -24.640366942738662 13
1694447643056 -21.754913616323186 14
1694447643723 -19.358566647021625 15
1694447644410 -17.36041539438943 16
1694447645107 -15.687721266427559 17
1694447645831 -14.282100060383131 18
1694447646483 -13.096531423648642 19
1694447647159 -12.093012988949983 20
1694447647811 -11.240717391895522 21
1694447648578 -10.514541922331393 22
1694447649410 -9.893965042146869 23
1694447650112 -9.36214300808725 24
1694447650818 -8.905194598297605 25
1694447651562 -8.511633408510827 26
1694447652327 -8.171916096407797 27
1694447653121 -7.878081883057218 28
1694447653930 -7.623464012181845 29
1694447654828 -7.402458065315114 30
1694447655675 -7.210335300492535 31
1694447656465 -7.04309173089538 32
1694447657260 -6.897325648369839 33
1694447657969 -6.77013784956235 34
1694447658773 -6.659050036240933 35
1694447659560 -6.561937811296197 36
1694447660322 -6.476975436250439 37
1694447661147 -6.402590100161796 38
1694447661950 -6.3374239088149285 39
1694447662785 -6.280302164432218 40
1694447663621 -6.230206791134051 41
1694447664494 -6.186253986617021 42
1694447665298 -6.147675358933634 43
1694447666107 -6.113801948924839 44
1694447666934 -6.084050651642841 45
1694447667735 -6.057912640148905 46
1694447668548 -6.0349434671809306 47
1694447669420 -6.014754578118443 48
1694447670221 -5.99700601537304 49
1694447671011 -5.98140013211369 50
1694447671822 -5.967676163914507 51
1694447672607 -5.955605531920097 52
1694447673395 -5.944987771588122 53
1694447674155 -5.935646997883648 54
1694447674897 -5.927428831671571 55
1694447675714 -5.920197723544077 56
1694447676512 -5.913834620876728 57
1694447677311 -5.908234931886546 58
1694447678140 -5.903306747154656 59
1694447679071 -5.898969284704617 60
1694447679973 -5.89515152948085 61
1694447680908 -5.891791042099848 62
1694447681811 -5.888832915171742 63
1694447682715 -5.886228858411161 64
1694447683855 -5.8839363962551445 65
1694447684812 -5.881918163849243 66
1694447685735 -5.880141289106184 67
1694447686522 -5.878576850130022 68
1694447687289 -5.877199398671117 69
1694447688084 -5.875986541464799 70
1694447688978 -5.874918572336374 71
1694447689775 -5.873978148849321 72
1694447690492 -5.873150008051258 73
1694447691225 -5.87242071654951 74
1694447691997 -5.87177845073856 75
1694447692767 -5.871212803517084 76
1694447693458 -5.870714614282604 77
1694447694136 -5.87027581938531 78
1694447694752 -5.86988932056736 79
1694447695663 -5.869548869215353 80
1694447696538 -5.869248964518362 81
1694447697241 -5.8689847638552255 82
1694447697875 -5.868752003938344 83
1694447698519 -5.868546931419378 84
1694447699297 -5.868366241818906 85
1694447699972 -5.868207025779322 86
1694447700744 -5.868066721761272 87
1694447701569 -5.867943074409754 88
1694447702232 -5.867834097909234 89
1694447702986 -5.867738043729106 90
1694447703717 -5.867653372232964 91
1694447704526 -5.867578727688009 92
