1694677488117 168.83772543452676 0
1694677489448 83.67711990583584 1
1694677490823 68.13942249852649 2
1694677492053 58.04807870076269 3
1694677493319 50.434830479800645 4
1694677494644 44.280353898769825 5
1694677496013 39.142561561335306 6
1694677498012 34.779498882629994 7
1694677499471 31.03401575775315 8
1694677500728 27.793124616553772 9
1694677501998 24.97090450436662 10
1694677503933 22.49989438113511 11
1694677505942 20.326062545345383 12
1694677507660 18.405533992528934 13
1694677510068 16.702305202030953 14
1694677512188 15.186574174210572 15
1694677514668 13.83348368828303 16
1694677517449 12.622156848676175 17
1694677520685 11.534946727841085 18
1694677523594 10.556846559823013 19
1694677526522 9.675022288843158 20
1694677529669 8.878439446569269 21
1694677532333 8.157563390250655 22
1694677534956 7.504116999924775 23
1694677538444 6.910883655245758 24
1694677541613 6.371546092807873 25
1694677544368 5.8805538459764195 26
1694677546802 5.433013570870953 27
1694677549286 5.024597791183377 28
1694677552240 4.6514685427495985 29
1694677555740 4.310213133764868 30
1694677559594 3.997789808549865 31
1694677562489 3.7114815496628344 32
1694677565395 3.448856603554969 33
1694677568511 3.2077345906931396 34
1694677571403 2.986157278812537 35
1694677574955 2.78236327052853 36
1694677578707 2.5947659938099816 37
1694677581292 2.4219344934317695 38
1694677583576 2.2625766094025423 39
1694677586207 2.1155241991067144 40
1694677587724 1.9797201170932357 41
1694677589361 1.854206712889088 42
1694677591739 1.7381156451066515 43
1694677593124 1.6306588411728975 44
1694677594417 1.5311204575904669 45
1694677595669 1.4388497168154528 46
1694677597504 1.3532545144505244 47
1694677599241 1.2737957051766167 48
1694677600694 1.1999819882162828 49
1694677602192 1.1313653235641281 50
1694677603609 1.0675368190766545 51
1694677605078 1.0081230360605289 52
1694677606528 0.9527826674571268 53
1694677607977 0.9012035482722163 54
1694677609351 0.8530999626896189 55
1694677610864 0.8082102164564783 56
1694677612181 0.7662944467339388 57
1694677613724 0.7271326447518034 58
1694677615775 0.6905228693565695 59
1694677617497 0.6562796319551794 60
1694677618987 0.6242324354788876 61
1694677620950 0.5942244518623068 62
1694677623525 0.5661113241853175 63
1694677626772 0.5397600810884133 64
1694677629290 0.5150481523692922 65
1694677632355 0.49186247582081066 66
1694677635395 0.4700986863954 67
1694677637771 0.44966037969413436 68
1694677639831 0.430458442592939 69
1694677641796 0.4124104445455554 70
1694677643493 0.3954400837527273 71
1694677644830 0.3794766829684946 72
1694677646334 0.36445473023506214 73
1694677647639 0.3503134603042225 74
1694677648927 0.3369964729216747 75
1694677650278 0.3244513845259854 76
1694677651821 0.3126295102510674 77
1694677653339 0.30148557342390425 78
1694677654909 0.2909774400215408 79
1694677656727 0.28106587579624304 80
1694677658740 0.2717143239980949 81
1694677660694 0.26288870182268637 82
1694677662255 0.2545572138902327 83
1694677663493 0.24669018122346614 84
1694677664791 0.23925988433675943 85
1694677666260 0.23224041917982802 86
1694677667512 0.22560756479740027 87
1694677668738 0.2193386616728025 88
1694677670254 0.21341249981957996 89
1694677672308 0.20780921577213937 90
1694677673699 0.20251019770487527 91
1694677675397 0.19749799798015827 92
1694677679136 0.19275625248967806 93
1694677683251 0.18826960621161495 94
1694677686802 0.18402364445857308 95
1694677691662 0.1800048293386736 96
1694677695050 0.17620044099519086 97
1694677697197 0.17259852322902774 98
1694677698990 0.1691878331435954 99
1694677700577 0.1659577944836145 100
1694677701955 0.1628984543683276 101
1694677703194 0.16000044314589776 102
1694677704474 0.15725493711959806 103
1694677705759 0.15465362391804963 104
1694677707048 0.15218867030140673 105
1694677708318 0.1498526922132434 106
1694677710311 0.14763872690411609 107
1694677712290 0.1455402069675213 108
1694677713731 0.14355093614238879 109
1694677716217 0.1416650667484464 110
1694677717628 0.13987707863191476 111
1694677719524 0.13818175950910122 112
1694677720841 0.13657418660468965 113
1694677722264 0.1350497094899261 114
1694677723637 0.13360393403356888 115
1694677725005 0.13223270738546775 116
1694677726415 0.13093210391902618 117
1694677727958 0.12969841206463284 118
1694677729893 0.12852812197148727 119
1694677731456 0.12741791394011392 120
1694677732726 0.12636464757232974 121
1694677734128 0.12536535158950665 122
1694677735417 0.12441721427372099 123
1694677737019 0.12351757448980275 124
1694677739002 0.1226639132494499 125
1694677741008 0.12185384578145503 126
1694677742560 0.12108511407474129 127
1694677743801 0.12035557986334125 128
1694677745071 0.11966321802468752 129
1694677746377 0.11900611036464588 130
1694677747689 0.11838243976461166 131
1694677749087 0.11779048466774028 132
1694677750388 0.11722861388299 133
1694677751624 0.1166952816871329 134
1694677752815 0.11618902320626873 135
1694677754029 0.11570845005963123 136
1694677755298 0.11525224624964873 137
1694677756460 0.11481916428330058 138
1694677757665 0.11440802151080866 139
1694677758888 0.11401769666862936 140
1694677760088 0.11364712661456716 141
1694677761364 0.11329530324362713 142
1694677762793 0.11296127057395758 143
1694677764248 0.11264412199292187 144
1694677766245 0.11234299765396989 145
1694677767643 0.11205708201557289 146
1694677768830 0.11178560151403162 147
1694677770127 0.11152782236248321 148
1694677771384 0.11128304846890094 149
1694677772596 0.11105061946633128 150
1694677773947 0.11082990884902197 151
1694677775522 0.1106203222084784 152
1694677776933 0.11042129556385205 153
1694677778256 0.11023229378139116 154
1694677780131 0.11005280907800688 155
1694677781689 0.10988235960429361 156
1694677783371 0.10972048810262255 157
1694677784662 0.10956676063618039 158
1694677786437 0.10942076538506673 159
1694677788361 0.10928211150579009 160
1694677790188 0.10915042805071115 161
1694677791886 0.10902536294418144 162
1694677793620 0.10890658201231121 163
1694677795449 0.10879376806347252 164
1694677796856 0.10868662001681108 165
1694677798454 0.10858485207618894 166
1694677800820 0.10848819294712914 167
1694677802564 0.10839638509446553 168
1694677803899 0.10830918403853128 169
1694677805218 0.10822635768783886 170
1694677806687 0.1081476857063148 171
1694677808647 0.10807295891326438 172
1694677810349 0.10800197871433476 173
1694677811679 0.10793455656184621 174
1694677812885 0.10787051344294482 175
1694677814164 0.10780967939411579 176
1694677815489 0.10775189304067702 177
1694677817207 0.10769700115994496 178
1694677818537 0.1076448582668347 179
1694677820357 0.10759532622072687 180
1694677822877 0.10754827385249041 181
1694677824607 0.10750357661061392 182
1694677826062 0.10746111622545387 183
1694677828007 0.10742078039065711 184
1694677830475 0.10738246246087087 185
1694677832026 0.10734606116489355 186
1694677833304 0.10731148033347167 187
1694677834598 0.10727862864098303 188
1694677835839 0.10724741936029267 189
1694677837031 0.10721777013010025 190
1694677838281 0.10718960273413716 191
1694677839490 0.10716284289160306 192
1694677840716 0.10713742005826457 193
1694677842457 0.10711326723766731 194
1694677844423 0.10709032080194474 195
1694677846203 0.10706852032172887 196
1694677848098 0.10704780840469866 197
1694677849686 0.10702813054232287 198
1694677851118 0.10700943496437823 199
1694677852348 0.1069916725008458 200
1694677853722 0.10697479645080761 201
1694677855308 0.10695876245798765 202
1694677857049 0.10694352839259591 203
1694677859184 0.10692905423915726 204
1694677860865 0.1069153019900156 205
1694677862532 0.10690223554422934 206
1694677865318 0.10688982061157892 207
1694677870049 0.1068780246214297 208
1694677873178 0.10686681663620091 209
1694677876055 0.10685616726920827 210
1694677877858 0.1068460486066565 211
1694677879536 0.10683643413357184 212
1694677881629 0.10682729866347394 213
1694677883855 0.10681861827159853 214
1694677885626 0.10681037023148815 215
1694677887412 0.10680253295478354 216
1694677888899 0.10679508593405045 217
1694677890429 0.10678800968848999 218
1694677891978 0.10678128571238521 219
1694677893533 0.1067748964261458 220
1694677895027 0.10676882512982037 221
1694677896541 0.10676305595894882 222
1694677898523 0.10675757384263969 223
1694677901207 0.1067523644637573 224
1694677903204 0.10674741422111333 225
1694677904671 0.1067427101935616 226
1694677906335 0.10673824010589865 227
1694677908788 0.10673399229648056 228
1694677910927 0.10672995568646812 229
1694677915385 0.10672611975061864 230
1694677919340 0.10672247448954637 231
1694677922448 0.10671901040337671 232
1694677925065 0.10671571846672517 233
1694677928276 0.10671259010493313 234
1694677930326 0.10670961717149748 235
1694677932763 0.10670679192663407 236
1694677935786 0.10670410701691728 237
1694677937885 0.10670155545594262 238
1694677940149 0.10669913060595879 239
1694677942332 0.1066968261604232 240
1694677944376 0.10669463612743169 241
1694677946775 0.10669255481397989 242
1694677950966 0.10669057681101457 243
1694677955844 0.1066886969792344 244
1694677961331 0.10668691043560254 245
1694677966155 0.10668521254053577 246
1694677970630 0.10668359888573609 247
1694677973574 0.10668206528263148 248
1694677976275 0.10668060775139672 249
1694677979397 0.10667922251052388 250
1694677981972 0.10667790596691529 251
1694677984732 0.10667665470647318 252
1694677988711 0.10667546548515988 253
1694677991741 0.1066743352205066 254
1694677995328 0.10667326098354661 255
1694677997802 0.10667223999115222 256
1694678000335 0.10667126959875599 257
1694678002637 0.10667034729343557 258
1694678005290 0.10666947068734463 259
1694678007991 0.10666863751147268 260
1694678010819 0.1066678456097167 261
1694678013706 0.1066670929332498 262
1694678015948 0.10666637753517073 263
1694678018146 0.10666569756542159 264
1694678020377 0.10666505126595917 265
1694678023424 0.10666443696616794 266
1694678026831 0.10666385307850204 267
1694678030080 0.10666329809434529 268
1694678033362 0.10666277058007777 269
1694678037760 0.10666226917333911 270
1694678040544 0.10666179257947835 271
1694678042563 0.10666133956818137 272
