1694518334189 168.54379126551402 0
1694518335085 165.19807082103898 1
1694518336009 158.97283858782842 2
1694518336787 150.3906707711614 3
1694518337786 139.99561320171784 4
1694518338774 128.3240918909732 5
1694518339762 115.88181085411796 6
1694518340798 103.12651531263903 7
1694518341807 90.45625996883103 8
1694518342861 78.20264489736026 9
1694518343809 66.62836214485006 10
1694518344690 55.92832884684175 11
1694518345682 46.233660720647954 12
1694518346635 37.617755571342286 13
1694518347601 30.10380208540017 14
1694518348487 23.673096950424732 15
1694518349297 18.27363596210261 16
1694518350130 13.82853569932899 17
1694518350940 10.24393587375869 18
1694518351784 7.416123862762231 19
1694518352803 5.237708481962645 20
1694518353801 3.6027469879395766 21
1694518355367 2.4107957815363767 22
1694518356582 1.569910290835356 23
1694518357613 0.9986627480230612 24
1694518358622 0.6272783260502656 25
1694518359622 0.3980111255901095 26
1694518360579 0.2648928999522545 27
1694518361634 0.19299050287781913 28
1694518362667 0.15730429322899578 29
1694518363616 0.1414306176886369 30
1694518364535 0.13609846418817087 31
1694518365720 0.13767478341640726 32
1694518366738 0.1467160212809908 33
1694518367666 0.16662613059345793 34
1694518368783 0.20246459053017118 35
1694518369824 0.2599324247167768 36
1694518370823 0.34455035776823567 37
1694518371887 0.461031400698295 38
1694518372887 0.6128404709379961 39
1694518373953 0.8019261656450026 40
1694518375004 1.0286044434735702 41
1694518376046 1.2915705727544875 42
1694518377099 1.5880140556933264 43
1694518378113 1.9138110825471293 44
1694518379014 2.2637701309016585 45
1694518379892 2.6319083239108907 46
1694518380745 3.0117388284812643 47
1694518381555 3.3965526611082186 48
1694518382886 3.7796815545207085 49
1694518383991 4.15473183425942 50
1694518384950 4.515782407669917 51
1694518386029 4.857542860796274 52
1694518387028 5.1754702076352945 53
1694518388044 5.465844988898824 54
1694518389018 5.7258091494286685 55
1694518389944 5.953369434008859 56
1694518390988 6.147370949069068 57
1694518391981 6.307446075988228 58
1694518392982 6.4339441341808605 59
1694518394150 6.527847129183854 60
1694518395287 6.590676635870092 61
1694518396319 6.624396413038778 62
1694518397282 6.631314773926655 63
1694518398268 6.613990094372453 64
1694518399252 6.575142167629263 65
1694518400346 6.517571446987814 66
1694518401336 6.444087582559125 67
1694518402417 6.357448078167095 68
1694518403473 6.260307383310923 69
1694518404484 6.155176302697321 70
1694518405547 6.044391255866845 71
1694518406540 5.930092651534588 72
1694518407598 5.814211451496133 73
1694518408606 5.698462880700413 74
1694518409629 5.584346184869927 75
1694518410492 5.473149335224299 76
1694518411347 5.365957621308283 77
1694518412292 5.263665147564018 78
1694518413199 5.166988347533661 79
1694518414219 5.076480742667891 80
1694518415287 4.992548292939606 81
1694518416301 4.915464807306305 82
1694518417285 4.845386998268942 83
1694518418240 4.782368872327131 84
1694518419272 4.72637524419896 85
1694518420237 4.67729424550759 86
1694518421163 4.634948767430355 87
1694518422199 4.59910683154984 88
1694518423276 4.5694909244699025 89
1694518424304 4.545786360776029 90
1694518425344 4.527648757078276 91
1694518426369 4.514710708828423 92
1694518427396 4.506587763088475 93
1694518428395 4.502883776170328 94
1694518429434 4.503195736700733 95
1694518430402 4.507118123676462 96
1694518431429 4.5142468567573895 97
1694518432488 4.52418288348119 98
1694518433478 4.536535436133311 99
