1694746732035 0.004273527308517539 0
1694746733783 0.14345297387542738 1
1694746735488 0.4668875650055364 2
1694746737504 0.08796487727341233 3
1694746739664 0.01275207106956908 4
1694746741743 0.0028076475691226487 5
1694746743745 0.004963812069692145 6
1694746745519 0.025787032639556007 7
1694746747311 0.8183471078059471 8
1694746749267 0.07732085576310425 9
1694746750944 0.025990860507117287 10
1694746752888 0.4468216935175262 11
1694746754577 0.11331495330219193 12
1694746756199 0.046270080742302204 13
1694746757926 0.07250237714122419 14
1694746759546 0.25239064165255887 15
1694746761160 0.6502955550582277 16
1694746762960 0.4522302545918533 17
1694746764621 0.4339528668579349 18
1694746766333 0.004878690978899094 19
1694746768003 0.0001409525604801984 20
1694746769608 7.596743841046125e-05 21
1694746771233 0.0012226145471468555 22
1694746772969 0.044731190860880156 23
1694746774656 0.2694517634722164 24
1694746776272 0.019398372696229176 25
1694746777857 0.04930293034258715 26
1694746779613 0.04842240009326602 27
1694746781320 0.11246682866660462 28
1694746782888 0.2948873535194893 29
1694746784519 0.032135401988082575 30
1694746786124 9.569250101205165e-05 31
1694746787783 0.01337569343277152 32
1694746789412 0.3757523291138904 33
1694746791030 0.042760859989275674 34
1694746792646 0.08161526355993129 35
1694746794270 0.047613622308387234 36
1694746795908 0.0005832084310065201 37
1694746797483 0.48690591810806444 38
1694746799033 0.2650840259404111 39
1694746800681 0.07675488661863336 40
1694746802616 0.2818117349071949 41
1694746804258 0.007869049995152885 42
1694746805893 0.031310073735411045 43
1694746807394 0.0048913168712386625 44
1694746808790 0.011803450098810956 45
1694746810267 0.014393612986139816 46
1694746811915 0.10217215331725621 47
1694746813438 0.13967602603484952 48
1694746815020 0.5606421990438886 49
1694746816775 0.02295747340529044 50
1694746818442 0.0005794571093053853 51
1694746820043 0.00012895866537452255 52
1694746821651 0.07496087773221786 53
1694746823331 0.5468207512869668 54
1694746825016 1.2193800247774054 55
1694746826572 0.0007617855274886533 56
1694746828128 0.34868037982074745 57
1694746829763 0.030488519727279464 58
1694746831387 0.001816602625759271 59
1694746833385 0.14853795336019318 60
1694746835045 0.00013573078357411258 61
1694746836575 0.14200753579255868 62
1694746838113 0.28680350278095457 63
1694746839908 0.004663087939076573 64
1694746841792 0.055130213624229346 65
1694746843858 0.15106994368016055 66
1694746845871 0.10087006955869351 67
1694746847693 0.5433016679572042 68
1694746849643 6.428883232837211e-05 69
1694746851326 0.2707180631305868 70
1694746853279 0.019072047741244942 71
1694746854997 0.23415298160729964 72
1694746856689 0.0008507653942412198 73
1694746858759 0.1990254312590743 74
1694746861231 0.3812045932483175 75
1694746863800 0.27418617834923537 76
1694746865688 0.4191198579032301 77
1694746867235 0.4296436592306211 78
1694746868724 0.038054481263191615 79
1694746870621 0.029731087344691612 80
1694746872326 0.09059431812093298 81
1694746874090 0.0006189316494724914 82
1694746875815 0.01997213441242995 83
1694746878023 0.21984878255249324 84
1694746879839 0.2587746713412282 85
1694746881704 0.12071393386831042 86
1694746883549 0.03795144400053799 87
1694746885490 3.451063655673616e-05 88
1694746887564 0.00895548096318281 89
1694746889352 0.02924323383841937 90
1694746891053 0.0007274758111458311 91
1694746893129 0.8499234390210539 92
1694746894784 0.22143293704081615 93
1694746896798 0.236678325904114 94
1694746898669 0.10329142053272602 95
1694746900913 0.0535939395591061 96
1694746904723 0.26007971976771216 97
1694746906690 0.0031126761665456466 98
1694746908376 0.17100862504585995 99
