1694619871194 169.64084248330963 0
1694619872389 166.1418037783334 1
1694619873614 159.7353907874083 2
1694619875014 150.94338027364674 3
1694619876337 140.30692573790904 4
1694619877758 128.35944975209364 5
1694619879041 115.60525758076079 6
1694619880324 102.50357659419952 7
1694619881489 89.45757697644615 8
1694619882769 76.80782522940363 9
1694619884119 64.82955847523314 10
1694619885421 53.73313935901193 11
1694619886707 43.66705287161651 12
1694619887897 34.722831978288596 13
1694619889129 26.941343026512207 14
1694619890405 20.319919324191506 15
1694619891581 14.81989730136413 16
1694619893024 10.374180134344261 17
1694619894274 6.894525075816579 18
1694619895479 4.278320090647976 19
1694619896775 2.414680466412976 20
1694619898133 1.1897551687726355 21
1694619899390 0.49118471301224714 22
1694619900610 0.21169658101016797 23
1694619901807 0.2518605051677787 24
1694619903110 0.5220543941995315 25
1694619904299 0.9437126949538704 26
1694619905588 1.4499431837921206 27
1694619906765 1.9856063204121954 28
1694619908012 2.5069542248336023 29
1694619909226 2.98092494184629 30
1694619910563 3.3841828209244547 31
1694619911819 3.7019884111757784 32
1694619913089 3.9269720356814632 33
1694619914272 4.05787487205953 34
1694619915537 4.098310538077683 35
1694619916743 4.055589375897901 36
1694619918028 3.9396372597572764 37
1694619919231 3.7620311368317916 38
1694619920408 3.5351648767396657 39
1694619921707 3.2715514970104653 40
1694619923049 2.9832615236920534 41
1694619924234 2.681492151252071 42
1694619925575 2.3762579477388726 43
1694619927051 2.0761910349514374 44
1694619928382 1.7884368560817236 45
1694619929728 1.518630703123793 46
1694619931060 1.2709399810572135 47
1694619932323 1.048157599885122 48
1694619933561 0.8518327761150373 49
1694619934886 0.6824267665291216 50
1694619936152 0.5394825341244865 51
1694619937574 0.4217989570221228 52
1694619938816 0.3276018485506856 53
1694619940079 0.2547056882837932 54
1694619941427 0.20066151217062156 55
1694619942810 0.16288783194492204 56
1694619944183 0.1387827197946968 57
1694619945424 0.12581628566798972 58
1694619946695 0.12160368361934397 59
1694619948000 0.12395951083387871 60
1694619949210 0.13093501582230174 61
1694619950472 0.1408399234211709 62
1694619951699 0.15225093005647117 63
1694619952983 0.16400904201622224 64
1694619954277 0.17520794221038216 65
1694619955556 0.1851754972554541 66
1694619956759 0.19345037627659045 67
1694619958060 0.19975556389838484 68
1694619959297 0.20397032912031696 69
1694619960560 0.20610197375855036 70
1694619961701 0.20625844131967935 71
1694619962922 0.20462262976111964 72
1694619964094 0.20142902760768075 73
1694619965397 0.19694308828680024 74
1694619966639 0.19144357637498147 75
1694619967872 0.18520796409378149 76
1694619969146 0.17850082778937343 77
1694619970523 0.17156509200981757 78
1694619971718 0.164615891936932 79
1694619972932 0.1578367713890706 80
1694619974078 0.15137790093155487 81
1694619975300 0.14535598604019714 82
1694619976434 0.13985553583683144 83
1694619977743 0.13493117572053098 84
1694619978886 0.13061070942351236 85
1694619980106 0.12689866498634947 86
1694619981370 0.123780092486135 87
1694619982623 0.12122441697154053 88
1694619983873 0.11918918618500042 89
1694619985096 0.1176235878318299 90
1694619986397 0.11647164425141733 91
1694619987669 0.11567502251636703 92
1694619988849 0.11517542466269193 93
1694619990200 0.11491654560955065 94
1694619991441 0.1148456052387215 95
1694619992780 0.11491447612148437 96
1694619993966 0.11508043968974173 97
1694619995266 0.11530661153817512 98
1694619996610 0.1155620813766302 99
