1694673312513 169.46369604336581 0
1694673314184 137.18931111095296 1
1694673315731 111.30537759287888 2
1694673317200 90.33112324747037 3
1694673318510 73.33449880407551 4
1694673319792 59.557861880834565 5
1694673321107 48.38857402489306 6
1694673322305 39.33250190287429 7
1694673323390 31.987564621955734 8
1694673324531 26.029556421473902 9
1694673325642 21.195344460007178 10
1694673326896 17.271556172945733 11
1694673328468 14.086398909688842 12
1694673330480 11.499641023690314 13
1694673332676 9.398453565061358 14
1694673334711 7.690878773697026 15
1694673336262 6.302776704994612 16
1694673337946 5.173804599646044 17
1694673339446 4.255228661995922 18
1694673340891 3.5074122331534543 19
1694673343010 2.8983195652246585 20
1694673345855 2.401875620330426 21
1694673347766 1.997029595587139 22
1694673350304 1.6665887911885129 23
1694673352008 1.396736167388709 24
1694673353440 1.176096782734814 25
1694673355104 0.9956221602890496 26
1694673358066 0.8477482967127997 27
1694673360451 0.726573562990803 28
1694673363947 0.627031017103486 29
1694673366052 0.545297820555724 30
1694673368272 0.47794414324163903 31
1694673371046 0.4225215999757358 32
1694673372848 0.3766748337561731 33
1694673374971 0.33886474736498395 34
1694673376999 0.3074424989132196 35
1694673378847 0.28147056136678283 36
1694673380632 0.25976608035691295 37
1694673382381 0.24178916406760356 38
1694673384049 0.22666578669550366 39
1694673385700 0.214118269789071 40
1694673387935 0.203478763741201 41
1694673389784 0.19464169120742325 42
1694673392343 0.18707833404731802 43
1694673394806 0.18079512981420737 44
1694673397287 0.17535868584415132 45
1694673399266 0.17084731329951228 46
1694673400505 0.16689428798042377 47
1694673401827 0.16362293754115256 48
1694673403615 0.16071441172036108 49
1694673404976 0.158319072108723 50
1694673406217 0.15615355947637613 51
1694673407534 0.15438323521819336 52
1694673409165 0.1527520102520074 53
1694673411232 0.15143221299909224 54
1694673412903 0.15046105967980317 55
1694673417165 0.1491496659493681 56
1694673421407 0.14842746620733957 57
1694673424114 0.14742015398684177 58
1694673426373 0.14687889011497862 59
1694673431766 0.14609678426525788 60
1694673433742 0.14568883057963125 61
1694673435342 0.1450754135196443 62
1694673438916 0.14476690352718108 63
1694673443639 0.14428118833650722 64
1694673446736 0.1440476733434502 65
1694673449560 0.14365959201630396 66
1694673451249 0.14348316538814124 67
1694673453241 0.143170417431043 68
1694673454670 0.14303778566689396 69
1694673455875 0.14308871362424305 70
1694673457572 0.14263202979914014 71
1694673459699 0.1426833629721571 72
1694673461003 0.14232762721893144 73
1694673462382 0.14237667533704662 74
1694673463714 0.14209565800295376 75
1694673465530 0.14214163177744443 76
1694673467475 0.141916667420678 77
1694673468782 0.1419596010689873 78
1694673470846 0.14177719718396367 79
1694673472402 0.14181742296205674 80
1694673473593 0.1416676927761881 81
1694673475154 0.1417055999341967 82
1694673476959 0.14158121257349074 83
1694673479216 0.14161714892361893 84
1694673481113 0.14181720970759598 85
1694673482658 0.14149365544195494 86
1694673484106 0.14166309647525108 87
1694673485507 0.1414138947306008 88
1694673486770 0.14155670060017175 89
1694673488572 0.14136120122877463 90
1694673489975 0.1414817437154711 91
1694673491300 0.14132561891264694 92
1694673492422 0.1414279456036439 93
1694673493821 0.1413010948689698 94
1694673495374 0.1413886753500479 95
1694673496941 0.14128387868094255 96
1694673498139 0.1413595663743669 97
1694673499284 0.14127159958490484 98
1694673500402 0.1413376859040196 99
1694673501708 0.1415647082528986 100
1694673502896 0.14126787250293218 101
1694673504138 0.14145885352660212 102
1694673505382 0.14123143622793985 103
1694673506675 0.1413914350108696 104
1694673507946 0.14121372591244735 105
1694673509518 0.1413479749553781 106
1694673510695 0.14120640331938147 107
1694673511902 0.14131964018986945 108
1694673513066 0.14120471596860212 109
1694673514762 0.14130096377015938 110
1694673516574 0.1412059597344547 111
1694673517803 0.14128851623253774 112
1694673518944 0.14152797859491273 113
1694673520092 0.1412252261013671 114
1694673521292 0.14142673911154188 115
1694673522451 0.141195302591958 116
1694673523650 0.14136408649034599 117
1694673524769 0.14118355223732854 118
1694673525951 0.1413250762087259 119
1694673527117 0.1411814390893402 120
1694673528260 0.1413006854918025 121
1694673529437 0.141184184391948 122
1694673530565 0.14128540003175816 123
1694673531722 0.14118913718996146 124
1694673533404 0.1412758123298001 125
1694673534920 0.14119485390867503 126
1694673536203 0.14126979709593115 127
1694673537361 0.14150451544444737 128
1694673538567 0.1412126694643031 129
1694673540338 0.14140992052567627 130
1694673541738 0.14118661683010117 131
1694673543034 0.14135171251682743 132
1694673544356 0.14117737363079555 133
1694673546076 0.14131576156810172 134
1694673547297 0.1411769379061295 135
1694673548949 0.14129353490383323 136
1694673550359 0.14118084259597805 137
1694673551922 0.1412798191900201 138
1694673553163 0.14118662184073238 139
1694673554368 0.1412713960917587 140
1694673555505 0.14151281252920436 141
1694673556995 0.1412113320272381 142
1694673558843 0.141414444501998 143
1694673560287 0.1411840357978649 144
1694673561979 0.14135412844511439 145
1694673563331 0.14117442042757097 146
1694673564593 0.14131701577307257 147
1694673565914 0.14117403969484607 148
1694673568417 0.14129416409513051 149
1694673570519 0.14117818939444007 150
1694673571855 0.14128012567605552 151
1694673573287 0.14118427995802457 152
1694673575252 0.14127154773426517 153
1694673576886 0.1411909180606724 154
1694673578228 0.14126634972658916 155
1694673579848 0.14150150195174432 156
1694673582232 0.14120987468078777 157
1694673583959 0.14140748567130396 158
1694673585837 0.14118435149824662 159
1694673587704 0.14134974639238485 160
1694673589157 0.14117553739845046 161
1694673590909 0.1413141747250206 162
1694673592371 0.14117544920703767 163
1694673594113 0.14129225471614493 164
1694673595745 0.14117963525297095 165
1694673597214 0.14127878678732012 166
1694673598676 0.14118564222800967 167
1694673600069 0.1412705638093937 168
1694673601517 0.14151211140231404 169
1694673603590 0.14121065748131034 170
1694673605585 0.1414138812408807 171
1694673607838 0.1411834888756581 172
1694673610250 0.1413536763215549 173
1694673614126 0.14117397670670434 174
1694673616114 0.1413166531523012 175
1694673618201 0.1411736794014503 176
1694673621429 0.14129387349411085 177
1694673625237 0.14117789653697685 178
1694673629542 0.14127989298425747 179
1694673632207 0.1411840416141283 180
1694673635043 0.14127136157408612 181
1694673638735 0.14119072379375938 182
1694673640852 0.1412662009312369 183
1694673644874 0.1415013935919886 184
1694673647811 0.14120975395660704 185
1694673652471 0.141407400493927 186
1694673657133 0.141184253357498 187
1694673659252 0.14134967963672235 188
1694673661516 0.1411754574253366 189
1694673663220 0.14131412257965226 190
1694673666408 0.14117538385256279 191
1694673668535 0.1412922141350874 192
1694673670589 0.1411795816672916 193
1694673672335 0.14127875534028866 194
1694673673646 0.14118559812415946 195
1694673674931 0.14127053956038252 196
1694673676339 0.14151210476669537 197
1694673677515 0.14121063777177087 198
1694673678836 0.14141387746604947 199
1694673680020 0.14118347273602977 200
1694673681361 0.14135367463818202 201
1694673682614 0.14117396337500307 202
1694673684033 0.1413166529687052 203
1694673685151 0.14117366828036662 204
1694673686308 0.14129387435843155 205
1694673687437 0.14117788715939833 206
1694673688642 0.1412798945541915 207
1694673689978 0.14118403361556475 208
1694673691515 0.14127136359278822 209
1694673692731 0.14119071689037743 210
1694673694078 0.14126620320820807 211
1694673695769 0.14150140399752376 212
1694673697234 0.14120975573892677 213
1694673698605 0.1414074097838231 214
1694673699750 0.14118425468237886 215
1694673701366 0.14134968790056784 216
1694673702848 0.14117545833608103 217
1694673704434 0.1413141299075223 218
1694673705699 0.1411753843951785 219
1694673707086 0.14129222061497246 220
1694673708448 0.14117958188807062 221
1694673710451 0.1412787610563451 222
1694673712263 0.1411855980680024 223
1694673713743 0.1412705445918124 224
1694673715048 0.1415121142972155 225
1694673716362 0.1412106418258655 226
1694673717767 0.14141388571542837 227
1694673719246 0.1411834759620828 228
1694673720716 0.1413536817744078 229
1694673722182 0.14117396590224326 230
1694673723289 0.14131665913870334 231
1694673724506 0.14117367022034277 232
1694673725704 0.14129387969050192 233
1694673726933 0.14117788860812966 234
1694673728298 0.1412798991602064 235
1694673729536 0.14118403465547275 236
1694673731289 0.141271367570164 237
1694673732984 0.1411907175920119 238
1694673734434 0.1412662066416684 239
1694673736032 0.14150140984613951 240
1694673737464 0.1412097584998161 241
1694673738923 0.14140741480607275 242
1694673740417 0.14118425687957037 243
1694673741748 0.14134969221289645 244
1694673743202 0.1411754600621888 245
1694673744773 0.14131413361009668 246
1694673746206 0.14117538572887423 247
1694673747551 0.14129222379392745 248
1694673749042 0.14117958289608232 249
1694673750901 0.14127876378572438 250
1694673752197 0.1411855988068372 251
1694673753363 0.1412705469352471 252
1694673754522 0.14151211805858482 253
1694673755651 0.14121064371709602 254
1694673757013 0.1414138889372352 255
1694673758398 0.1411834774749594 256
1694673759613 0.14135368453421304 257
1694673760754 0.14117396709934524 258
1694673761912 0.141316661502931 259
1694673763014 0.1411736711546399 260
1694673764347 0.14129388171603335 261
1694673765715 0.1411778893244046 262
1694673766999 0.14127990089574669 263
1694673768247 0.14118403519153805 264
1694673769524 0.1412713690574135 265
1694673771150 0.14119071797974972 266
1694673772363 0.14126620791632807 267
1694673773523 0.14150141190468404 268
1694673774718 0.14120975952563952 269
1694673775896 0.14140741656764294 270
1694673777068 0.14118425769757856 271
1694673778247 0.1413496937205069 272
1694673779654 0.14117546070707324 273
1694673781165 0.1413141349005239 274
1694673782393 0.14117538622994502 275
1694673783522 0.14129222489861354 276
1694673784749 0.14117958327807453 277
1694673785932 0.14127876473155124 278
1694673787091 0.14118559909059866 279
1694673788205 0.14127054774519707 280
1694673789386 0.14151211933345118 281
1694673790533 0.14121064437086717 282
1694673791672 0.14141389002773866 283
1694673792799 0.14118347799823588 284
1694673794137 0.14135368546713475 285
1694673795841 0.14117396751384387 286
1694673797284 0.14131666230115394 287
1694673798602 0.1411736714787052 288
1694673800392 0.14129388239910995 289
1694673802307 0.14117788957351676 290
1694673803933 0.1412799014803837 291
1694673805315 0.14118403537874424 292
1694673807622 0.14127136955788727 293
1694673809459 0.1411907181160324 294
1694673810861 0.1412662083448382 295
1694673812178 0.14150141259146007 296
1694673813585 0.14120975987053735 297
1694673815170 0.14140741715504138 298
1694673816382 0.14118425797268172 299
1694673817618 0.14134969422297777 300
1694673819641 0.1411754609240591 301
1694673821557 0.14131413533041146 302
1694673824557 0.1411753863986717 303
1694673826719 0.14129222526646307 304
1694673828051 0.14117958340685519 305
1694673829287 0.1412787650463713 306
1694673831259 0.14118559918643592 307
1694673833169 0.14127054801468425 308
1694673834693 0.14151211975636432 309
1694673836057 0.14121064458839652 310
1694673837289 0.1414138903894173 311
1694673838651 0.14118347817236096 312
1694673839892 0.14135368577648783 313
1694673842057 0.14117396765179407 314
1694673844056 0.14131666256579115 315
1694673845358 0.14117367158658656 316
1694673846776 0.14129388262553152 317
1694673848990 0.14117788965647943 318
1694673850807 0.14127990167414198 319
1694673852728 0.1411840354411284 320
1694673854081 0.1412713697237257 321
1694673855528 0.14119071816149042 322
1694673857354 0.14126620848680838 323
1694673859000 0.1415014128187256 324
1694673860660 0.141209759984808 325
1694673861903 0.1414074173494055 326
1694673863026 0.1411842580638322 327
1694673864212 0.1413496943892278 328
1694673865586 0.14117546099595923 329
1694673866891 0.14131413547263624 330
1694673868024 0.14117538645458722 331
1694673869504 0.14129222538815472 332
1694673870898 0.14117958344954054 333
1694673872342 0.1412787651505127 334
1694673874430 0.14118559921821072 335
1694673876158 0.14127054810382386 336
1694673877465 0.14151211989618764 337
1694673878924 0.14121064466034972 338
1694673880384 0.1414138905089909 339
1694673882063 0.14118347822995747 340
1694673883488 0.14135368587875888 341
1694673888128 0.14117396769742624 342
1694673899458 0.14131666265327672 343
1694673901335 0.14117367162227332 344
1694673902968 0.14129388270038118 345
1694673904222 0.14117788968392497 346
1694673905425 0.14127990173819208 347
1694673906692 0.14118403546176833 348
1694673908275 0.14127136977854504 349
1694673910218 0.1411907181765325 350
1694673911587 0.14126620853373692 351
1694673913066 0.141501412893835 352
1694673914652 0.1412097600225805 353
1694673916318 0.14140741741364032 354
1694673918168 0.14118425809396248 355
1694673919994 0.1413496944441704 356
1694673922105 0.14117546101972633 357
1694673923801 0.1413141355196383 358
1694673925043 0.1411753864730712 359
1694673926250 0.14129222542837072 360
1694673927642 0.14117958346365145 361
1694673929044 0.14127876518492866 362
1694673931882 0.14118559922871524 363
1694673933347 0.14127054813328194 364
1694673935035 0.1415121199423919 365
1694673936848 0.14121064468412867 366
1694673938722 0.14141389054850365 367
1694673941250 0.14118347824899216 368
1694673943064 0.1413536859125543 369
1694673944930 0.14117396771250693 370
1694673947097 0.14131666268218596 371
1694673948917 0.14117367163406763 372
1694673950946 0.1412938827251151 373
1694673952362 0.14117788969299583 374
1694673953615 0.14127990175935742 375
1694673955039 0.14118403546858974 376
1694673956371 0.1412713697966598 377
1694673958496 0.1411907181815043 378
1694673959932 0.14126620854924446 379
1694673961149 0.14150141291865354 380
1694673962408 0.14120976003506236 381
1694673963760 0.1414074174348653 382
1694673965685 0.14118425810391882 383
1694673967286 0.14134969446232498 384
1694673968768 0.1411754610275799 385
1694673970939 0.14131413553516908 386
1694673972878 0.141175386479179 387
1694673974884 0.14129222544165895 388
1694673976734 0.14117958346831413 389
1694673978002 0.14127876519630028 390
1694673979248 0.14118559923218618 391
1694673980418 0.14127054814301507 392
1694673981719 0.1415121199576579 393
1694673983336 0.1412106446919849 394
1694673984628 0.14141389056155884 395
1694673985946 0.14118347825528116 396
1694673987203 0.14135368592372013 397
1694673988848 0.1411739677174895 398
1694673990465 0.14131666269173782 399
1694673992649 0.14117367163796418 400
1694673994564 0.141293882733287 401
1694673995974 0.14117788969599257 402
1694673998366 0.14127990176635022 403
1694674003299 0.1411840354708435 404
1694674006493 0.14127136980264507 405
1694674010589 0.14119071818314685 406
1694674014515 0.14126620855436792 407
1694674018315 0.1415014129268531 408
1694674020244 0.14120976003918592 409
1694674023062 0.14140741744187782 410
1694674024862 0.14118425810720822 411
1694674026502 0.14134969446832296 412
1694674028229 0.1411754610301745 413
1694674030283 0.14131413554030003 414
1694674033797 0.1411753864811966 415
1694674035257 0.14129222544604936 416
1694674036473 0.14117958346985468 417
1694674037937 0.14127876520005767 418
1694674041105 0.14118559923333335 419
1694674043302 0.14127054814623138 420
1694674045680 0.14151211996270252 421
1694674047954 0.14121064469458158 422
1694674049866 0.14141389056587308 423
1694674052044 0.14118347825735947 424
1694674053547 0.14135368592741004 425
1694674056247 0.14117396771913615 426
1694674058351 0.14131666269489399 427
1694674059586 0.14117367163925187 428
1694674061229 0.14129388273598756 429
1694674062721 0.14117788969698294 430
1694674064777 0.14127990176866115 431
1694674066431 0.14118403547158842 432
1694674068274 0.1412713698046226 433
1694674069620 0.14119071818368933 434
1694674070871 0.1412662085560607 435
1694674071993 0.14150141292956245 436
1694674073134 0.14120976004054855 437
1694674074300 0.14140741744419505 438
1694674075456 0.14118425810829538 439
1694674076668 0.14134969447030524 440
1694674077897 0.14117546103103207 441
1694674079074 0.14131413554199584 442
1694674081160 0.14117538648186365 443
1694674083016 0.14129222544750034 444
1694674084234 0.14117958347036377 445
1694674085392 0.14127876520129906 446
1694674086654 0.14118559923371218 447
1694674088138 0.14127054814729406 448
1694674089668 0.14151211996436922 449
1694674091349 0.14121064469543934 450
1694674092770 0.14141389056729814 451
1694674095129 0.14118347825804614 452
1694674096499 0.14135368592862893 453
1694674097867 0.14117396771968 454
1694674099208 0.1413166626959367 455
1694674100655 0.1411736716396776 456
1694674102243 0.14129388273687973 457
1694674103637 0.14117788969731015 458
1694674105236 0.14127990176942454 459
1694674107797 0.14118403547183442 460
1694674109829 0.1412713698052763 461
1694674111038 0.141190718183869 462
1694674112264 0.1412662085566204 463
1694674113505 0.14150141293045795 464
1694674114712 0.1412097600409991 465
1694674116000 0.14140741744496094 466
1694674117370 0.14118425810865473 467
1694674118901 0.14134969447096044 468
1694674120090 0.14117546103131567 469
1694674121708 0.14131413554255642 470
1694674123923 0.1411753864820841 471
1694674125627 0.1412922254479796 472
1694674127236 0.14117958347053192 473
1694674128742 0.14127876520170915 474
1694674130394 0.14118559923383708 475
1694674132731 0.14127054814764503 476
1694674134473 0.14151211996491975 477
1694674136126 0.14121064469572253 478
1694674137726 0.14141389056776923 479
1694674139272 0.14118347825827304 480
1694674140824 0.14135368592903183 481
1694674142394 0.14117396771986004 482
1694674143811 0.1413166626962816 483
1694674145340 0.14117367163981842 484
1694674146856 0.14129388273717472 485
1694674148337 0.14117788969741862 486
1694674149920 0.14127990176967697 487
1694674151360 0.14118403547191574 488
1694674152831 0.14127136980549185 489
1694674154291 0.1411907181839281 490
1694674155849 0.1412662085568049 491
1694674157328 0.14150141293075374 492
1694674158875 0.14120976004114785 493
1694674160380 0.14140741744521376 494
1694674161865 0.14118425810877303 495
1694674163430 0.14134969447117632 496
1694674164890 0.14117546103140882 497
1694674166455 0.14131413554274122 498
1694674168024 0.1411753864821567 499
