1694771553193 91.55936801580935 0
1694771555069 61.795504644072885 1
1694771556847 44.155962725512715 2
1694771558807 22.831733104720737 3
1694771560685 14.151636942921812 4
1694771562622 7.996736040633628 5
1694771564856 4.593268102106968 6
1694771567885 3.3673317849030586 7
1694771569820 1.5384935967674749 8
1694771571514 1.606558128629955 9
1694771573207 0.8407233051558356 10
1694771574954 0.794171734060373 11
1694771576620 0.37620732302558557 12
1694771578359 0.21117883006137192 13
1694771580103 0.05046305346872887 14
1694771581822 0.0798697396145017 15
1694771583504 0.1308771051762912 16
1694771585169 0.1956633281955375 17
1694771586967 0.1388014055968898 18
1694771588670 0.04617434615508052 19
1694771590465 0.04316590261763688 20
1694771592165 0.09045259812903064 21
1694771593815 0.08413356337123226 22
1694771595342 0.11372471320946552 23
1694771597159 0.19595565035765145 24
1694771598823 0.19574791400874433 25
1694771600409 0.10456773260343454 26
1694771602210 0.0045549743833763895 27
1694771604030 0.018441953192189935 28
1694771605634 0.03894645516992368 29
1694771607246 0.061655574608118144 30
1694771608959 0.01400388564296581 31
1694771610663 0.06816638268250191 32
1694771612344 0.10141400727483901 33
1694771614032 0.09041772203089457 34
1694771615733 0.16473415304292488 35
1694771617425 0.09234447853448192 36
1694771619022 0.2761951767844512 37
1694771620621 0.12011820971725334 38
1694771622410 0.028411821633487242 39
1694771624456 0.03745182861946514 40
1694771626660 0.08530781718701859 41
1694771629333 0.021849563252295572 42
1694771631974 0.23180185462086617 43
1694771634188 0.08171643518253743 44
1694771636167 0.3309142122419921 45
1694771638037 0.07866879068772364 46
1694771639937 0.0678597181055901 47
1694771641978 0.0158495732228642 48
1694771644051 0.03619532500888549 49
1694771645849 0.028842678169063683 50
1694771647559 0.05570086654350364 51
1694771649102 0.01451861219903889 52
1694771650761 0.10497335386884717 53
1694771652417 0.022821726044289403 54
