1694678505042 169.42924729476263 0
1694678506284 80.92602832443043 1
1694678507638 65.54401410654526 2
1694678508960 55.83809085934955 3
1694678510232 48.6929708382825 4
1694678511528 42.99798873493523 5
1694678512852 38.26097164290991 6
1694678514103 34.223469661356425 7
1694678515618 30.730155049608715 8
1694678517056 27.67769919295221 9
1694678518421 24.991974326899687 10
1694678519714 22.616768892947494 11
1694678521019 20.507721886578313 12
1694678522194 18.628822565248495 13
1694678523432 16.950251899612994 14
1694678524740 15.446965180667636 15
1694678526012 14.097707016179958 16
1694678527373 12.8842933181826 17
1694678528702 11.791067781527678 18
1694678529938 10.804478567619604 19
1694678531180 9.912741612287123 20
1694678532592 9.105568642287764 21
1694678533882 8.373944866748928 22
1694678535347 7.709945581295819 23
1694678536783 7.106583714144879 24
1694678537982 6.557682256927304 25
1694678539205 6.057766888834105 26
1694678540416 5.601975109329482 27
1694678541666 5.185978954719362 28
1694678542963 4.8059189579196495 29
1694678544307 4.4583474653969235 30
1694678545626 4.140179782525087 31
1694678546830 3.8486519014346845 32
1694678548183 3.5812837906806143 33
1694678549521 3.335847406373739 34
1694678550710 3.110338729458888 35
1694678551911 2.902953251008637 36
1694678553168 2.71206442250971 37
1694678554413 2.5362046656521526 38
1694678555660 2.3740485996246377 39
1694678556968 2.224398196153138 40
1694678558283 2.0861696156911194 41
1694678559584 1.9583815140166096 42
1694678560872 1.8401446383967328 43
1694678562085 1.7306525575445733 44
1694678563377 1.6291733906964647 45
1694678564760 1.5350424189858243 46
1694678566193 1.4476554774503836 47
1694678567711 1.3664630389419885 48
1694678569201 1.2909649122837874 49
1694678570458 1.220705486541797 50
1694678571766 1.155269461493784 51
1694678573196 1.094278011491577 52
1694678574497 1.0373853360909324 53
1694678575917 0.9842755562046567 54
1694678577428 0.9346599192355133 55
1694678578801 0.8882742807619267 56
1694678580247 0.8448768339627649 57
1694678581678 0.804246061145853 58
1694678582930 0.7661788845462054 59
1694678584164 0.7304889960334281 60
1694678585718 0.6970053475553838 61
1694678587115 0.6655707860829321 62
1694678588566 0.6360408185393861 63
1694678589841 0.6082824937248251 64
1694678591060 0.5821733896028013 65
1694678592346 0.5576006955252506 66
1694678593750 0.5344603800480214 67
1694678595068 0.5126564359496454 68
1694678596436 0.4921001949230651 69
1694678597760 0.47270970517572264 70
1694678598991 0.4544091658579523 71
1694678600280 0.4371284128520072 72
1694678601597 0.42080245100231223 73
1694678602796 0.40537102835863403 74
1694678604092 0.39077824844403625 75
1694678605448 0.3769722169542594 76
1694678606676 0.363904719649377 77
1694678607992 0.3515309285165818 78
1694678609302 0.339809133568578 79
1694678610533 0.32870049789873645 80
1694678611962 0.31816883384491307 81
1694678613269 0.30818039832139105 82
1694678614480 0.2987037055651641 83
1694678615943 0.28970935571090817 84
1694678617436 0.28116987776038843 85
1694678618625 0.2730595856484798 86
1694678619915 0.26535444623090654 87
1694678621302 0.2580319581296971 88
1694678622509 0.2510710404723196 89
1694678623786 0.24445193065072707 90
1694678625089 0.23815609030797658 91
1694678626313 0.23216611883366178 92
1694678627633 0.22646567371584225 93
1694678628948 0.22103939715721407 94
1694678630202 0.21587284841756077 95
1694678631437 0.21095244139362362 96
1694678632891 0.2062653869919631 97
1694678634670 0.2017996398905839 98
1694678636144 0.19754384932151414 99
1694678637702 0.19348731353948864 100
1694678638960 0.18961993767178129 101
1694678640297 0.18593219467129493 102
1694678641587 0.18241508911959242 103
1694678642850 0.17906012364881693 104
1694678644077 0.17585926777166666 105
1694678645400 0.17280492892694957 106
1694678646679 0.16988992556489238 107
1694678647980 0.16710746211154148 108
1694678649389 0.1644511056653363 109
1694678650637 0.16191476429146187 110
1694678651946 0.15949266679096322 111
1694678653236 0.15717934383196694 112
1694678654502 0.15496961033977943 113
1694678655972 0.1528585490512256 114
1694678657230 0.15084149514641304 115
1694678658462 0.14891402187824201 116
1694678659734 0.14707192712648642 117
1694678661054 0.14531122080920514 118
1694678662299 0.14362811308966247 119
1694678663627 0.14201900332188158 120
1694678665131 0.14048046968247757 121
1694678666410 0.13900925944054454 122
1694678667697 0.13760227982115436 123
1694678669018 0.13625658942147775 124
1694678670261 0.13496939014170498 125
1694678671532 0.13373801959584167 126
1694678672856 0.13255994397011223 127
1694678674061 0.13143275129913523 128
1694678675339 0.13035414513227553 129
1694678676879 0.12932193856461863 130
1694678678256 0.12833404860890554 131
1694678679601 0.12738849088648954 132
1694678681208 0.12648337461696915 133
1694678682480 0.12561689788761413 134
1694678683799 0.1247873431850491 135
1694678685146 0.1239930731728956 136
1694678686447 0.12323252670022186 137
1694678687683 0.12250421502669762 138
1694678688920 0.1218067182513256 139
1694678690186 0.12113868193251899 140
1694678691415 0.12049881388812163 141
1694678692637 0.11988588116473492 142
1694678693852 0.11929870716642112 143
1694678695226 0.11873616893351267 144
1694678696566 0.11819719456285917 145
1694678697974 0.11768076076140946 146
1694678699204 0.11718589052554637 147
1694678700520 0.11671165093907547 148
1694678701757 0.11625715108321728 149
1694678702983 0.11582154005237122 150
1694678704198 0.11540400506980661 151
1694678705567 0.11500376969779429 152
1694678706864 0.11462009213703155 153
1694678708070 0.11425226361052289 154
1694678709332 0.11389960682737112 155
1694678710632 0.11356147452220432 156
1694678711865 0.11323724806621689 157
1694678713113 0.11292633614604222 158
1694678714259 0.1126281735068891 159
1694678715573 0.11234221975658774 160
1694678716997 0.11206795822737772 161
1694678718200 0.11180489489245542 162
1694678719401 0.11155255733446369 163
1694678720674 0.11131049376326832 164
1694678721915 0.11107827208050998 165
1694678723082 0.11085547898856571 166
1694678724368 0.11064171914167661 167
1694678725670 0.11043661433712763 168
1694678726856 0.1102398027444777 169
1694678728112 0.1100509381709458 170
1694678729518 0.10986968936116179 171
1694678730972 0.10969573932958637 172
1694678732225 0.1095287847239941 173
1694678733525 0.10936853521849686 174
1694678734744 0.10921471293466821 175
1694678736047 0.10906705188940198 176
1694678737369 0.1089252974682092 177
1694678738566 0.10878920592272552 178
1694678739837 0.1086585438912651 179
1694678741208 0.10853308794131283 180
1694678742423 0.10841262413290932 181
1694678743819 0.10829694760192911 182
1694678745183 0.10818586216230895 183
1694678746456 0.10807917992632679 184
1694678747705 0.10797672094207833 185
1694678749157 0.10787831284734085 186
1694678750438 0.107783790539053 187
1694678751711 0.10769299585767951 188
1694678753053 0.10760577728576332 189
1694678754359 0.10752198966000324 190
1694678755956 0.10744149389622841 191
1694678757579 0.10736415672666914 192
1694678758841 0.10728985044895521 193
1694678760162 0.10721845268629943 194
1694678761442 0.10714984615834854 195
1694678762613 0.1070839184622138 196
1694678763852 0.10702056186320952 197
1694678765177 0.10695967309485653 198
1694678766398 0.10690115316772675 199
1694678767664 0.10684490718672364 200
1694678769004 0.10679084417641505 201
1694678770199 0.1067388769140505 202
1694678771457 0.10668892176991607 203
1694678772819 0.10664089855469147 204
1694678774025 0.1065947303734946 205
1694678775319 0.10655034348630958 206
1694678776762 0.10650766717451125 207
1694678778139 0.10646663361321136 208
1694678779435 0.10642717774916377 209
1694678780794 0.10638923718398086 210
1694678782056 0.10635275206242095 211
1694678783306 0.10631766496552109 212
1694678784658 0.10628392080835838 213
1694678785896 0.10625146674223293 214
1694678787123 0.10622025206107596 215
1694678788457 0.10619022811189434 216
1694678789672 0.10616134820907337 217
1694678790860 0.10613356755236482 218
1694678792209 0.10610684314839897 219
1694678793606 0.10608113373556362 220
1694678794808 0.10605639971210137 221
1694678796092 0.106032603067283 222
1694678797418 0.10600970731552287 223
1694678798613 0.1059876774333045 224
1694678799844 0.10596647979879534 225
1694678801198 0.1059460821340304 226
1694678802409 0.1059264534495547 227
1694678803638 0.10590756399141439 228
1694678804904 0.10588938519039559 229
1694678806083 0.10587188961341241 230
1694678807263 0.10585505091695076 231
1694678808487 0.1058388438024768 232
1694678809715 0.10582324397372786 233
1694678810864 0.10580822809580033 234
1694678812120 0.10579377375595994 235
1694678813341 0.10577985942609727 236
1694678814563 0.10576646442675885 237
1694678815981 0.10575356889268553 238
1694678817387 0.10574115373979263 239
1694678818751 0.10572920063353006 240
1694678819967 0.10571769195856326 241
1694678821259 0.1057066107897174 242
1694678822476 0.10569594086413178 243
1694678823778 0.10568566655457189 244
1694678825148 0.10567577284384876 245
1694678826386 0.10566624530030044 246
1694678827636 0.10565707005428779 247
1694678828930 0.10564823377566317 248
1694678830131 0.10563972365216932 249
1694678831383 0.10563152736872969 250
1694678832712 0.10562363308759247 251
1694678834013 0.10561602942929066 252
1694678835317 0.10560870545438562 253
1694678836750 0.10560165064595925 254
1694678838023 0.10559485489282415 255
1694678839318 0.10558830847342131 256
1694678840593 0.1055820020403756 257
1694678841815 0.10557592660568237 258
1694678842991 0.10557007352649782 259
1694678844211 0.10556443449150868 260
1694678845459 0.10555900150785556 261
1694678846685 0.10555376688858809 262
1694678847904 0.10554872324062879 263
1694678849156 0.10554386345322489 264
1694678850373 0.10553918068686705 265
1694678851590 0.1055346683626565 266
1694678852847 0.10553032015210094 267
1694678854002 0.10552612996732223 268
1694678855219 0.10552209195165795 269
1694678856561 0.10551820047064087 270
1694678857843 0.10551445010334154 271
1694678859055 0.10551083563405689 272
1694678860297 0.10550735204433272 273
1694678861577 0.10550399450530488 274
1694678862760 0.10550075837034703 275
1694678864008 0.10549763916801069 276
1694678865299 0.10549463259524851 277
1694678866485 0.10549173451090522 278
1694678867768 0.1054889409294694 279
1694678869058 0.10548624801507162 280
1694678870324 0.10548365207572169 281
1694678871560 0.1054811495577742 282
1694678872894 0.10547873704061196 283
1694678874116 0.10547641123154114 284
1694678875566 0.1054741689608863 285
1694678876934 0.10547200717727996 286
1694678878392 0.10546992294313653 287
1694678879590 0.10546791343030539 288
1694678880944 0.10546597591589381 289
1694678882119 0.10546410777825366 290
1694678883347 0.10546230649312634 291
1694678884680 0.10546056962993736 292
1694678885927 0.10545889484823645 293
1694678887304 0.10545727989427636 294
1694678888614 0.10545572259772522 295
1694678889864 0.10545422086850684 296
1694678891127 0.10545277269376392 297
1694678892506 0.1054513761349391 298
1694678893865 0.10545002932496969 299
