1694345931899 -5.8404675192362205 0
1694345932448 -8.338990234255025 1
1694345932946 -6.438320913448218 2
1694345933501 -5.594179375540714 3
1694345934082 -8.746386350081846 4
1694345934655 -4.693132418346312 5
1694345935142 -4.958710756025537 6
1694345935696 -3.4462470404793555 7
1694345936263 -9.05945120775854 8
1694345936903 -4.816421405046336 9
1694345937498 -4.614052286851262 10
1694345938180 -5.157794932907158 11
1694345938818 -8.297711808075627 12
1694345939606 -5.549088314010341 13
1694345941169 -5.731154809895463 14
1694345942255 -4.6084404088179305 15
1694345943032 -16.37437386599335 16
1694345944583 -7.694779306456839 17
1694345945307 -4.535873418445534 18
1694345946029 -4.699739472979685 19
1694345946919 -5.686154747865749 20
1694345947944 -5.356772508667409 21
1694345948830 -5.131708668594479 22
1694345949927 -7.310733567148215 23
1694345950990 -14.69901093129387 24
1694345951822 -14.099100084544121 25
1694345952477 -6.949147825034214 26
1694345953162 -7.0544633891563855 27
1694345953807 -2.9730868007979385 28
1694345954478 -10.74110834840992 29
1694345954934 -9.983997226252326 30
1694345955445 -10.69788815792112 31
1694345955986 -8.892002485766115 32
1694345956542 -4.852428182849956 33
1694345957065 -9.234571672932084 34
1694345957602 -9.362744521683009 35
1694345958122 -7.1026900900388465 36
1694345958667 -8.175089497282299 37
1694345959121 -7.293195116818094 38
1694345959549 -6.1973907684500125 39
1694345959953 -6.60614241612429 40
1694345960380 -6.42549408899448 41
1694345960784 -6.867523769377676 42
1694345961212 -5.482596651614502 43
1694345961640 -4.974915100018928 44
1694345962049 -8.059418089822199 45
1694345962462 -11.57565789746339 46
1694345962883 -6.489796751117063 47
1694345963310 -4.516420094674712 48
1694345963702 -7.361075733886851 49
1694345964078 -5.761819624811365 50
1694345964486 -5.190891872543842 51
1694345964913 -9.105245349297297 52
1694345965336 -12.881458311482845 53
1694345965786 -6.7691320845028295 54
1694345966198 -6.845199312694955 55
1694345966608 -7.134446471470037 56
1694345966999 -7.265892288454587 57
1694345967405 -6.824381612936759 58
1694345967817 -5.4791768521802435 59
1694345968248 -8.408297209704283 60
1694345968708 -7.408423055310893 61
1694345969115 -6.801054960399687 62
1694345969548 -11.59044580613515 63
1694345969984 -10.09572514991009 64
1694345970403 -5.445215572882035 65
1694345970824 -6.113193119302122 66
1694345971119 -7.490272869903107 67
1694345971414 -3.8802457605970346 68
1694345971838 -6.986136379302433 69
1694345972254 -6.014797969907101 70
1694345972650 -6.993200347306565 71
1694345973049 -5.834712895246366 72
1694345973445 -7.6650750017514895 73
1694345973856 -5.887618308516586 74
1694345974320 -6.784730205690465 75
1694345974782 -9.48075991499653 76
1694345975198 -6.931045189975947 77
1694345975598 -8.409093399755223 78
1694345976015 -6.425085952098848 79
1694345976561 -6.078091681331493 80
1694345977032 -4.453462419308966 81
1694345977505 -10.637924718601631 82
1694345977961 -5.947837586536576 83
1694345978446 -5.454094901562737 84
1694345978956 -7.702495299738047 85
1694345979451 -5.792421650820643 86
1694345979966 -7.0385782321170005 87
1694345980619 -6.499492173651402 88
1694345981353 -8.792352292280203 89
1694345982023 -9.122816272612132 90
1694345982617 -6.591711241188465 91
1694345983261 -13.538399230946236 92
1694345983909 -3.99352095995898 93
1694345984536 -12.13832674300088 94
1694345985255 -7.555451666862721 95
1694345985942 -11.057317085505614 96
1694345986381 -7.966471704080144 97
1694345987068 -7.31439010689291 98
1694345987912 -5.712106836146845 99
1694345989003 -3.8419581659854636 100
1694345989896 -7.132182154035876 101
1694345991706 -5.670252129630393 102
1694345992858 -8.70551121621372 103
1694345993727 -7.16494602764476 104
1694345994408 -7.1228699895682706 105
1694345994942 -4.917070407589943 106
1694345995454 -5.772197424702371 107
1694345995990 -5.630889358128835 108
1694345996491 -4.556072879322349 109
1694345997030 -4.540441595137509 110
1694345997525 -7.862635610072765 111
1694345998064 -4.219067287994433 112
1694345998591 -5.130177085405045 113
1694345999144 -4.488041296808318 114
1694345999688 -4.830414902208437 115
1694346000228 -8.612012779191552 116
1694346000790 -7.941300020351518 117
1694346001344 -5.8654283870584125 118
1694346001925 -7.622486657453001 119
1694346002666 -8.30488840416372 120
1694346003412 -10.512407563685677 121
1694346004094 -7.4363818605704815 122
1694346004682 -5.921999300302894 123
1694346005234 -3.6785109541495897 124
1694346005825 -5.906177113897487 125
1694346006402 -6.755574617707127 126
1694346006931 -8.359987609296839 127
1694346007435 -4.838290832379194 128
1694346007934 -5.572195457843704 129
1694346008543 -4.400898498349218 130
1694346009146 -6.299018706262412 131
1694346009743 -6.6569172715238105 132
1694346010267 -4.509095242525309 133
1694346010772 -4.361759093478555 134
1694346011258 -6.068970497460273 135
1694346011697 -3.5951162896535562 136
1694346012169 -4.253896346290408 137
1694346012662 -9.885642184565395 138
1694346013126 -8.005170382914638 139
1694346013606 -4.704722750572457 140
1694346014152 -7.065207575020709 141
1694346014632 -6.531662271937507 142
1694346015084 -4.021709278447531 143
1694346015601 -7.677378560390567 144
1694346016091 -8.37025016526883 145
1694346016456 -4.315550707388911 146
1694346016835 -8.236471808805305 147
1694346017343 -4.845904326249934 148
1694346017856 -5.771919245186738 149
1694346018683 -3.3519413564928815 150
1694346019233 -9.841595240346445 151
1694346019756 -5.366767611355533 152
1694346020298 -5.615966702303173 153
1694346020933 -9.369957797989004 154
1694346021532 -5.383325011832203 155
1694346022220 -4.620943068473885 156
1694346023073 -7.320896120902161 157
1694346024187 -4.694586644388727 158
1694346025016 -8.99862192450296 159
1694346026277 -5.445689156585798 160
1694346028144 -6.2734732221335605 161
1694346028990 -4.174861551203353 162
1694346029896 -6.921552417986073 163
1694346030807 -4.069971864297029 164
1694346031436 -3.696152662401288 165
1694346031933 -5.842465742316051 166
1694346032487 -8.504094310288844 167
1694346033123 -7.9321802466634335 168
1694346033816 -7.413877656748177 169
1694346034578 -5.671844930731096 170
1694346035357 -5.1687413162309594 171
1694346036106 -6.4243237300286395 172
1694346036788 -9.384333681345892 173
1694346037457 -5.636635060692506 174
1694346038215 -3.364376581878888 175
1694346039296 -4.367585579676606 176
1694346040046 -6.885015257188681 177
1694346040666 -8.437669480784 178
1694346041389 -6.448083615855004 179
1694346042030 -6.87629919281685 180
1694346042667 -4.267849454063631 181
1694346043301 -5.945377908270334 182
1694346043889 -5.856971670989376 183
1694346044485 -6.590531811306709 184
1694346045273 -8.752867412014808 185
1694346046007 -4.446400470443953 186
1694346046732 -7.393294008675989 187
1694346047420 -6.196060263065029 188
1694346048017 -4.928089531887727 189
1694346048618 -4.522848420437973 190
1694346049295 -7.556859809445061 191
1694346049945 -8.86380911282199 192
1694346050598 -6.354915982044794 193
1694346051288 -3.8334082775587888 194
1694346051895 -3.9073066577527724 195
1694346052501 -8.95026037195675 196
1694346053107 -5.091961812053005 197
1694346053744 -5.084503317370308 198
1694346054410 -4.814094124434176 199
1694346055036 -6.954105821220954 200
1694346055669 -4.530769593627649 201
1694346056276 -7.36077370375364 202
1694346056823 -7.237960269000922 203
1694346057313 -4.964340646137561 204
1694346057793 -5.462115063947803 205
1694346058319 -10.990472652454029 206
1694346058928 -5.179160028339066 207
1694346059488 -9.083663156217813 208
1694346059988 -4.827644167829886 209
1694346060508 -4.331413594661363 210
1694346061033 -10.073506806738534 211
1694346061544 -7.2492556180308 212
1694346062098 -4.795097354085712 213
1694346062610 -7.247427720019584 214
1694346063145 -6.654212048632352 215
1694346063641 -5.121775694796016 216
1694346064118 -4.46772990468846 217
1694346064591 -5.353850775725644 218
1694346065038 -7.376689922804749 219
1694346065550 -7.914968083424316 220
1694346066125 -5.879199165711849 221
1694346066697 -6.921907457483887 222
1694346067215 -6.607943829291053 223
1694346067559 -6.951219238861219 224
1694346067954 -5.60291465462832 225
1694346068478 -4.351055620536479 226
1694346068997 -5.489200492442139 227
1694346069484 -5.098338548354385 228
1694346070029 -9.896928002325017 229
1694346070621 -6.363472155890419 230
1694346071200 -6.36911288633481 231
1694346071679 -5.342947828294684 232
1694346072204 -6.321384677221322 233
1694346072732 -3.2939541741310734 234
1694346073256 -8.034662736006373 235
1694346073791 -4.900757280622475 236
1694346074346 -5.00727765490454 237
1694346074901 -6.9603749326894775 238
1694346075454 -7.128345042841438 239
1694346075970 -5.0690122554107475 240
1694346076440 -5.957380730232506 241
1694346076903 -5.268676920505457 242
1694346077381 -5.977095036469587 243
1694346077892 -8.102362243244508 244
1694346078433 -4.385868340138697 245
1694346079049 -6.414166884854796 246
1694346079542 -4.40589343717828 247
1694346080060 -4.973074141679843 248
1694346080558 -5.988322837639139 249
1694346081041 -4.109485971781582 250
1694346081573 -7.090124969200394 251
1694346082076 -5.976776108868117 252
1694346082653 -8.078421907012281 253
1694346083151 -4.772264620089906 254
1694346083659 -5.058568204647921 255
1694346084107 -6.805390706312002 256
1694346084543 -5.804875599444382 257
1694346084981 -5.079314548412628 258
1694346085457 -8.243901893312641 259
1694346086027 -5.810592593693021 260
1694346086601 -7.472774994980114 261
1694346087186 -5.706646827136472 262
1694346087756 -6.249170327239808 263
1694346088290 -5.1513674684294894 264
1694346088908 -7.011803163226366 265
1694346089496 -9.7341644038317 266
1694346090147 -7.60540802786811 267
1694346090878 -7.522925909734761 268
1694346091599 -5.720843539534602 269
1694346092480 -4.0441591175487535 270
1694346093333 -5.791979663544027 271
1694346093958 -6.1075915608531846 272
1694346094501 -4.6561518862958025 273
1694346094969 -5.225178436711261 274
1694346095386 -7.111298350759595 275
1694346095835 -7.061168940987452 276
1694346096262 -9.798935146450551 277
1694346096690 -7.77239346554553 278
1694346097114 -5.192509297918032 279
1694346097648 -4.454575221085582 280
1694346098077 -6.832267981397877 281
1694346098527 -14.023372659559753 282
1694346098971 -10.202733959945922 283
1694346099386 -7.929679398308355 284
1694346099755 -5.472929541684741 285
1694346100130 -6.962077647782104 286
1694346100500 -6.422545331655429 287
1694346100878 -5.3733947401216495 288
1694346101296 -7.354112580409321 289
1694346101731 -6.753191500199046 290
1694346102170 -7.1219688596988515 291
1694346102577 -6.2607857563445055 292
1694346103033 -6.620091216873303 293
1694346103471 -5.288354984230917 294
1694346103925 -3.8050203133269367 295
1694346104369 -6.676086300972132 296
1694346104796 -6.742616986616185 297
1694346105247 -6.856055440838277 298
1694346105700 -6.215597416511861 299
1694346106109 -5.458254031581564 300
1694346106544 -8.757601662168753 301
1694346106956 -10.147821243400454 302
1694346107343 -6.980360037355976 303
1694346107762 -4.479896430438042 304
1694346108217 -6.188589482156363 305
1694346108703 -7.891488349806554 306
1694346109159 -4.878516419637055 307
1694346109604 -5.185792821841227 308
1694346110045 -5.613118267802201 309
1694346110488 -8.082936383345043 310
1694346110962 -3.851180264297331 311
1694346111429 -10.323704106722312 312
1694346112224 -11.404832323275524 313
1694346112887 -5.702693190255189 314
1694346113544 -6.097134848723403 315
1694346114628 -4.117008344870155 316
1694346115380 -8.203643157745562 317
1694346116047 -6.719088588648958 318
1694346116635 -9.604183450995981 319
1694346117231 -6.228383856984033 320
1694346117828 -4.788042406947014 321
1694346118413 -6.544563422603415 322
1694346119022 -4.425673282330809 323
1694346119535 -10.997172563564092 324
1694346120021 -5.744214547832962 325
1694346120554 -5.482316772469986 326
1694346121173 -4.211510148855903 327
1694346121688 -5.924907836703388 328
1694346122226 -3.550689441566049 329
1694346122730 -10.673595510880292 330
1694346123190 -7.8017748465991446 331
1694346123661 -5.1297058311542 332
1694346124067 -4.605955362960698 333
1694346124532 -4.5482906696175 334
1694346125031 -5.170136375718199 335
1694346125468 -8.082711548618748 336
1694346125930 -3.9139413391817497 337
1694346126354 -5.2074214851448675 338
1694346126767 -5.1151337830262875 339
1694346127172 -5.795788547665454 340
1694346127534 -7.6956528490753815 341
1694346127950 -4.131310952603528 342
1694346128456 -8.757431658116971 343
1694346128914 -5.637274854670475 344
1694346129361 -7.555684253897482 345
1694346129772 -6.386431477491902 346
1694346130201 -4.933197806203585 347
1694346130632 -4.375911091900669 348
1694346131070 -5.168313717680743 349
1694346131501 -10.98809498806944 350
1694346131904 -5.72982646036076 351
1694346132311 -6.689733596379772 352
1694346132747 -4.510349958697843 353
1694346133129 -8.832198402391576 354
1694346133516 -5.138859657225002 355
1694346133905 -6.726608837668802 356
1694346134313 -6.722351929043546 357
1694346134747 -6.4513115776443435 358
1694346135177 -6.329679349186651 359
1694346135666 -5.5797341488290515 360
1694346136118 -9.8019801810514 361
1694346136524 -5.310283072290505 362
1694346137021 -4.8227846715949205 363
1694346137515 -4.901616688315459 364
1694346137968 -6.246379209368774 365
1694346138435 -7.741448885267786 366
1694346138832 -5.97641549422951 367
1694346139258 -4.465260622385035 368
1694346139683 -7.965935266505712 369
1694346140089 -5.322787335823104 370
1694346140495 -8.956890846214408 371
1694346140901 -5.874256927083414 372
1694346141325 -5.8396383383497605 373
1694346141768 -4.11148815426414 374
1694346142212 -8.044977382024765 375
1694346142636 -4.976865778510309 376
1694346143027 -3.9283897692671044 377
1694346143417 -8.082370404347689 378
1694346143819 -10.822699248265652 379
1694346144198 -6.338153535095649 380
1694346144568 -8.236078896383363 381
1694346144991 -8.021962678665197 382
1694346145406 -7.835783961489687 383
1694346145831 -7.204261159543643 384
1694346146258 -10.87060362165188 385
1694346146664 -6.098394255441765 386
1694346147074 -4.348972782467126 387
1694346147465 -4.931011201386847 388
1694346147859 -5.013036090383513 389
1694346148285 -6.3548631071737685 390
1694346148732 -6.131463644775806 391
1694346149163 -15.62447479716231 392
1694346149571 -9.567561866585516 393
1694346149960 -7.2145967214121764 394
1694346150344 -9.760657595184686 395
1694346150742 -7.404070675238524 396
1694346151149 -8.43379082546986 397
1694346151552 -5.596102308022713 398
1694346151974 -4.174970070968734 399
1694346152386 -5.02308825620597 400
1694346152803 -5.592318220181089 401
1694346153216 -3.7951614365017843 402
1694346153597 -7.200052358985069 403
1694346154010 -6.127605815413676 404
1694346154439 -4.680409257207827 405
1694346154858 -3.9257495325288874 406
1694346155311 -3.9208112037781113 407
1694346155767 -5.88432918071795 408
1694346156275 -5.873397009738205 409
1694346156735 -8.193464092453711 410
1694346157188 -7.8573719241174125 411
1694346157667 -3.8231875733806016 412
1694346158115 -6.745553078464999 413
1694346158535 -7.760606808907079 414
1694346158940 -10.798096013063965 415
1694346159344 -5.439736118395397 416
1694346159763 -3.5311916220129183 417
1694346160230 -5.679490024222536 418
1694346160653 -5.862777007586697 419
1694346161076 -7.203494178951059 420
1694346161483 -6.029033150481154 421
1694346161908 -9.091097349113927 422
1694346162347 -5.366350295565718 423
1694346162774 -4.810334227769394 424
1694346163238 -4.691519647018427 425
1694346163682 -7.428996009808909 426
1694346164065 -4.684435014682958 427
1694346164491 -11.278941082836448 428
1694346164977 -9.528030358384129 429
1694346165434 -6.813481668825256 430
1694346165904 -7.879146990402704 431
1694346166369 -9.239021791894595 432
1694346166790 -6.184933391584762 433
1694346167207 -8.722268734771992 434
1694346167651 -4.086288770012973 435
1694346168086 -11.267841336334797 436
1694346168502 -7.746504821921333 437
1694346168926 -6.084450999315832 438
1694346169327 -6.774240944965108 439
1694346169759 -7.527328239366032 440
1694346170194 -4.372105624913279 441
1694346170618 -9.050144772269457 442
1694346171078 -3.2956736128524122 443
1694346171501 -4.487455354091398 444
1694346171922 -6.471850624505831 445
1694346172342 -8.229142234935544 446
1694346172756 -7.238645517669752 447
1694346173143 -5.193899733264122 448
1694346173572 -5.146999975173951 449
1694346173979 -4.2432721773839095 450
1694346174337 -3.8195142257212096 451
1694346174721 -3.440769387149345 452
1694346175077 -4.6564974604454425 453
1694346175444 -6.243636921603643 454
1694346175856 -5.963315010891165 455
1694346176242 -10.63454178926061 456
1694346176632 -8.72635449164524 457
1694346177007 -9.793842038718394 458
1694346177415 -7.1225385699297625 459
1694346177852 -5.270203568689253 460
1694346178338 -6.168658997735897 461
1694346178831 -4.852181240404015 462
1694346179314 -4.855857198345617 463
1694346179796 -9.150816488813486 464
1694346180254 -5.6724023323837125 465
1694346180757 -7.462255891482714 466
1694346181323 -9.448770988976406 467
1694346181847 -8.779691797949834 468
1694346182326 -7.376778525474952 469
1694346182797 -3.201880819655411 470
1694346183272 -6.886258482713751 471
1694346183707 -10.796488466733631 472
1694346184128 -4.608661614731135 473
1694346184497 -7.8274833433912825 474
1694346184895 -8.225030826567773 475
1694346185313 -4.516044037485498 476
1694346185805 -7.554952033958861 477
1694346186276 -4.3035541169201075 478
1694346186683 -3.287189803929709 479
1694346187119 -5.34915866061696 480
1694346187430 -5.940424620357861 481
1694346187799 -3.5556539214955434 482
1694346188255 -8.912096752621736 483
1694346188678 -7.069224868292645 484
1694346189115 -6.054636005246636 485
1694346189526 -3.7574730750362813 486
1694346189950 -6.951597248474322 487
1694346190352 -3.502587254930525 488
1694346190797 -6.814605511792258 489
1694346191235 -10.066397549571851 490
1694346191692 -7.060701176701768 491
1694346192122 -5.618088881937987 492
1694346192546 -6.1913324176831415 493
1694346192941 -4.322493489894264 494
1694346193331 -7.625799628245989 495
1694346193710 -6.840660270155524 496
1694346194114 -5.8397508015086865 497
1694346194500 -5.516984645993226 498
1694346194865 -7.84106326317087 499
