1694665906658 169.64084248330965 0
1694665907745 81.86080625088564 1
1694665908931 65.88130872097312 2
1694665910055 55.85321759192748 3
1694665911162 48.559198244334425 4
1694665912313 42.81441199870892 5
1694665913506 38.0788468744963 6
1694665914618 34.06496338446671 7
1694665915864 30.601727777726136 8
1694665917056 27.578303854654102 9
1694665918151 24.9175497645772 10
1694665919291 22.56249430976488 11
1694665920467 20.469040423257887 12
1694665921631 18.601831486440688 13
1694665922744 16.93178712891029 14
1694665923894 15.434551171962177 15
1694665925088 14.089457319732832 16
1694665926318 12.8788021849482 17
1694665927450 11.78731021943126 18
1694665928628 10.801724992057851 19
1694665929772 9.910487975229715 20
1694665930882 9.103480693505183 21
1694665931933 8.371814444033772 22
1694665933116 7.707656750567647 23
1694665934191 7.104086788390289 24
1694665935373 6.554974023195647 25
1694665936536 6.054875677234412 26
1694665937701 5.598949611166773 27
1694665938800 5.1828799274614825 28
1694665939952 4.802813142768157 29
1694665941226 4.4553031935573 30
1694665942403 4.13726386486274 31
1694665943497 3.8459274889699016 32
1694665944651 3.5788089655288533 33
1694665945822 3.333674318638761 34
1694665946952 3.1085131387774982 35
1694665948042 2.9015143647509936 36
1694665949249 2.7110449482832526 37
1694665950347 2.535631015480233 38
1694665951520 2.373941198325555 39
1694665952598 2.2247718580803144 40
1694665953771 2.087033962920776 41
1694665954882 1.9597414159110569 42
1694665956058 1.8420006577107222 43
1694665957209 1.7330013922500047 44
1694665958364 1.6320083037621418 45
1694665959406 1.538353650683078 46
1694665960509 1.4514306365306116 47
1694665961721 1.3706874703777654 48
1694665962890 1.2956220402806145 49
1694665964071 1.225777132289026 50
1694665965264 1.1607361356893708 51
1694665966392 1.1001191820913139 52
1694665967448 1.0435796720331532 53
1694665968619 0.9908011480730171 54
1694665969806 0.9414944779657765 55
1694665970879 0.8953953155896694 56
1694665971970 0.8522618108598984 57
1694665973105 0.8118725430143021 58
1694665974203 0.7740246544344173 59
1694665975439 0.7385321646213792 60
1694665976664 0.705224446120863 61
1694665977842 0.6739448461196368 62
1694665978957 0.6445494391484902 63
1694665980132 0.6169058978483322 64
1694665981297 0.5908924701108752 65
1694665982385 0.5663970521120923 66
1694665983451 0.5433163478328074 67
1694665984670 0.5215551066213459 68
1694665985904 0.5010254312112309 69
1694665987049 0.48164614937404737 70
1694665988199 0.4633422430739228 71
1694665989390 0.44604432960455487 72
1694665990501 0.42968818974018547 73
1694665991602 0.4142143384254147 74
1694665992712 0.3995676339713656 75
1694665993907 0.3856969221229499 76
1694665994990 0.3725547117186827 77
1694665996182 0.3600968789849372 78
1694665997428 0.3482823977945712 79
1694665998527 0.33707309347885894 80
1694665999713 0.32643341801468967 81
1694666000888 0.3163302446187183 82
1694666002131 0.3067326799690127 83
1694666003243 0.2976118924448414 84
1694666004387 0.2889409549285603 85
1694666005628 0.28069470085174814 86
1694666006703 0.2728495922923876 87
1694666007791 0.2653835990423255 88
1694666008905 0.25827608766574117 89
1694666010016 0.25150771966097135 90
1694666011060 0.24506035792079506 91
1694666012188 0.2389169807610463 92
1694666013335 0.23306160285499095 93
1694666014373 0.22747920247200376 94
1694666015626 0.22215565447431784 95
1694666016818 0.2170776685756159 96
1694666017962 0.212232732410463 97
1694666018992 0.2076090590045328 98
1694666020089 0.20319553827266634 99
