1694685876946 169.42924729476263 0
1694685878097 166.04820962904273 1
1694685879231 159.7580338045797 2
1694685880368 151.08806391960584 3
1694685881521 140.58954882030017 4
1694685882600 128.8060064464233 5
1694685883699 116.2496878482361 6
1694685884938 103.3840233777104 7
1694685886100 90.61168734926599 8
1694685887195 78.26773423991614 9
1694685888293 66.61713569739946 10
1694685889398 55.85597764469161 11
1694685890676 46.11555360705331 12
1694685891903 37.46860622641398 13
1694685893007 29.937015648966845 14
1694685894105 23.500303084681374 15
1694685895271 18.104402821001383 16
1694685896627 13.670249531403208 17
1694685898016 10.101823955725242 18
1694685899744 7.293394044619322 19
1694685901185 5.135776589688736 20
1694685902517 3.5215233524273537 21
1694685903754 2.349003859410135 22
1694685905416 1.525413306669507 23
1694685907206 0.9687781135977988 24
1694685908560 0.6090639016193127 25
1694685909705 0.38851184408998074 26
1694685910831 0.2613405947463555 27
1694685911982 0.19295373990901973 28
1694685913127 0.1587884476556953 29
1694685914311 0.1429312507201791 30
1694685915828 0.136613199526529 31
1694685917085 0.13668035293545053 32
1694685918267 0.14411798316787258 33
1694685919420 0.1626890262274381 34
1694685920524 0.19773008516459237 35
1694685921646 0.255132369514451 36
1694685923206 0.34052081894076686 37
1694685925105 0.45863262506920094 38
1694685926951 0.6128865883499061 39
1694685928270 0.8051272481650048 40
1694685929532 1.0355224165059822 41
1694685930697 1.3025894561738935 42
1694685931916 1.6033241410364498 43
1694685933139 1.9334059477488865 44
1694685934274 2.287454866505485 45
1694685935601 2.659316992308627 46
1694685937179 3.042358989547245 47
1694685938825 3.4297547556457935 48
1694685940064 3.814751018562723 49
1694685941300 4.190901997116774 50
1694685942516 4.552266478536986 51
1694685943762 4.893563607258476 52
1694685945589 5.2102862511015955 53
1694685947339 5.49877296618651 54
1694685948676 5.756241299299589 55
1694685949925 5.980786448989308 56
1694685951123 6.1713501767682875 57
1694685952334 6.32766535438186 58
1694685953633 6.450181699263011 59
1694685954871 6.539978141185283 60
1694685956056 6.598666934398624 61
1694685957769 6.628294136318353 62
1694685959924 6.631240468339 63
1694685961937 6.610125904021705 64
1694685963439 6.567720636217747 65
1694685964777 6.50686439236395 66
1694685966483 6.430395423909464 67
1694685968424 6.341089912351115 68
1694685969707 6.2416120248449465 69
1694685971321 6.134474425049328 70
1694685972672 6.022008702771183 71
1694685973946 5.9063449278236675 72
1694685975274 5.7893993545000075 73
1694685976499 5.6728691958830355 74
1694685977680 5.558233342744986 75
1694685979183 5.446757909936658 76
1694685980923 5.339505543442182 77
1694685982226 5.2373475033838055 78
1694685983602 5.140977642498408 79
1694685985067 5.050927517194327 80
1694685986515 4.967581991585427 81
1694685988556 4.891194817500771 82
1694685990803 4.821903790290409 83
1694685993210 4.7597451874725305 84
1694685995588 4.704667292269926 85
1694685997675 4.656542885318719 86
1694685999094 4.61518065468682 87
1694686000276 4.580335526978118 88
1694686001512 4.551717961499233 89
1694686002810 4.529002276463142 90
1694686004156 4.511834092538887 91
1694686005417 4.499836986445123 92
1694686006556 4.492618447501796 93
1694686007825 4.489775224838187 94
1694686009007 4.490898143935365 95
1694686010142 4.495576459820823 96
1694686011316 4.5034018017949515 97
1694686012620 4.513971752094627 98
1694686013769 4.526893089204147 99
1694686014895 4.541784716202864 100
1694686015959 4.558280285983352 101
1694686017136 4.576030528591793 102
1694686018655 4.594705281385767 103
1694686020770 4.613995220098742 104
1694686022819 4.633613288071565 105
1694686024742 4.653295821615883 106
1694686026856 4.672803371424687 107
1694686029020 4.691921222833278 108
1694686031279 4.710459621249437 109
1694686033660 4.728253712920709 110
1694686035927 4.7451632151210505 111
1694686038479 4.76107183358804 112
1694686040910 4.775886448434218 113
1694686043140 4.78953609264566 114
1694686045513 4.801970749564965 115
1694686048344 4.8131599973717485 116
1694686050530 4.823091529499239 117
1694686051922 4.831769580168383 118
1694686053181 4.839213283818972 119
1694686054292 4.845454996228477 120
1694686055463 4.850538603608316 121
1694686056631 4.854517844039271 122
1694686057743 4.857454663342932 123
1694686058928 4.859417624976181 124
1694686060086 4.860480390869211 125
1694686061280 4.86072028738817 126
1694686062312 4.860216967865305 127
1694686063407 4.859051180469081 128
1694686064547 4.8573036476383304 129
1694686065704 4.855054060922907 130
1694686066958 4.852380192891456 131
1694686068065 4.849357125808665 132
1694686069320 4.846056595063276 133
1694686070474 4.842546443849586 134
1694686071525 4.838890184368162 135
1694686072655 4.835146659807668 136
1694686074244 4.831369800587258 137
1694686075458 4.827608467761708 138
1694686076542 4.82390637610126 139
1694686077664 4.820302089134829 140
1694686078972 4.816829078368779 141
1694686080187 4.813515838943022 142
1694686081324 4.810386054142443 143
1694686082539 4.807458801425652 144
1694686084429 4.80474879294785 145
1694686086883 4.802266643924254 146
1694686089524 4.800019162591489 147
1694686091966 4.798009655964102 148
1694686094395 4.796238246041634 149
1694686096580 4.794702191589355 150
1694686098515 4.793396211085811 151
1694686100624 4.79231280289588 152
1694686102663 4.791442559184991 153
1694686104830 4.790774470533755 154
1694686106818 4.790296218640055 155
1694686109057 4.789994454904491 156
1694686111160 4.789855063083775 157
