1694685690334 169.0102707533208 0
1694685691448 165.64830171130043 1
1694685692571 159.39313397762567 2
1694685693740 150.77024820108895 3
1694685694861 140.32676648977537 4
1694685696140 128.60215459955526 5
1694685697241 116.10495376835861 6
1694685698356 103.29542086091124 7
1694685699538 90.57371473061802 8
1694685700686 78.2730877689339 9
1694685701847 66.65742090020815 10
1694685702941 55.92237223044428 11
1694685704061 46.19938727295056 12
1694685705188 37.561834484015705 13
1694685706283 30.03257580432523 14
1694685707499 23.592350212275043 15
1694685708678 18.188431616268485 16
1694685709800 13.74311411917361 17
1694685710908 10.16167203203247 18
1694685712044 7.3395342209777965 19
1694685713175 5.168498670990169 20
1694685714255 3.5418907576774408 21
1694685715393 2.3586357732720082 22
1694685716560 1.5262717284696596 23
1694685717629 0.9629720421278177 24
1694685718925 0.598679729009053 25
1694685720013 0.37547586565759244 26
1694685721124 0.24731656686205755 27
1694685722170 0.17927578098082297 28
1694685723286 0.1464273781126613 29
1694685724405 0.13249076193822937 30
1694685725516 0.12835104515897175 31
1694685726601 0.13054905193330887 32
1694685727687 0.13981926848957207 33
1694685728803 0.15973640444721587 34
1694685729913 0.19551431560098517 35
1694685731044 0.25298534742589335 36
1694685732193 0.337774176334247 37
1694685733291 0.45466827015975575 38
1694685734411 0.6071773244718199 39
1694685735588 0.7972664894911292 40
1694685736687 1.0252428078759033 41
1694685737784 1.2897708767308844 42
1694685738963 1.587992107364708 43
1694685740121 1.9157218239724256 44
1694685741175 2.2676995381136344 45
1694685742245 2.637869776869782 46
1694685743340 3.0196735564250363 47
1694685744496 3.4063337278034767 48
1694685745770 3.7911207542018404 49
1694685746918 4.1675888195152115 50
1694685748073 4.529775360545094 51
1694685749220 4.872360042163829 52
1694685750338 5.190781771052431 53
1694685751522 5.481314517024741 54
1694685752668 5.741104457097949 55
1694685753753 5.968172276052544 56
1694685754876 6.161385367403074 57
1694685756023 6.320405214564486 58
1694685757172 6.445615438207982 59
1694685758343 6.538035923568266 60
1694685759591 6.599228145003819 61
1694685760721 6.63119633861727 62
1694685761807 6.636288588943362 63
1694685763031 6.617101239999584 64
1694685764271 6.576389356103794 65
1694685765519 6.51698527905425 66
1694685766622 6.441726683959336 67
1694685767787 6.353394947784324 68
1694685769006 6.2546641276248005 69
1694685770190 6.148060408932246 70
1694685771342 6.035931531272961 71
1694685772482 5.920425430133425 72
1694685773542 5.803477143664632 73
1694685774619 5.686802916247068 74
1694685775736 5.571900377631808 75
1694685776905 5.460053677304207 76
1694685778047 5.3523424982739805 77
1694685779326 5.249653952437933 78
1694685780503 5.1526964612229795 79
1694685781643 5.062014841483261 80
1694685782740 4.978005939767972 81
1694685783885 4.900934281495345 82
1694685785116 4.830947319946194 83
1694685786373 4.7680899792863345 84
1694685787520 4.7123182832058825 85
1694685788613 4.663511944490828 86
1694685789708 4.621485860145475 87
1694685790905 4.586000511599244 88
1694685792062 4.556771310740858 89
1694685793237 4.533476961197169 90
1694685794346 4.515766921920947 91
1694685795498 4.503268068479513 92
1694685796738 4.4955906482334616 93
1694685797845 4.492333620632535 94
1694685799017 4.493089464806731 95
1694685800190 4.497448525010411 96
1694685801287 4.505002951603459 97
1694685802359 4.515350282223406 98
1694685803530 4.528096695483564 99
1694685804693 4.542859958567289 100
1694685805864 4.559272080908005 101
1694685807001 4.576981678989987 102
1694685808125 4.5956560522517655 103
1694685809223 4.614982967064112 104
1694685810342 4.634672144622251 105
1694685811504 4.654456449096157 106
1694685812598 4.67409277423175 107
1694685813742 4.693362629473 108
1694685814841 4.712072430259015 109
1694685816164 4.730053501132612 110
1694685817265 4.747161804395622 111
1694685818343 4.763277411013983 112
1694685819455 4.7783037341085 113
1694685820608 4.792166548504371 114
1694685821726 4.804812822340278 115
1694685822839 4.816209388584412 116
1694685823983 4.826341485439149 117
1694685825125 4.835211195042025 118
1694685826253 4.842835809621685 119
1694685827395 4.8492461534002285 120
1694685828735 4.854484887122862 121
1694685829976 4.858604820227968 122
1694685831057 4.861667253438718 123
1694685832122 4.863740372055601 124
1694685833314 4.864897707550367 125
1694685834696 4.865216682292566 126
1694685835871 4.864777249458983 127
1694685836952 4.863660637453458 128
1694685838173 4.861948205557594 129
1694685839426 4.859720415089599 130
1694685840502 4.8570559181044715 131
1694685841627 4.854030763649643 132
1694685842919 4.85071771981129 133
1694685844045 4.847185708254774 134
1694685845220 4.843499346676764 135
1694685846363 4.839718593539987 136
1694685847490 4.835898488641126 137
1694685848633 4.8320889824528415 138
1694685849745 4.828334846763247 139
1694685850881 4.824675658889912 140
1694685852048 4.821145851650232 141
1694685853183 4.817774821304116 142
1694685854292 4.814587085828836 143
1694685855443 4.811602486119962 144
1694685856568 4.8088364230191205 145
1694685857645 4.806300123432843 146
1694685858769 4.804000929212716 147
1694685859901 4.801942602903195 148
1694685861041 4.800125644918724 149
1694685862108 4.798547617177679 150
1694685863243 4.797203468689266 151
1694685864368 4.796085859054801 152
1694685865487 4.795185476301775 153
1694685866633 4.794491345913815 154
1694685867714 4.793991128349024 155
1694685868840 4.793671402750543 156
1694685869900 4.793517934945102 157
