1694706338526 169.37836729241943 0
1694706340053 169.3443524797923 1
1694706341508 169.3103451969341 2
1694706342870 169.27634544210588 3
1694706344259 169.24235321356932 4
1694706345578 169.20836850958634 5
1694706347072 169.1743913284194 6
1694706348450 169.1404216683313 7
1694706349832 169.10645952758532 8
1694706351342 169.07250490444505 9
1694706352676 169.03855779717455 10
1694706354128 169.00461820403828 11
1694706355810 168.97068612330114 12
1694706357418 168.9367615532284 13
1694706358886 168.90284449208576 14
1694706360391 168.8689349381393 15
1694706361944 168.83503288965557 16
1694706363384 168.8011383449015 17
1694706364861 168.76725130214442 18
1694706366399 168.73337175965204 19
1694706368051 168.69949971569255 20
1694706369729 168.66563516853455 21
1694706371341 168.63177811644695 22
1694706372735 168.5979285576992 23
1694706374308 168.56408649056107 24
1694706375850 168.53025191330275 25
1694706377268 168.49642482419483 26
1694706378711 168.4626052215084 27
1694706380858 168.42879310351486 28
1694706383016 168.39498846848605 29
1694706385080 168.36119131469422 30
1694706386701 168.32740164041206 31
1694706388489 168.2936194439126 32
1694706390376 168.25984472346934 33
1694706392291 168.22607747735617 34
1694706393749 168.19231770384735 35
1694706395391 168.15856540121766 36
1694706397019 168.1248205677421 37
1694706398615 168.0910832016963 38
1694706400182 168.05735330135613 39
1694706401630 168.0236308649979 40
1694706403281 167.9899158908984 41
1694706404736 167.95620837733478 42
1694706406182 167.92250832258458 43
1694706407759 167.88881572492576 44
1694706409250 167.85513058263678 45
1694706410792 167.82145289399625 46
1694706412300 167.78778265728354 47
1694706413767 167.75411987077814 48
1694706415585 167.72046453276005 49
1694706417062 167.68681664150975 50
1694706418631 167.653176195308 51
1694706420244 167.61954319243605 52
1694706421930 167.58591763117553 53
1694706423527 167.55229950980848 54
1694706425307 167.51868882661728 55
1694706426906 167.48508557988487 56
1694706428558 167.4514897678945 57
1694706430998 167.41790138892975 58
1694706433073 167.38432044127478 59
1694706435255 167.35074692321402 60
1694706438331 167.31718083303235 61
1694706441291 167.28362216901508 62
1694706443707 167.25007092944787 63
1694706446570 167.21652711261686 64
1694706448393 167.18299071680855 65
1694706449832 167.14946174030982 66
1694706451192 167.11594018140798 67
1694706453136 167.08242603839076 68
1694706454469 167.0489193095463 69
1694706455987 167.01541999316314 70
1694706457835 166.98192808753018 71
1694706459359 166.9484435909368 72
1694706460843 166.9149665016727 73
1694706462276 166.88149681802804 74
1694706463886 166.84803453829343 75
1694706465412 166.81457966075976 76
1694706466864 166.7811321837184 77
1694706469170 166.74769210546117 78
1694706471010 166.71425942428016 79
1694706472811 166.68083413846801 80
1694706474223 166.64741624631776 81
1694706475887 166.61400574612261 82
1694706477597 166.5806026361765 83
1694706479344 166.54720691477357 84
1694706481045 166.51381858020844 85
1694706482594 166.48043763077607 86
1694706484118 166.44706406477184 87
1694706485546 166.41369788049164 88
1694706487308 166.38033907623162 89
1694706488793 166.3469876502884 90
1694706490345 166.313643600959 91
1694706491949 166.28030692654085 92
1694706493370 166.24697762533174 93
1694706494945 166.2136556956299 94
1694706496469 166.18034113573395 95
1694706497989 166.14703394394297 96
1694706499632 166.11373411855635 97
1694706501049 166.0804416578739 98
1694706502548 166.0471565601959 99
