1694710409609 44.31852101879739 0
1694710411284 14.99531513666948 1
1694710412959 10.164970201922022 2
1694710414508 5.152109804583089 3
1694710416156 6.719607546528605 4
1694710417836 3.922221818610114 5
1694710419587 2.535131544623103 6
1694710421048 1.6848745795699294 7
1694710422713 0.6207164329561878 8
1694710424479 0.72876265381314 9
1694710426043 0.3750683270018202 10
1694710427853 0.49901095617843333 11
1694710429677 0.3360049522927412 12
1694710431376 0.15454014663403254 13
1694710433126 0.16888178829128012 14
1694710435299 0.1846796454862739 15
1694710437509 0.38933334476414705 16
1694710439039 0.3858514181773582 17
1694710440561 0.2825387507880147 18
1694710442427 0.1636704349012556 19
1694710444189 0.189057385150643 20
1694710445778 0.18012881092700547 21
1694710447422 0.11162958712789661 22
1694710448917 0.10582252099343499 23
1694710450604 0.0365275283192293 24
1694710452235 0.12319970367296093 25
1694710453730 0.11305082914511275 26
1694710455429 0.11066899332945165 27
1694710456952 0.05894183706995124 28
1694710458531 0.14619301114454775 29
1694710460228 0.036390376793082616 30
1694710461826 0.13685130937106674 31
1694710463540 0.13297207226769697 32
1694710465112 0.26665751946061467 33
1694710466686 0.07822638930267023 34
1694710468325 0.0899572229628793 35
1694710469874 0.22771885835348954 36
1694710471471 0.04456639558942796 37
1694710473162 0.264200939041651 38
1694710474826 0.06907517789436622 39
1694710476545 0.23611541703999492 40
1694710478096 0.12032901542733403 41
1694710479810 0.0938636231368354 42
1694710481327 0.12272927268003216 43
1694710482966 0.11280116589046055 44
1694710484650 0.03823315368346717 45
1694710486169 0.11305346104480032 46
1694710487942 0.0873887291524316 47
1694710489624 0.07994009457391693 48
1694710491380 0.07562012282253641 49
1694710493139 0.07527347322863998 50
1694710495069 0.08444470711137014 51
1694710496682 0.13793919816165048 52
1694710498378 0.03642003328359474 53
1694710499951 0.02788354930788115 54
1694710501480 0.053948679544992974 55
1694710503319 0.038210379714495105 56
1694710505124 0.18762698205491285 57
1694710506683 0.07917852244947776 58
1694710508402 0.02946119936725113 59
1694710509935 0.09692451793137419 60
1694710511591 0.06713562104888897 61
1694710513325 0.07437778193619951 62
1694710515036 0.11590354067999216 63
1694710516659 0.06957513075584795 64
1694710518248 0.2596353555011163 65
1694710519975 0.055761795803427675 66
1694710521524 0.08616161455848093 67
1694710523219 0.21029603895908813 68
1694710524879 0.09748265738019507 69
1694710526452 0.09170230261441165 70
1694710528126 0.07352637273452838 71
1694710529649 0.1062693003424208 72
1694710531258 0.04793562915854643 73
1694710532865 0.05534471671044531 74
1694710534408 0.09749685081090219 75
1694710536063 0.0829530281558844 76
1694710537646 0.034836229612027904 77
1694710539247 0.08193890993608163 78
1694710540816 0.10648338675407047 79
1694710542435 0.059858001534773456 80
1694710544019 0.08583872768387975 81
1694710545581 0.11679804520417703 82
1694710547234 0.031176284887637528 83
1694710548749 0.25026284492078543 84
1694710550484 0.18494765472894437 85
1694710552625 0.04110237122302414 86
1694710554203 0.12012180467000404 87
1694710556205 0.07488982692358172 88
1694710558045 0.08918560932304657 89
1694710559865 0.1026004195147036 90
1694710561393 0.20601690931283687 91
1694710563300 0.16625711081835565 92
1694710565015 0.03921090114669146 93
1694710566718 0.1639819774844194 94
1694710568344 0.0262087260308563 95
1694710569845 0.17196948698873205 96
1694710571516 0.06579422136957236 97
1694710573112 0.01618467077116426 98
1694710574677 0.24616263432600766 99
