1694344930521 -3.3018191956401512 0
1694344930916 -5.586621507887996 1
1694344931312 -12.295091707216253 2
1694344931729 -5.351131581266266 3
1694344932249 -5.714787796878704 4
1694344932873 -7.950298409119673 5
1694344933564 -9.929368373122863 6
1694344934239 -7.399553206918169 7
1694344934939 -3.675480841483286 8
1694344935878 -4.372005630518444 9
1694344936426 -7.038004132045611 10
1694344936965 -4.959778558498147 11
1694344937405 -5.203898497498922 12
1694344937821 -5.462116529066417 13
1694344938248 -7.336794852750392 14
1694344938702 -5.293634661508225 15
1694344939134 -5.4281770987113935 16
1694344939567 -6.130669236288 17
1694344939999 -5.3914952782575485 18
1694344940405 -4.849825469929428 19
1694344940819 -3.954086295826259 20
1694344941210 -10.516553808456035 21
1694344941642 -4.447895620571244 22
1694344942095 -7.387895398023932 23
1694344942527 -7.9408803225140385 24
1694344942929 -8.356038030647737 25
1694344943375 -4.127113548360849 26
1694344943826 -6.957041660256481 27
1694344944274 -5.185390920491194 28
1694344944760 -8.578452861291364 29
1694344945263 -7.063684697437649 30
1694344945847 -4.2120630083178074 31
1694344946458 -5.53416604503308 32
1694344947193 -7.73177168927708 33
1694344947703 -5.18759714456145 34
1694344948358 -5.406321421674244 35
1694344949058 -5.472827940872704 36
1694344949834 -5.804397712373174 37
1694344950558 -9.625438831792412 38
1694344951086 -4.109697424322543 39
1694344951482 -4.129319296643668 40
1694344951966 -3.827713837835412 41
1694344952650 -7.284935144803793 42
1694344953296 -7.570428339537671 43
1694344953913 -4.316567504496189 44
1694344954404 -7.95102194166963 45
1694344954875 -6.655994984644023 46
1694344955293 -5.023064152704576 47
1694344955899 -8.207475533727118 48
1694344956573 -9.087643975197096 49
1694344957205 -3.5274678594257836 50
1694344957875 -5.398864113598519 51
1694344958546 -5.52554350109949 52
1694344959757 -5.628504574348878 53
1694344960344 -7.7151432541825375 54
1694344960922 -10.214338657558473 55
1694344961557 -5.3947102929194575 56
1694344962019 -6.247097039797887 57
1694344962513 -5.922335899269494 58
1694344963045 -4.103413915501794 59
1694344963530 -8.171176309715987 60
1694344964010 -8.015910866762413 61
1694344964503 -7.040406910517991 62
1694344965274 -4.312587396455048 63
1694344965896 -7.814565658932377 64
1694344966406 -4.53864719372657 65
1694344966927 -5.444678660962038 66
1694344967421 -7.309563621471829 67
1694344968003 -5.184804821884771 68
1694344968573 -11.409177762284068 69
1694344969018 -6.085331936056584 70
1694344969502 -5.559108052173446 71
1694344970057 -4.601301478343929 72
1694344970591 -7.957029735458983 73
1694344971025 -4.594985215935586 74
1694344971490 -5.491447517294936 75
1694344971846 -5.071179428193387 76
1694344972161 -5.17512699713138 77
1694344972476 -6.401276473089194 78
1694344972919 -10.689460732460178 79
1694344973359 -6.956087182152818 80
1694344973803 -4.399857404266346 81
1694344974227 -4.743096149379391 82
1694344974691 -7.2809561898734945 83
1694344975164 -5.653539944342241 84
1694344975599 -5.505719863026382 85
1694344976056 -9.180602127868577 86
1694344976485 -6.1292964373505585 87
1694344976886 -5.829509306492464 88
1694344977260 -3.7629483807949144 89
1694344977662 -7.9104612900105735 90
1694344978047 -8.351135065114677 91
1694344978459 -6.286847323251099 92
1694344978831 -6.22819932280373 93
1694344979222 -9.638030687878683 94
1694344979585 -7.765474644185927 95
1694344979994 -4.978936572747471 96
1694344980415 -4.73411805292011 97
1694344980874 -8.402213919903065 98
1694344981290 -3.8435322430511842 99
1694344981719 -4.33925509130318 100
1694344982160 -7.247643903235495 101
1694344982558 -4.482219183752704 102
1694344982931 -8.72933505528779 103
1694344983343 -5.917491825094842 104
1694344983705 -5.270708402236935 105
1694344984060 -8.972499987808268 106
1694344984477 -3.917980036271663 107
1694344984910 -9.943308662801263 108
1694344985317 -8.365818452132372 109
1694344985742 -6.467340431828516 110
1694344986142 -7.681800236586971 111
1694344986530 -5.991034667279641 112
1694344986904 -5.137058307993571 113
1694344987321 -7.918626298475992 114
1694344987753 -5.438074171264695 115
1694344988172 -5.629042081078144 116
1694344988563 -7.75433642802969 117
1694344988955 -6.8651164935941145 118
1694344989337 -8.003264145470085 119
1694344989753 -5.029657041720131 120
1694344990154 -3.652342744577086 121
1694344990526 -4.30710712185474 122
1694344990869 -15.211100820056242 123
1694344991246 -6.593727689797885 124
1694344991630 -5.814030523376296 125
1694344992019 -6.505913612350457 126
1694344992403 -9.938446113465723 127
1694344992787 -8.355424321509142 128
1694344993152 -5.086170821754336 129
1694344993538 -3.881607044803836 130
1694344993920 -4.285883019611544 131
1694344994318 -7.60166854493977 132
1694344994714 -4.621180751851976 133
1694344995105 -6.061334553220479 134
1694344995485 -4.816414167054161 135
1694344995876 -7.087706106380487 136
1694344996268 -4.2433264354277735 137
1694344996658 -7.479451650528171 138
1694344997077 -7.12546377927133 139
1694344997470 -6.845468009938381 140
1694344997883 -6.084964403111753 141
1694344998255 -6.85589466249771 142
1694344998633 -4.144288671126339 143
1694344999009 -10.33217468951593 144
1694344999357 -3.8407321672709926 145
1694344999710 -5.884042102853944 146
1694345000112 -6.3045477884230365 147
1694345000474 -4.712508031270147 148
1694345000862 -5.430623252874284 149
1694345001252 -5.801006654798253 150
1694345001632 -12.55421258682938 151
1694345002014 -5.608047286331638 152
1694345002408 -4.019963060381425 153
1694345002797 -7.460049675648142 154
1694345003206 -6.206731578093992 155
1694345003616 -2.8757223863030976 156
1694345003999 -4.4964791020316435 157
1694345004393 -4.97678546501458 158
1694345004809 -7.888967850099723 159
1694345005227 -6.390751801889083 160
1694345005660 -4.362260162552326 161
1694345006075 -5.211200897857708 162
1694345006502 -3.762175620648745 163
1694345006901 -5.445414077369749 164
1694345007325 -8.838040015492137 165
1694345007762 -4.111108922265063 166
1694345008229 -6.395834883960092 167
1694345008912 -6.572250693404061 168
1694345009467 -6.317266410071198 169
1694345010000 -7.648953759830439 170
1694345010423 -9.104851109912083 171
1694345010858 -7.450528428121945 172
1694345011374 -5.07239180737283 173
1694345011794 -16.22842157012893 174
1694345012205 -5.689952472211643 175
1694345012761 -8.336994719639586 176
1694345013399 -6.112313716489308 177
1694345014207 -12.089683178235623 178
1694345015007 -7.359606248505637 179
1694345015768 -4.785220482831409 180
1694345016398 -5.775503933012151 181
1694345016909 -4.313574278807614 182
1694345017353 -6.1955288654539835 183
1694345017781 -3.529811814327653 184
1694345018194 -3.9882485301651576 185
1694345018594 -10.87792330314761 186
1694345018986 -7.046395602204788 187
1694345019369 -7.096507883403227 188
1694345019767 -7.396210167461367 189
1694345020138 -5.204774998745755 190
1694345020561 -10.416494133759693 191
1694345020995 -4.952100766705026 192
1694345021413 -6.818178726528362 193
1694345021815 -7.619543057290077 194
1694345022433 -7.335110004084392 195
1694345022939 -7.614108049816666 196
1694345023387 -6.186942610987007 197
1694345023846 -5.719674548541805 198
1694345024313 -9.498295358604368 199
1694345025158 -9.356573884395038 200
1694345025763 -5.666925873275398 201
1694345026191 -4.201531134715353 202
1694345026632 -8.801064780427343 203
1694345027041 -8.268793427618245 204
1694345027451 -4.039651136715793 205
1694345027933 -9.810384143769136 206
1694345028360 -7.244803761161718 207
1694345028806 -8.91491317659951 208
1694345029243 -7.529986868409244 209
1694345029693 -6.8438155414070545 210
1694345030148 -5.27779373975974 211
1694345030569 -5.064852957086403 212
1694345030953 -9.013525682407908 213
1694345031328 -6.841126539012717 214
1694345031666 -5.521551986298504 215
1694345032055 -3.555580232409741 216
1694345032457 -5.315978235196321 217
1694345032861 -5.625250321854356 218
1694345033247 -4.656807425640681 219
1694345033631 -4.5278379766346815 220
1694345034011 -6.956756978116632 221
1694345034392 -8.14817916837818 222
1694345034773 -10.547910081145787 223
1694345035180 -7.014851472546631 224
1694345035572 -5.859805118732652 225
1694345035930 -7.808197619782192 226
1694345036290 -4.640848469814989 227
1694345036646 -5.044839423477256 228
1694345037043 -9.376306258525336 229
1694345037469 -4.947825525792442 230
1694345037911 -7.632363941507403 231
1694345038328 -5.06750207690799 232
1694345038720 -4.763846580425675 233
1694345039107 -9.36598659326055 234
1694345039507 -6.594252152984219 235
1694345039892 -5.061616820965618 236
1694345040300 -5.40990606367711 237
1694345040731 -5.897061498917889 238
1694345041170 -7.381287265012903 239
1694345041614 -4.477769888221805 240
1694345042085 -8.35719802745851 241
1694345042556 -6.196331745548831 242
1694345042994 -6.992404215584418 243
1694345043418 -8.244190885801915 244
1694345043853 -6.857702913521572 245
1694345044340 -7.150352629687452 246
1694345044964 -7.415883955579412 247
1694345045872 -6.040130818012595 248
1694345046490 -4.717543895270109 249
1694345047265 -3.8573739624613914 250
1694345048629 -5.8621314705917404 251
1694345049509 -8.764780531279726 252
1694345050174 -9.46736680878647 253
1694345050694 -3.2864860262003806 254
1694345051277 -5.768942130857812 255
1694345051806 -10.579667960825253 256
1694345052292 -2.9595288210068236 257
1694345052771 -5.280757903852128 258
1694345053225 -12.182802474650954 259
1694345053677 -7.1404475166351915 260
1694345054148 -4.609056718673319 261
1694345054598 -4.010245224924604 262
1694345055151 -5.228057517378158 263
1694345055599 -5.511497680008077 264
1694345056064 -11.751875362319288 265
1694345056477 -9.087168369551211 266
1694345056872 -5.401295973514978 267
1694345057286 -4.994378106679787 268
1694345057717 -5.798513034528545 269
1694345058136 -6.157011789258878 270
1694345058549 -7.779859877658305 271
1694345058954 -5.206615164557288 272
1694345059355 -6.513779614442322 273
1694345059695 -8.48529257227421 274
1694345060058 -5.075622537010944 275
1694345060430 -8.779109841877645 276
1694345060784 -4.553530678889744 277
1694345061152 -6.306032449853468 278
1694345061538 -7.531890042332684 279
1694345061879 -8.376908752596986 280
1694345062233 -8.097018302547312 281
1694345062608 -6.94068648558379 282
1694345062961 -7.465418841507796 283
1694345063293 -5.06691387487759 284
1694345063652 -6.194458437506945 285
1694345063997 -5.011287317119775 286
1694345064346 -4.637207608472812 287
1694345064707 -10.770330507706548 288
1694345065067 -6.575929320064281 289
1694345065425 -7.3466137100784525 290
1694345065788 -5.3850533096193525 291
1694345066163 -4.877327149775791 292
1694345066530 -5.301757387037692 293
1694345066902 -6.276080715563071 294
1694345067227 -8.039515465946854 295
1694345067592 -5.009845735013653 296
1694345067966 -4.751664143686437 297
1694345068322 -5.703356738907774 298
1694345068768 -2.9861401417003126 299
1694345069153 -5.867614665084874 300
1694345069534 -10.551983599783222 301
1694345069890 -5.535135202645288 302
1694345070263 -7.323673052141908 303
1694345070632 -7.156449475482329 304
1694345070979 -7.081978730531565 305
1694345071335 -4.946226627375905 306
1694345071711 -5.18351188516569 307
1694345072067 -10.64096605669364 308
1694345072449 -6.660314748450791 309
1694345072834 -5.242471865065915 310
1694345073200 -8.182104802177873 311
1694345073559 -8.513451924336751 312
1694345073922 -6.910196201800072 313
1694345074277 -5.047079448478395 314
1694345074653 -4.905614814756634 315
1694345075049 -7.8735714400323005 316
1694345075438 -8.89762811064441 317
1694345075847 -9.8589108227999 318
1694345076258 -4.419415107838488 319
1694345076648 -6.363500118810003 320
1694345077027 -4.70707236080824 321
1694345077416 -8.517852413202474 322
1694345077791 -4.905678598187074 323
1694345078182 -5.847652912183036 324
1694345078538 -5.943137665477873 325
1694345078922 -11.736561969193408 326
1694345079294 -6.497884135709481 327
1694345079659 -6.5205262573604585 328
1694345080052 -7.190390596935295 329
1694345080415 -3.830486511860448 330
1694345080740 -5.1741190262524865 331
1694345081109 -6.568699414204003 332
1694345081466 -7.073322907453525 333
1694345081813 -10.773160857244449 334
1694345082177 -5.76693034760194 335
1694345082551 -4.030034854466251 336
1694345082913 -3.4019939646437516 337
1694345083287 -5.544724237147831 338
1694345083655 -6.182815068293662 339
1694345084028 -5.845076401005084 340
1694345084420 -6.188797391752752 341
1694345084901 -8.118746305384757 342
1694345085374 -5.356236325562642 343
1694345085819 -7.374142373091249 344
1694345086249 -5.892251821205243 345
1694345086661 -5.6748046491899204 346
1694345087043 -8.806737403282911 347
1694345087447 -5.8940740635677935 348
1694345087865 -5.967188289817116 349
1694345088250 -5.000763469553075 350
1694345088655 -5.625653027605594 351
1694345089057 -5.354149333885928 352
1694345089433 -5.9070991726837185 353
1694345089797 -8.248537532760595 354
1694345090164 -6.576531104678311 355
1694345090560 -5.042448853957157 356
1694345090961 -8.192003817231388 357
1694345091350 -3.878806163853862 358
1694345091782 -4.65333172239685 359
1694345092166 -5.22118559771718 360
1694345092539 -6.6702739828049245 361
1694345092908 -6.240783393443474 362
1694345093318 -5.879337758802184 363
1694345093705 -6.586938439020159 364
1694345094096 -6.494601069305665 365
1694345094526 -8.188002926404438 366
1694345094937 -5.162402482653768 367
1694345095368 -6.360987560211265 368
1694345095784 -5.616519402948825 369
1694345096197 -4.891770667035053 370
1694345096575 -6.651898780692427 371
1694345097033 -7.699541061675978 372
1694345097437 -6.520560330881732 373
1694345097840 -4.615976010418985 374
1694345098290 -4.996209207949964 375
1694345098723 -9.304081520085123 376
1694345099166 -5.527169846808299 377
1694345099584 -7.25124598591041 378
1694345099972 -6.542506982235023 379
1694345100356 -4.714274022252886 380
1694345100786 -8.336545304813642 381
1694345101191 -5.499629329760052 382
1694345101601 -7.178539675208439 383
1694345102002 -7.30948639160157 384
1694345102402 -4.574721374478048 385
1694345102789 -4.352853448781042 386
1694345103166 -5.913992208025707 387
1694345103565 -8.796824049376841 388
1694345103944 -4.37122060397563 389
1694345104322 -6.8623063949133245 390
1694345104714 -6.89891954523861 391
1694345105105 -8.413683425198005 392
1694345105467 -4.668321756592754 393
1694345105867 -7.6062098298479714 394
1694345106254 -7.006861388009016 395
1694345106652 -9.130955153588458 396
1694345107051 -9.927220047762548 397
1694345107472 -8.795692020939333 398
1694345107942 -5.702461509827287 399
1694345108406 -6.478884738966827 400
1694345108845 -4.1227086432936675 401
1694345109264 -6.224171090356545 402
1694345109680 -9.979621640822089 403
1694345110093 -6.661019934574017 404
1694345110525 -6.8406101943997735 405
1694345111021 -5.718917228874687 406
1694345111506 -6.555865249905209 407
1694345112105 -6.54115812930572 408
1694345112632 -3.9399559967900935 409
1694345113209 -5.739794226421221 410
1694345113703 -6.159983217273809 411
1694345114141 -6.667500554591918 412
1694345114590 -7.1266242323501885 413
1694345115119 -6.0999850024185465 414
1694345115603 -13.065532710135004 415
1694345116035 -6.06800007876245 416
1694345116424 -5.8848381647067445 417
1694345116851 -5.71646713204861 418
1694345117342 -7.771168863961156 419
1694345117758 -11.701971049393011 420
1694345118190 -4.184911560379192 421
1694345118620 -6.374683234302698 422
1694345119023 -5.503781015494144 423
1694345119453 -6.114456753960864 424
1694345119870 -6.271723562533556 425
1694345120240 -5.658155325020225 426
1694345120627 -3.1157896761373367 427
1694345120982 -6.076341920409564 428
1694345121490 -7.3107229916006595 429
1694345121882 -9.301912241597643 430
1694345122301 -6.823216906512873 431
1694345122725 -4.035498463023736 432
1694345123136 -6.383222658533313 433
1694345123531 -7.024652288592762 434
1694345123959 -8.968874158696867 435
1694345124340 -7.376285590271818 436
1694345124697 -6.472166356873704 437
1694345125080 -7.301698144096587 438
1694345125470 -4.112381451643712 439
1694345125875 -4.964172240492633 440
1694345126269 -12.074057742995578 441
1694345126669 -4.262739579597421 442
1694345127064 -5.3196499639719015 443
1694345127461 -6.075748775670896 444
1694345127882 -8.217897513222384 445
1694345128322 -6.3763208506613465 446
1694345128729 -6.804970468575471 447
1694345129101 -4.94126082274587 448
1694345129462 -5.253672114440392 449
1694345129846 -5.716611581910384 450
1694345130243 -4.864127560899218 451
1694345130652 -4.99476623184061 452
1694345131087 -6.174859660285129 453
1694345131533 -10.193953618098531 454
1694345132031 -6.686392474208398 455
1694345132462 -8.543563531849616 456
1694345132962 -5.9046902367057115 457
1694345133763 -5.474022785840353 458
1694345134687 -3.6964987146184987 459
1694345135614 -7.582452719475683 460
1694345137054 -6.5392532915451795 461
1694345137632 -5.2002308173147735 462
1694345138290 -4.022616769139597 463
1694345138957 -4.017961279303987 464
1694345139573 -5.785215359079394 465
1694345140159 -4.623495353443762 466
1694345140724 -5.2733137530892975 467
1694345141190 -7.462642813348392 468
1694345141660 -4.88281404717963 469
1694345142082 -3.2679358936423633 470
1694345142548 -2.2002118543803846 471
1694345143072 -4.5402975393175575 472
1694345143614 -10.885862311428204 473
1694345144162 -6.335296361115441 474
1694345144691 -6.493896731030569 475
1694345145526 -8.001001737115878 476
1694345146286 -5.756623504833251 477
1694345147174 -10.637206308765686 478
1694345148390 -8.440522538376916 479
1694345149200 -6.074923467909186 480
1694345149935 -9.686488185392497 481
1694345150532 -4.057326453243179 482
1694345151060 -6.09587457138627 483
1694345151583 -4.823221748521384 484
1694345152079 -9.75956031934349 485
1694345152529 -6.857813965746265 486
1694345152951 -8.425462768143024 487
1694345153345 -13.52027124728083 488
1694345153753 -7.838025096561836 489
1694345154135 -4.043571738243492 490
1694345154580 -4.377203631682074 491
1694345155025 -4.731535940172473 492
1694345155488 -5.859709182203862 493
1694345155957 -5.3592443099416585 494
1694345156398 -5.560451746031777 495
1694345156785 -4.658438571174059 496
1694345157196 -4.278483074231413 497
1694345157577 -8.057389105700233 498
1694345158205 -9.400958077642036 499
