1694451516446 -239.50563140254084 0
1694451517720 -193.91946596117162 1
1694451518996 -157.76079582725384 2
1694451520113 -129.00599862573162 3
1694451521602 -106.0755436423105 4
1694451523191 -87.73529427676851 5
1694451525002 -73.01990285938739 6
1694451526218 -61.17333234237934 7
1694451527523 -51.602658214055296 8
1694451528659 -43.84217029501473 9
1694451529646 -37.52546493362472 10
1694451530756 -32.363737679617124 11
1694451531779 -28.128888948900588 12
1694451532657 -24.640366942738662 13
1694451533466 -21.754913616323186 14
1694451534335 -19.358566647021625 15
1694451535264 -17.36041539438943 16
1694451536240 -15.687721266427559 17
1694451537584 -14.282100060383131 18
1694451539095 -13.096531423648642 19
1694451540313 -12.093012988949983 20
1694451541473 -11.24071739189552 21
1694451542510 -10.514541922331393 22
1694451543625 -9.893965042146869 23
1694451544797 -9.362143008087248 24
1694451546097 -8.905194598297605 25
1694451547181 -8.511633408510827 26
1694451548327 -8.171916096407795 27
1694451549517 -7.878081883057217 28
1694451550580 -7.623464012181845 29
1694451551524 -7.402458065315114 30
1694451552444 -7.210335300492535 31
1694451553384 -7.043091730895378 32
1694451554261 -6.897325648369839 33
1694451555183 -6.770137849562351 34
1694451556175 -6.659050036240933 35
1694451557127 -6.561937811296197 36
1694451558188 -6.476975436250439 37
1694451559247 -6.402590100161796 38
1694451560153 -6.337423908814929 39
1694451561103 -6.280302164432218 40
1694451562095 -6.230206791134039 41
1694451563047 -6.186253986617008 42
1694451564067 -6.147675358933625 43
1694451565131 -6.113801948924838 44
1694451567207 -6.084050651642841 45
1694451569939 -6.057912640148905 46
1694451571155 -6.03494346718093 47
1694451572950 -6.014754578118443 48
1694451574157 -5.997006015373039 49
1694451575241 -5.98140013211369 50
1694451576222 -5.967676163914507 51
1694451577195 -5.955605531920098 52
1694451578281 -5.944987771588121 53
1694451579337 -5.93564699788365 54
1694451580410 -5.927428831671571 55
1694451581359 -5.920197723544077 56
1694451582215 -5.913834620876728 57
1694451583084 -5.908234931886546 58
1694451583905 -5.903306747154656 59
1694451584815 -5.8989692847046165 60
1694451585758 -5.89515152948085 61
1694451586651 -5.891791042099846 62
1694451587576 -5.888832915171741 63
1694451588562 -5.886228858411161 64
1694451589493 -5.8839363962551445 65
1694451590458 -5.881918163849243 66
1694451591326 -5.880141289106184 67
1694451592159 -5.878576850130023 68
1694451593006 -5.8771993986711175 69
1694451593853 -5.875986541464799 70
1694451594729 -5.874918572336374 71
1694451595585 -5.873978148849321 72
1694451596495 -5.873150008051257 73
1694451597439 -5.872420716549511 74
1694451598331 -5.87177845073856 75
1694451599167 -5.871212803517082 76
1694451600038 -5.870714614282604 77
1694451601000 -5.87027581938531 78
1694451602159 -5.869889320567361 79
1694451603261 -5.869548869215353 80
1694451604192 -5.869248964518362 81
1694451605107 -5.8689847638552255 82
1694451605915 -5.868752003938344 83
1694451606741 -5.868546931419379 84
1694451607600 -5.868366241818906 85
1694451608488 -5.868207025779321 86
1694451609434 -5.868066721761272 87
1694451610257 -5.867943074409754 88
1694451611059 -5.867834097909234 89
1694451611919 -5.867738043729107 90
1694451612741 -5.867653372232964 91
1694451613573 -5.867578727688009 92
