1694710600921 63.591263338581534 0
1694710602758 17.845106186933208 1
1694710604651 5.327194383825182 2
1694710606190 1.484545858444195 3
1694710607966 0.48498996585731713 4
1694710609580 0.19467182420939155 5
1694710611589 0.13178362757805367 6
1694710613531 0.05653779545080927 7
1694710615119 0.10621052831892722 8
1694710616902 0.04703976302982503 9
1694710618428 0.10223121117072535 10
1694710620223 0.2775033588386299 11
1694710622079 0.04670356642449999 12
1694710623831 0.18298688390413728 13
1694710625499 0.2205266970176096 14
1694710627547 0.09635157051815775 15
1694710629359 0.0847642966992806 16
1694710630962 0.14846469013100994 17
1694710632720 0.09320164741833631 18
1694710634468 0.10776139212434951 19
1694710636462 0.15767548605445023 20
1694710638019 0.07446137010942168 21
1694710639669 0.3128161546215229 22
1694710641394 0.08061179872879778 23
1694710642822 0.04936699483140285 24
1694710644667 0.11287810004900305 25
1694710646215 0.09744411494551575 26
1694710647942 0.11921374959945881 27
1694710649610 0.060469311390631025 28
1694710651333 0.11460359185732834 29
1694710653040 0.06576050836792861 30
1694710654605 0.05784148119962854 31
1694710656375 0.06314329433223127 32
1694710657900 0.07073173194595923 33
1694710659503 0.11134305485550372 34
1694710661203 0.06431442482879116 35
1694710662704 0.1073969532670106 36
1694710664434 0.20869713390755676 37
1694710666059 0.07842292577772045 38
