1694675921751 169.46369604336581 0
1694675923159 137.18931111095296 1
1694675924629 111.32611036936447 2
1694675926105 90.47915015526092 3
1694675927555 73.66164373571223 4
1694675929113 60.0825611217653 5
1694675930466 49.10730447239119 6
1694675931593 40.22770744698529 7
1694675932730 33.035030998951314 8
1694675933877 27.201349794095616 9
1694675935116 22.463740206475208 10
1694675936260 18.610421900667525 11
1694675937555 15.471474219353107 12
1694675938711 12.910042911198094 13
1694675939939 10.816059858593308 14
1694675941201 9.100880430631584 15
1694675942371 7.693017208643802 16
1694675943511 6.534887347792114 17
1694675944668 5.579919025417448 18
1694675945848 4.79057454457159 19
1694675946993 4.13640799243519 20
1694675948182 3.592841823487043 21
1694675949405 3.1398940668114723 22
1694675950670 2.761385499074771 23
1694675951945 2.444144676588146 24
1694675953297 2.177449493427666 25
1694675954677 1.9525769344477284 26
1694675955831 1.7623626824802638 27
1694675957134 1.601001332464482 28
1694675958480 1.4636575204824103 29
1694675959727 1.346448580180304 30
1694675960989 1.2460712626416501 31
1694675962214 1.159916926855063 32
1694675963490 1.085696315123128 33
1694675964825 1.0216501517836345 34
1694675966324 0.9661651561440119 35
1694675967718 0.9180521468431676 36
1694675969062 0.8761524191189749 37
1694675970247 0.8396622444804374 38
1694675971389 0.8077317691993169 39
1694675972528 0.7798198904953269 40
1694675973632 0.7552891275749646 41
1694675974767 0.733778727501419 42
1694675975866 0.7147992597618301 43
1694675976973 0.698114781606189 44
1694675978112 0.6833406710780188 45
1694675979329 0.6703279868663119 46
1694675980551 0.6588550895541088 47
1694675981730 0.6485537140528257 48
1694675982951 0.6395476124455514 49
1694675984409 0.631439770544008 50
1694675985932 0.6243448761408137 51
1694675987269 0.6179413131745652 52
1694675988446 0.6123358048774757 53
1694675989634 0.6072635558838795 54
1694675990816 0.6028244094373207 55
1694675991964 0.5987968727157484 56
1694675993130 0.5952748611160095 57
1694675994375 0.592172480509486 58
1694675995552 0.5892518281245703 59
1694675996860 0.5867874323311018 60
1694675998146 0.5844626778481959 61
1694675999276 0.582502706062755 62
1694676000448 0.5806487747965581 63
1694676001629 0.5790887213109089 64
1694676002830 0.5776078079528659 65
1694676004058 0.5763654888808353 66
1694676005283 0.5752916870629117 67
1694676006513 0.5741700577695052 68
1694676007712 0.5733172522132174 69
1694676009006 0.5724236757361759 70
1694676010288 0.5717459380433847 71
1694676011393 0.5710321023498709 72
1694676012536 0.5704934901298027 73
1694676013757 0.569921807761983 74
1694676015092 0.5694939959830831 75
1694676016513 0.5691473702639689 76
1694676017719 0.5686740915033119 77
1694676018867 0.5684019322761624 78
1694676019969 0.5680265339657872 79
1694676021237 0.5678126860298033 80
1694676022374 0.5675132021590382 81
1694676023503 0.5673453613907519 82
1694676024719 0.5671051492328362 83
1694676025911 0.5669737863914436 84
1694676027098 0.5668921898105775 85
1694676028278 0.566656185614056 86
1694676029548 0.5665960446637003 87
1694676030771 0.5664106344995605 88
1694676031925 0.5663664227255191 89
1694676033102 0.5662190957507912 90
1694676034294 0.566186997050536 91
1694676035423 0.5660686665995834 92
1694676036632 0.566045933282449 93
1694676037848 0.5660615139155615 94
1694676038978 0.5659129206958017 95
1694676040101 0.5659305621995375 96
1694676041457 0.5658152067459972 97
1694676042658 0.5658332527968671 98
1694676043783 0.5657420779170564 99
1694676044958 0.5657598096878559 100
1694676046264 0.5656864940302857 101
1694676047458 0.5657036427709777 102
1694676048731 0.5657549138150849 103
1694676049962 0.5656386520915826 104
1694676051135 0.5656848587208376 105
1694676052305 0.5655954346273883 106
1694676053499 0.5656363404612808 107
1694676054803 0.565565967159236 108
1694676056144 0.5656019905703684 109
1694676057671 0.5655453646342977 110
1694676058890 0.5655771475816732 111
1694676060083 0.5656415189155218 112
1694676061346 0.5655372674260976 113
1694676062484 0.5655939532675592 114
1694676063559 0.5655141719241947 115
1694676064730 0.5655634583993092 116
1694676066134 0.5655008292029549 117
1694676067440 0.5655435532186375 118
1694676068622 0.5654931485746307 119
1694676069877 0.565530287308674 120
1694676071086 0.565599455039042 121
1694676072329 0.5654996944448469 122
1694676073603 0.5655602125750636 123
1694676074821 0.5654840430895421 124
1694676076130 0.5655363902469583 125
1694676077508 0.5654766673614685 126
1694676078784 0.565521834636476 127
1694676079946 0.5654737698895144 128
1694676081040 0.5655128579372073 129
1694676082261 0.5655837725640429 130
1694676083353 0.5654857100406473 131
1694676084452 0.5655476208348506 132
1694676085706 0.5654728210859914 133
1694676086829 0.5655262776369991 134
1694676088013 0.5654676605808283 135
1694676089171 0.5655137108005144 136
1694676090373 0.5654665396792249 137
1694676091502 0.5655063297134354 138
1694676092709 0.565577874196971 139
1694676093966 0.5654804660335759 140
1694676095106 0.5655428768524048 141
1694676096260 0.5654686075645219 142
1694676097467 0.5655224604772634 143
1694676098614 0.5654642740495405 144
1694676099738 0.5655106379114534 145
1694676100927 0.5654638169233437 146
1694676102168 0.5655038546369288 147
1694676103280 0.5655756218654351 148
1694676104375 0.5654784738561541 149
1694676105594 0.5655410600592861 150
1694676106789 0.5654670033448864 151
1694676107892 0.565520993935894 152
1694676109115 0.565462981583181 153
1694676110325 0.5655094531365404 154
1694676111478 0.5654627750379112 155
1694676112652 0.5655028966251366 156
1694676113816 0.5655747396410794 157
1694676115032 0.5654777001688044 158
1694676116261 0.5655403450364035 159
1694676117607 0.5654663780480441 160
1694676118784 0.5655204137445993 161
1694676119915 0.5654624757949079 162
1694676121119 0.5655089817394892 163
1694676122277 0.5654623655394998 164
1694676123388 0.5655025130722101 165
1694676124503 0.5655743797918961 166
1694676125637 0.5654773887665931 167
1694676126832 0.565540051251438 168
1694676127953 0.5654661249276969 169
1694676129083 0.565520173471996 170
1694676130218 0.5654622697835826 171
1694676131426 0.5655087848542165 172
1694676132733 0.5654621976330663 173
1694676133912 0.5655023514025965 174
1694676134999 0.5655742240269501 175
1694676136143 0.5654772564961132 176
1694676137422 0.565539922793317 177
1694676138536 0.5654660165290883 178
1694676139650 0.5655200672809384 179
1694676140940 0.5654621807876227 180
1694676142099 0.565508696846636 181
1694676143284 0.5654621244239848 182
1694676144413 0.5655022782669796 183
1694676145659 0.5655741511728083 184
1694676146883 0.5654771960679137 185
1694676147987 0.5655398619767372 186
1694676149394 0.5654659664940997 187
1694676150602 0.5655200163687195 188
1694676151770 0.5654621392644754 189
1694676152887 0.5655086540991168 190
1694676154022 0.5654620898819355 191
1694676155077 0.5655022422637895 192
1694676156158 0.5655741140060844 193
1694676157326 0.5654771659977647 194
1694676158476 0.5655398305640318 195
1694676159551 0.5654659413191911 196
1694676160669 0.5655199897398052 197
1694676161813 0.5654621181351437 198
1694676162905 0.5655086314562472 199
1694676164006 0.5654620721017948 200
1694676165129 0.5655022229500616 201
1694676166359 0.5655740934161649 202
1694676167457 0.5654771497052846 203
1694676168604 0.5655398129748003 204
1694676169770 0.5654659275420242 205
1694676170876 0.5655199746707904 206
1694676171896 0.5654621064557811 207
1694676173103 0.5655086185088639 208
1694676174254 0.5654620621752914 209
1694676175487 0.5655022117931063 210
1694676176769 0.5655740812223644 211
1694676178075 0.5654771402194012 212
1694676179180 0.5655398024748783 213
1694676180287 0.5654659194582833 214
1694676181442 0.5655199656055725 215
1694676182591 0.5654620995506012 216
1694676183662 0.5655086106615956 217
1694676184754 0.5654620562625632 218
1694676185962 0.5655022049822009 219
1694676187118 0.5655740736506361 220
1694676188246 0.565477134396957 221
1694676189365 0.5655397959203323 222
1694676190498 0.5654659144700843 223
1694676191643 0.5655199599178384 224
1694676192921 0.5654620952676714 225
1694676194073 0.5655086057141087 226
1694676195194 0.565462052576898 227
1694676196356 0.5655022006682604 228
1694676197765 0.5655740688031622 229
1694676198957 0.5654771306963068 230
1694676200123 0.5655397917103197 231
1694676201447 0.5654659112890718 232
1694676202702 0.5655199562532123 233
1694676203982 0.5654620925276315 234
1694676205281 0.5655086025170261 235
1694676206539 0.5654620502116893 236
1694676207641 0.5655021978728166 237
1694676208915 0.5655740656418885 238
1694676210129 0.5654771282933003 239
1694676211214 0.5655397889594698 240
1694676212356 0.5654659092193759 241
1694676213549 0.5655199538543534 242
1694676214813 0.5654620907414564 243
1694676215958 0.565508600420626 244
1694676217160 0.5654620486670573 245
1694676218326 0.5655021960368184 246
1694676219493 0.5655740635579715 247
1694676220637 0.5654771267131531 248
1694676221810 0.5655397871441031 249
1694676222921 0.5654659078568451 250
1694676224041 0.5655199522696311 251
1694676225223 0.5654620895642872 252
1694676226377 0.5655085990343554 253
1694676227493 0.5654620476480154 254
1694676228666 0.5655021948216309 255
1694676229860 0.5655740621758254 256
1694676230998 0.5654771256665951 257
1694676232131 0.5655397859393232 258
1694676233355 0.5654659069538321 259
1694676234721 0.5655199512173016 260
1694676235911 0.5654620887836401 261
1694676237301 0.5655085981133026 262
1694676238501 0.5654620469718346 263
1694676239609 0.5655021940138328 264
1694676240793 0.56557406125597 265
1694676241923 0.5654771249706289 266
1694676243014 0.5655397851372346 267
1694676244141 0.5654659063531079 268
1694676245309 0.5655199505164801 269
1694676246462 0.56546208826414 270
1694676247584 0.5655085974997217 271
1694676248740 0.5654620465217086 272
1694676249917 0.5655021934755426 273
1694676251028 0.5655740606426134 274
1694676252086 0.565477124506761 275
1694676253260 0.5655397846022981 276
1694676254495 0.5654659059526375 277
1694676255598 0.5655199500489981 278
1694676256667 0.5654620879177507 279
1694676257862 0.5655085970903619 280
1694676259040 0.5654620462215205 281
1694676260240 0.5655021931163596 282
1694676261393 0.5655740602331943 283
1694676262484 0.5654771241972042 284
1694676263590 0.5655397842451887 285
1694676264744 0.5654659056853585 286
1694676265910 0.5655199497368875 287
1694676266985 0.5654620876865408 288
1694676268151 0.5655085968170291 289
1694676269320 0.5654620460211279 290
1694676270529 0.565502192876509 291
1694676271642 0.5655740599597417 292
1694676272740 0.5654771239904753 293
1694676273953 0.5655397840066587 294
1694676275050 0.5654659055068535 295
1694676276199 0.5655199495284046 296
1694676277534 0.565462087532117 297
1694676278697 0.5655085966344412 298
1694676279802 0.5654620458872809 299
1694676281014 0.5655021927162779 300
1694676282200 0.5655740597770431 301
1694676283392 0.5654771238523673 302
1694676284552 0.565539783847287 303
1694676285815 0.5654659053875942 304
1694676286890 0.5655199493891022 305
1694676287957 0.5654620874289432 306
1694676289114 0.5655085965124372 307
1694676290233 0.56546204579785 308
1694676291342 0.5655021926092101 309
1694676292475 0.5655740596549557 310
1694676293621 0.5654771237600801 311
1694676294860 0.5655397837407871 312
1694676296035 0.565465905307903 313
1694676297450 0.5655199492960106 314
1694676298710 0.5654620873599995 315
1694676299793 0.5655085964309057 316
1694676300977 0.5654620457380901 317
1694676302110 0.5655021925376602 318
1694676303196 0.5655740595733679 319
1694676304304 0.5654771236984085 320
1694676305535 0.5655397836696134 321
1694676306685 0.5654659052546468 322
1694676307808 0.5655199492337982 323
1694676308938 0.5654620873139239 324
1694676310134 0.5655085963764171 325
1694676311255 0.5654620456981511 326
1694676312299 0.56550219248984 327
1694676313460 0.5655740595188365 328
1694676314631 0.5654771236571895 329
1694676315894 0.5655397836220443 330
1694676317341 0.5654659052190547 331
1694676318550 0.5655199491922198 332
1694676319636 0.5654620872831301 333
1694676320940 0.5655085963400003 334
1694676322110 0.5654620456714599 335
1694676323168 0.5655021924578821 336
1694676324293 0.5655740594823925 337
1694676325490 0.565477123629642 338
1694676326636 0.5655397835902514 339
1694676327727 0.5654659051952645 340
1694676328886 0.565519949164429 341
1694676330060 0.56546208726255 342
1694676331147 0.5655085963156602 343
1694676332195 0.5654620456536195 344
1694676333302 0.5655021924365202 345
1694676334455 0.5655740594580325 346
1694676335490 0.5654771236112284 347
1694676336637 0.5655397835690015 348
1694676337811 0.5654659051793653 349
1694676338861 0.5655199491458559 350
1694676339870 0.5654620872487935 351
1694676340994 0.5655085962993918 352
1694676342218 0.5654620456416949 353
1694676343294 0.5655021924222429 354
1694676344484 0.5655740594417509 355
1694676345639 0.5654771235989228 356
1694676346730 0.5655397835547993 357
1694676347820 0.5654659051687387 358
1694676348935 0.5655199491334412 359
1694676350168 0.5654620872395998 360
1694676351300 0.5655085962885179 361
1694676352339 0.5654620456337263 362
1694676353491 0.565502192412702 363
1694676354696 0.5655740594308712 364
1694676356071 0.5654771235906981 365
1694676357562 0.5655397835453065 366
1694676358746 0.5654659051616352 367
1694676359906 0.565519949125144 368
1694676361063 0.5654620872334561 369
1694676362229 0.5655085962812537 370
1694676363298 0.5654620456284011 371
1694676364362 0.5655021924063245 372
1694676365521 0.5655740594235971 373
1694676366665 0.5654771235852011 374
1694676367796 0.5655397835389625 375
1694676368967 0.5654659051568891 376
1694676370105 0.5655199491195982 377
1694676371237 0.565462087229349 378
1694676372333 0.5655085962763952 379
1694676373454 0.5654620456248415 380
1694676374608 0.5655021924020615 381
1694676375772 0.5655740594187355 382
1694676376937 0.565477123581526 383
1694676378116 0.565539783534721 384
1694676379225 0.5654659051537139 385
1694676380357 0.56551994911589 386
1694676381665 0.5654620872266026 387
1694676382756 0.5655085962731485 388
1694676383864 0.5654620456224617 389
1694676385009 0.5655021923992133 390
1694676386230 0.5655740594154872 391
1694676387284 0.5654771235790713 392
1694676388400 0.5655397835318888 393
1694676389550 0.5654659051515968 394
1694676390680 0.5655199491134161 395
1694676391781 0.5654620872247708 396
1694676392888 0.5655085962709814 397
1694676394031 0.5654620456208718 398
1694676395123 0.5655021923973093 399
1694676396223 0.5655740594133177 400
1694676397321 0.5654771235774316 401
1694676398485 0.5655397835299949 402
1694676399581 0.5654659051501785 403
1694676400624 0.5655199491117594 404
1694676401768 0.5654620872235437 405
1694676402832 0.5655085962695294 406
1694676403965 0.5654620456198077 407
1694676405099 0.5655021923960353 408
1694676406217 0.5655740594118642 409
1694676407317 0.5654771235763326 410
1694676408446 0.5655397835287284 411
1694676409567 0.5654659051492315 412
1694676410736 0.5655199491106525 413
1694676411872 0.5654620872227243 414
1694676413101 0.5655085962685596 415
1694676414269 0.5654620456190973 416
1694676415494 0.565502192395186 417
1694676416667 0.5655740594108954 418
1694676418082 0.5654771235755992 419
1694676419299 0.5655397835278815 420
1694676420468 0.565465905148598 421
1694676421638 0.5655199491099112 422
1694676422792 0.5654620872221745 423
1694676423886 0.56550859626791 424
1694676424994 0.5654620456186216 425
1694676426185 0.5655021923946159 426
1694676427299 0.5655740594102453 427
1694676428428 0.565477123575108 428
1694676429575 0.5655397835273137 429
1694676430707 0.5654659051481719 430
1694676431794 0.5655199491094163 431
1694676433120 0.5654620872218084 432
1694676434333 0.565508596267478 433
1694676435434 0.5654620456183042 434
1694676436651 0.5655021923942355 435
1694676437859 0.5655740594098115 436
1694676438967 0.5654771235747804 437
1694676440136 0.5655397835269366 438
1694676441342 0.565465905147891 439
1694676442567 0.5655199491090867 440
1694676443869 0.5654620872215639 441
1694676445104 0.5655085962671889 442
1694676446266 0.5654620456180925 443
1694676447411 0.5655021923939824 444
1694676448562 0.5655740594095237 445
1694676449828 0.5654771235745619 446
1694676451052 0.5655397835266829 447
1694676452163 0.5654659051477002 448
1694676453344 0.5655199491088637 449
1694676454561 0.5654620872213979 450
1694676455686 0.5655085962669926 451
1694676456823 0.5654620456179482 452
1694676457986 0.5655021923938104 453
1694676459144 0.5655740594093283 454
1694676460306 0.5654771235744142 455
1694676461458 0.5655397835265138 456
1694676462640 0.5654659051475746 457
1694676463735 0.5655199491087181 458
1694676464939 0.5654620872212895 459
1694676466179 0.5655085962668633 460
1694676467323 0.5654620456178527 461
1694676468471 0.5655021923936955 462
1694676469675 0.5655740594091968 463
1694676470841 0.5654771235743167 464
1694676471962 0.5655397835264009 465
1694676473127 0.5654659051474898 466
1694676474273 0.5655199491086191 467
1694676475501 0.5654620872212163 468
1694676476696 0.5655085962667769 469
1694676478069 0.5654620456177897 470
1694676479198 0.5655021923936204 471
1694676480341 0.5655740594091114 472
1694676481745 0.5654771235742507 473
1694676482885 0.5655397835263255 474
1694676484006 0.5654659051474343 475
1694676485129 0.5655199491085521 476
1694676486331 0.5654620872211675 477
1694676487532 0.56550859626672 478
1694676488664 0.5654620456177492 479
1694676489897 0.5655021923935704 480
1694676491060 0.565574059409053 481
1694676492163 0.5654771235742075 482
1694676493307 0.5655397835262743 483
1694676494481 0.5654659051473946 484
1694676495564 0.5655199491085077 485
1694676496721 0.5654620872211334 486
1694676498007 0.5655085962666789 487
1694676499075 0.5654620456177177 488
1694676500193 0.5655021923935345 489
1694676501349 0.5655740594090141 490
1694676502554 0.565477123574177 491
1694676503794 0.5655397835262409 492
1694676505065 0.565465905147369 493
1694676506253 0.565519949108477 494
1694676507379 0.5654620872211121 495
1694676508576 0.5655085962666557 496
1694676510149 0.5654620456177027 497
1694676511303 0.5655021923935153 498
1694676512497 0.565574059408991 499
