1694689873917 0.21802763290730207 0
1694689875072 0.07573531705445809 1
1694689876263 0.08659288207085235 2
1694689877765 0.11988748971225538 3
1694689879376 0.1955015728914636 4
1694689881492 0.08953272788131188 5
1694689883457 0.09943170024828632 6
1694689884749 0.1312176061605505 7
1694689886084 0.09378076535058293 8
1694689887395 0.08496293731202266 9
1694689889063 0.10063156983561951 10
1694689890275 0.14172704585967222 11
1694689891457 0.11957048617479445 12
1694689892759 0.15129564241859783 13
1694689894065 0.08252306641240337 14
1694689895522 0.10330932317246891 15
1694689896928 0.09939347351936405 16
1694689898512 0.0808733122311017 17
1694689899769 0.12051039338028963 18
1694689900940 0.10646905684164508 19
1694689902114 0.0761220976361439 20
1694689903388 0.06236352032805821 21
1694689904776 0.13964830445431026 22
1694689905962 0.12147512720263393 23
1694689907118 0.1377174376002804 24
1694689908306 0.08826922398253183 25
1694689909795 0.09570684921598233 26
1694689911452 0.11187756881336411 27
1694689912894 0.1557688758225133 28
1694689914380 0.1994647695917429 29
1694689916204 0.12322362402949702 30
1694689917896 0.1289882790025216 31
1694689919636 0.14760392864694294 32
1694689921044 0.12492653368917983 33
1694689922186 0.06395800309733689 34
1694689923332 0.11307099598425824 35
1694689924572 0.08384366571621626 36
1694689926368 0.09095984614869529 37
1694689928216 0.1336374963016691 38
1694689929618 0.11763629992603326 39
1694689931106 0.10046875015151517 40
1694689932618 0.09553433892602016 41
1694689933943 0.11790257017434688 42
1694689935355 0.0959377982321075 43
1694689936664 0.11982125235621657 44
1694689937921 0.15870830702772262 45
1694689939214 0.1012658216474139 46
1694689940440 0.09880820301277825 47
1694689941799 0.07836382287394582 48
1694689943114 0.09293320468583059 49
1694689944340 0.15281002868303376 50
1694689945644 0.17092562361758326 51
1694689946796 0.16693649060304241 52
1694689948299 0.13931735136977105 53
1694689949634 0.13697392691943128 54
1694689950855 0.11789250756967898 55
1694689952153 0.12012048453606727 56
1694689953321 0.17050738625673578 57
1694689954483 0.11827498855931537 58
1694689955741 0.1272366885488911 59
1694689957017 0.21685100430480195 60
1694689958086 0.1392206397883504 61
1694689959222 0.11590482329651959 62
1694689960384 0.143602931217311 63
1694689961748 0.1862586356198573 64
1694689962990 0.11772388769822643 65
1694689964499 0.10125577493437574 66
1694689966298 0.05548972528529115 67
1694689967567 0.08659569191746011 68
1694689969270 0.10869119169489547 69
1694689971191 0.10912722238087798 70
1694689973114 0.11667463488059837 71
1694689974558 0.11301205359433732 72
1694689975728 0.12328039593319426 73
1694689978090 0.10634240239162422 74
1694689979906 0.08505565837048168 75
1694689981631 0.2189958708564317 76
1694689982869 0.08013431536319371 77
1694689984483 0.08964012795735178 78
1694689986139 0.1861166550841097 79
1694689987502 0.1491398013697829 80
1694689988932 0.1483576001870134 81
1694689990302 0.11125136326389543 82
1694689991325 0.10142094523988575 83
1694689992630 0.16165898358370606 84
1694689993748 0.15122177491628164 85
1694689994865 0.09540375804454035 86
1694689996039 0.07626892731424828 87
1694689997562 0.13058660216926865 88
1694689999578 0.08919164887666102 89
1694690001195 0.07754109739325785 90
1694690002468 0.11638165344285062 91
1694690003733 0.09419663165447625 92
1694690005131 0.11872034873522519 93
1694690006380 0.10649401452344677 94
1694690007602 0.10331999041427276 95
1694690008961 0.14005799223786208 96
1694690010275 0.08774110329813407 97
1694690011592 0.15149886009270078 98
1694690013112 0.10330284234337522 99
1694690014558 0.11017675826407766 100
1694690015851 0.1288445833917175 101
1694690017561 0.0949115359123013 102
1694690018838 0.09646628097658866 103
1694690021015 0.10050826026487197 104
1694690022574 0.11185425309539465 105
1694690023869 0.15071955669062378 106
1694690025067 0.10301584537126654 107
1694690026265 0.11607577715311654 108
1694690028209 0.08350192117760562 109
1694690030149 0.05710405835916566 110
1694690031443 0.07979042394503673 111
1694690032752 0.12612632759958167 112
1694690034063 0.07946116815067118 113
1694690035219 0.1435577471941811 114
1694690036381 0.11090706350208308 115
1694690037652 0.14846004976992416 116
1694690039042 0.07950805307365819 117
1694690040300 0.12004396872302298 118
1694690041508 0.1507330015926162 119
1694690042872 0.15897332973384207 120
1694690044118 0.13141533935342634 121
1694690045805 0.06841152330294054 122
1694690047278 0.1621994080763449 123
1694690048601 0.11976754388534717 124
1694690050072 0.07079406886744874 125
1694690051169 0.10823418541343008 126
1694690052870 0.13901946936585724 127
1694690055645 0.11540442595530431 128
1694690061606 0.11921577047671908 129
1694690063792 0.10415761325636223 130
1694690065438 0.07756515507400696 131
1694690066559 0.07377369449479473 132
1694690067844 0.12035137055393794 133
1694690069697 0.07866024194687384 134
1694690071194 0.15092979811180124 135
1694690072723 0.09779768428831354 136
1694690073954 0.11324322911886171 137
1694690075470 0.13110976843196057 138
1694690077015 0.15345273000874798 139
1694690078632 0.11115591203259009 140
1694690079962 0.11486266822646223 141
1694690081341 0.09119974274631067 142
1694690082501 0.07890214204987778 143
1694690083706 0.12041113153654183 144
1694690084926 0.10700690278556262 145
1694690086080 0.08857510227081748 146
1694690087424 0.19963911966494582 147
1694690088645 0.1110686574386897 148
1694690089974 0.1244005281996416 149
1694690091243 0.14863382733553726 150
1694690092604 0.1290953229498993 151
1694690093894 0.08485476544383523 152
1694690095608 0.10008763692505784 153
1694690096997 0.11262686929753929 154
1694690098170 0.16623980209540917 155
1694690100252 0.11092366835208116 156
1694690102370 0.11990030717750909 157
1694690104096 0.11287898804189556 158
1694690105627 0.12366705929417629 159
1694690106864 0.11206364387709561 160
1694690108242 0.13081547426331813 161
1694690109679 0.21468166866984392 162
1694690112074 0.08211619108087521 163
1694690113383 0.08699118253094716 164
1694690114589 0.09332427583694225 165
1694690115789 0.1198143945805679 166
1694690117098 0.08220618100719002 167
1694690118371 0.07277542709715068 168
1694690119527 0.18506902808952408 169
1694690120823 0.11874281823480726 170
1694690121932 0.1134028445281303 171
1694690123282 0.1858030480212047 172
1694690124916 0.15318516605562843 173
1694690127044 0.13787696362294427 174
1694690128821 0.10510388384056757 175
1694690130764 0.10093060833841966 176
1694690133141 0.15276996085990566 177
1694690135133 0.11364210705935288 178
1694690137046 0.08274269163901007 179
1694690138980 0.124503836174249 180
1694690140439 0.0965116578736563 181
1694690142183 0.1273153212705 182
1694690143974 0.0885606022423469 183
1694690146171 0.07918343267300668 184
1694690147856 0.09499590458486527 185
1694690149383 0.09011249520304397 186
1694690150860 0.08785440069251513 187
1694690152350 0.178513170229395 188
1694690153786 0.09763548911256781 189
1694690155191 0.1342112191461644 190
1694690156683 0.06285841133752999 191
1694690157978 0.05468072994454865 192
1694690159693 0.2191517257499501 193
1694690160999 0.06251256221801707 194
1694690162593 0.12979288029409855 195
1694690163830 0.08336697330130602 196
1694690165277 0.10637289464438913 197
1694690166460 0.13004511354942913 198
1694690167677 0.13381582217648827 199
1694690168895 0.09269944020475689 200
1694690170511 0.17917062185238714 201
1694690172226 0.13749331316703173 202
1694690173685 0.10095920023414466 203
1694690175415 0.09285822649821364 204
1694690177319 0.109964130427431 205
1694690178801 0.08540244518521639 206
1694690180342 0.07267180800525357 207
1694690181763 0.06615415551591859 208
1694690183530 0.10966133564928718 209
1694690185279 0.06315181721752806 210
1694690186656 0.11443839493332744 211
1694690187937 0.1450684182402223 212
1694690189482 0.10882520572258503 213
1694690191647 0.10717729219874504 214
1694690193543 0.1498672646088371 215
1694690195028 0.10298383283016962 216
1694690196551 0.10139307732679281 217
1694690198634 0.1280151433203147 218
1694690200380 0.1351573266356679 219
1694690202112 0.1288506730933024 220
1694690203520 0.13638928159522964 221
1694690204847 0.10460931360818755 222
1694690206164 0.12730310934976002 223
1694690207786 0.136631912571382 224
1694690209628 0.11387096955828804 225
1694690211476 0.11063583255629618 226
1694690213231 0.1045730502903911 227
1694690214554 0.1054441980904299 228
1694690216048 0.09718992982400353 229
1694690217736 0.10196531392232293 230
1694690220511 0.14896581131162256 231
1694690223126 0.11696982999020905 232
1694690224617 0.1710415213073449 233
1694690226113 0.14277429359391458 234
1694690227313 0.09597159773604282 235
1694690228669 0.10839206573650738 236
1694690229919 0.13805513876646558 237
1694690231292 0.11565615374874896 238
1694690232529 0.11361883545289221 239
1694690233977 0.09919826501786794 240
1694690235197 0.1114432301496589 241
1694690236466 0.13307709384793392 242
1694690237849 0.13018578709532605 243
1694690238943 0.2202865134090245 244
1694690240230 0.09781967615606604 245
1694690241434 0.07339177731967754 246
1694690242647 0.072485051506503 247
1694690243880 0.1195083275145457 248
1694690245057 0.10741015147090692 249
1694690246386 0.1286233606416268 250
1694690248170 0.10139079395197964 251
1694690250443 0.12148044377256469 252
1694690252091 0.13518076351916716 253
1694690254214 0.10314438764319354 254
1694690256575 0.10646279649885364 255
1694690258519 0.11779518608129826 256
1694690260017 0.09833296112117809 257
1694690261872 0.09033100948965966 258
1694690263309 0.14725832104287034 259
1694690264907 0.13849361282448264 260
1694690266635 0.12571198565901043 261
1694690267987 0.12993010667919203 262
1694690269471 0.06906614553166186 263
1694690270930 0.09858150557838394 264
1694690272383 0.15071844294782374 265
1694690273928 0.08782036167637643 266
1694690275141 0.08007239972227749 267
1694690276612 0.08989114632088294 268
1694690278157 0.06962773943511182 269
1694690279846 0.12207667699067573 270
1694690281346 0.11474070888054495 271
1694690282765 0.22477826910784018 272
1694690284273 0.13487367966714214 273
1694690285752 0.13728852035170683 274
1694690287011 0.12764513792463922 275
1694690288261 0.06048519421621725 276
1694690289803 0.09561555544351243 277
1694690291117 0.14267035848511544 278
1694690292379 0.09902074911563849 279
1694690293765 0.10343240271415655 280
1694690294936 0.10899591989235388 281
1694690296144 0.12337263763146758 282
1694690297578 0.11267424624592066 283
1694690298932 0.08294588737052278 284
1694690300160 0.13535274888767623 285
1694690301624 0.21181300545107576 286
1694690302891 0.13956541862206936 287
1694690304126 0.11872767164360971 288
1694690305510 0.09358010758446841 289
1694690306808 0.11681199839645028 290
1694690307975 0.1446422602525052 291
1694690309389 0.080742728870719 292
1694690311236 0.09658796511522712 293
1694690312838 0.10272195331902811 294
1694690314448 0.11449892576012768 295
1694690315953 0.11759289071555118 296
1694690317623 0.09163364844371262 297
1694690318969 0.12248024547731537 298
1694690320221 0.08489835758745565 299
