1694345162914 -5.197038725096411 0
1694345163590 -4.648780959247225 1
1694345164204 -4.1658723221724285 2
1694345164724 -7.297833896565171 3
1694345165321 -4.524690663763456 4
1694345165923 -4.335510146278256 5
1694345166494 -8.24542027898665 6
1694345167073 -3.483310221020419 7
1694345168152 -10.598808956859852 8
1694345169181 -5.76931908486496 9
1694345170204 -5.39858830045433 10
1694345170906 -3.916272172478637 11
1694345171607 -8.10510898323626 12
1694345172292 -6.294587649798915 13
1694345172778 -13.210374735970657 14
1694345173205 -4.642367895972667 15
1694345173664 -5.693262768495228 16
1694345174124 -5.605216705103791 17
1694345174668 -7.554023553705726 18
1694345175362 -6.745627768531068 19
1694345176069 -9.27416176482853 20
1694345176620 -8.536487794014818 21
1694345177129 -8.5800341914625 22
1694345177805 -3.8679728382345466 23
1694345178615 -3.7970419248335556 24
1694345179293 -9.262316791816142 25
1694345179981 -5.756261266733084 26
1694345180787 -8.918791303181871 27
1694345181321 -4.262037858506957 28
1694345181820 -3.038795274259175 29
1694345182369 -5.911169481303965 30
1694345182858 -5.486919697845701 31
1694345183379 -7.751732611297012 32
1694345183904 -5.2692846281722 33
1694345184365 -7.287943976419923 34
1694345184818 -5.8828314538571504 35
1694345185257 -4.7645054293522024 36
1694345185701 -8.168022671017976 37
1694345186146 -5.673444041133979 38
1694345186606 -5.29871764158265 39
1694345187060 -6.0560158726399145 40
1694345187561 -8.009201131765007 41
1694345188103 -4.573162394379102 42
1694345188584 -5.1212231940828 43
1694345188981 -4.7091170374528115 44
1694345189355 -6.014600329823977 45
1694345189733 -11.32641931229674 46
1694345190142 -7.5545121914315825 47
1694345190794 -6.259742641614628 48
1694345191310 -5.943590276416203 49
1694345191822 -10.953547091607685 50
1694345192287 -7.758089054427284 51
1694345192721 -6.0942286032347655 52
1694345193160 -5.585446081591959 53
1694345193598 -8.015108991817092 54
1694345194191 -5.087919066546407 55
1694345194712 -4.555701866558794 56
1694345195275 -10.124416447406132 57
1694345195774 -5.700931797182841 58
1694345196258 -3.200027154383961 59
1694345196702 -5.816359571220967 60
1694345197141 -10.968078216246774 61
1694345197573 -5.971044841640879 62
1694345198180 -4.388546771799869 63
1694345198768 -3.993195986032318 64
1694345199353 -7.862686855612015 65
1694345199927 -5.106370407448536 66
1694345200406 -5.507228738579769 67
1694345200928 -7.2181662068377825 68
1694345201420 -8.726943985628036 69
1694345201895 -4.258612704693666 70
1694345202536 -4.902019030327551 71
1694345203954 -6.245979053927018 72
1694345204823 -5.521897276868887 73
1694345206598 -5.758667910013611 74
1694345207529 -3.7695586564686057 75
1694345208347 -5.068661067088442 76
1694345209025 -6.182280468386722 77
1694345209548 -6.203670500622276 78
1694345210046 -3.4526088946782023 79
1694345210670 -5.563609175778288 80
1694345211276 -6.1018317434844604 81
1694345212197 -3.9612623466606607 82
1694345212815 -5.709518552708807 83
1694345213556 -2.875460002216248 84
1694345214326 -4.144196900396889 85
1694345215105 -8.335449951784167 86
1694345216006 -4.704809881185401 87
1694345216804 -7.74928520184219 88
1694345217396 -7.130761634806108 89
1694345217946 -7.376709348793344 90
1694345218452 -5.894155647079511 91
1694345218951 -7.479289144209538 92
1694345219424 -7.5655219744501725 93
1694345219881 -7.6916422930454065 94
1694345220346 -6.007975093961441 95
1694345220805 -8.338827866727922 96
1694345221425 -7.502112570678509 97
1694345222227 -3.980797898078884 98
1694345222856 -5.097818550872537 99
1694345223653 -2.6519139802695793 100
1694345224396 -7.312144967044638 101
1694345224978 -10.071652998480092 102
1694345226011 -5.7031821690936875 103
1694345226613 -8.009652517346376 104
1694345229371 -8.63465314966514 105
1694345231388 -9.569743731845138 106
1694345232346 -4.320421361256848 107
1694345233300 -4.7592649217849115 108
1694345234408 -4.752739629990442 109
1694345235146 -8.904562983214783 110
1694345235768 -6.664738811458191 111
1694345236356 -4.704919239151801 112
1694345236834 -6.427154487110701 113
1694345237375 -6.758425199673319 114
1694345237860 -7.820672276229688 115
1694345238519 -9.739332671069963 116
1694345239244 -6.659957014626396 117
1694345240033 -11.81971184370254 118
1694345240790 -4.806921212953347 119
1694345241693 -7.089358032383993 120
1694345242464 -4.593201730873118 121
1694345243039 -7.51044110323655 122
1694345243607 -4.108574020303653 123
1694345244132 -4.964740651037078 124
1694345244585 -7.83659322813366 125
1694345245047 -6.394552435643826 126
1694345245487 -8.616257046987322 127
1694345245910 -5.188776585195141 128
1694345246331 -5.694586251569791 129
1694345246793 -5.384360197391182 130
1694345247297 -5.926483085396231 131
1694345247948 -8.656644253064238 132
1694345248549 -4.8505767049141655 133
1694345249034 -5.098731449935831 134
1694345249429 -11.482138556843678 135
1694345249809 -6.82081666686157 136
1694345250224 -5.643082109868001 137
1694345250603 -4.130476475024935 138
1694345250996 -4.416369800901099 139
1694345251411 -8.087297397537993 140
1694345251802 -5.0957078653639645 141
1694345252230 -3.8007554749227905 142
1694345252695 -4.965464315871525 143
1694345253095 -10.509313982683944 144
1694345253549 -8.044384816585099 145
1694345253996 -6.9503136935608305 146
1694345254513 -9.079497630165658 147
