1694684146861 169.01027075332078 0
1694684148092 154.8004089232216 1
1694684149468 132.1844212958984 2
1694684150737 108.4410689992753 3
1694684151947 89.52156893446731 4
1694684153256 78.2851715065748 5
1694684154487 74.2048952230513 6
1694684155817 74.35312041819661 7
1694684157290 75.04435107096022 8
1694684158484 73.39509998085869 9
1694684159754 68.24107280439392 10
1694684161036 60.204488028689184 11
1694684162228 51.064144638109084 12
1694684163561 42.81181861150534 13
1694684164873 36.819462184712116 14
1694684166333 33.41443655542587 15
1694684168035 31.9454800452397 16
1694684169311 31.2183086494126 17
1694684170499 30.06165328293928 18
1694684171719 27.780319072291597 19
1694684173055 24.341221954137353 20
1694684174310 20.269522276150784 21
1694684176065 16.347202539655832 22
1694684177814 13.264990660262995 23
1694684179058 11.368828796185728 24
1694684180318 10.580556505207085 25
1694684181528 10.492057683073888 26
1694684182785 10.566725838413532 27
1694684183954 10.353638530215797 28
1694684185215 9.632194908026486 29
1694684186435 8.445954159949364 30
1694684187717 7.033320561551447 31
1694684188961 5.699738926200105 32
1694684190201 4.689540235737683 33
1694684191392 4.104862987587929 34
1694684192637 3.892703374942773 35
1694684193863 3.891903862115412 36
1694684195073 3.9112253695246793 37
1694684196280 3.803642660103024 38
1694684197463 3.510106167890903 39
1694684198674 3.062511667842253 40
1694684199890 2.5527521647961757 41
1694684201105 2.085982247631165 42
1694684202337 1.7385376950219464 43
1694684203528 1.5351896096398656 44
1694684204753 1.450294364963202 45
1694684206016 1.4275615928675223 46
1694684207264 1.4072353901251702 47
1694684208587 1.3489312945873746 48
1694684209841 1.242354087994613 49
1694684211082 1.1042566857222709 50
1694684212449 0.9655556718312355 51
1694684213803 0.8555075850803585 52
1694684215059 0.7896361121496452 53
1694684216330 0.7653800439407655 54
1694684217610 0.7657159505378717 55
1694684218868 0.7678977591261414 56
1694684220071 0.7530154607590445 57
1694684221353 0.7125402708370414 58
1694684222536 0.6498621636613912 59
1694684223790 0.577086300921674 60
1694684225126 0.5091041268390712 61
1694684226371 0.4576262516943443 62
1694684227624 0.427402768231032 63
1694684229104 0.41564403106089287 64
1694684230599 0.41428428203964696 65
1694684232602 0.41374397146616176 66
1694684235470 0.4065414686875115 67
1694684238209 0.3894679187612999 68
1694684240768 0.3638099459554622 69
1694684243901 0.3339201819307251 70
1694684246494 0.3049838903244099 71
1694684249337 0.28095864663507497 72
1694684252191 0.26340604121422234 73
1694684255121 0.25146048810447463 74
1694684257522 0.2427088807871875 75
1694684259301 0.23446131412034826 76
1694684261188 0.22485223075999589 77
1694684263238 0.21338888403310977 78
1694684265755 0.20085045523048406 79
1694684268978 0.18870741816373257 80
1694684271628 0.17838036148227235 81
1694684274311 0.1706566371315815 82
1694684276956 0.16546137055226814 83
1694684279462 0.16200603264225896 84
1694684282431 0.15918856080055274 85
1694684285077 0.15604597728468372 86
1694684287872 0.15207690854242373 87
1694684290511 0.1473342848005504 88
1694684292846 0.14229394110252255 89
1694684295191 0.13758870538956805 90
1694684297722 0.13373213207458257 91
1694684299942 0.13093740218480773 92
1694684302293 0.12908194794744127 93
1694684304678 0.1278044929183387 94
1694684306664 0.1266740882714627 95
1694684308660 0.12535494650640924 96
1694684310408 0.12370651515513209 97
1694684311879 0.12179358273107124 98
1694684313688 0.11981936380234359 99
1694684315503 0.11802068938222211 100
1694684317014 0.11657111398216084 101
1694684318346 0.1155261297611761 102
1694684319631 0.11482255500352598 103
1694684321173 0.11432178416410267 104
1694684322725 0.11387234039880491 105
1694684324155 0.11336480881578198 106
1694684325728 0.11276034187390833 107
1694684327262 0.11208746509033492 108
1694684329065 0.11141476408356284 109
1694684330727 0.11081453003749155 110
1694684332086 0.11033281659534594 111
1694684333390 0.10997586445507639 112
1694684335348 0.10971469087169711 113
1694684337310 0.10950240924129687 114
1694684339046 0.10929508503483491 115
1694684340282 0.10906739411828437 116
1694684341511 0.10881803819662163 117
1694684342782 0.10856477067831961 118
1694684344022 0.10833290491822936 119
1694684345360 0.10814295738008187 120
1694684346650 0.10800236774489604 121
1694684347964 0.10790377430790479 122
1694684349206 0.10782936876368888 123
1694684350405 0.10775862111022985 124
1694684351768 0.10767586543052747 125
1694684353575 0.10757490914633235 126
1694684355116 0.10745944808803609 127
1694684356934 0.10733985372914653 128
1694684358884 0.10722814721721684 129
1694684360559 0.10713331856079537 130
1694684361927 0.10705862734245176 131
1694684363501 0.10700148920442881 132
1694684365016 0.1069554897615169 133
1694684366611 0.10691337539927011 134
1694684368153 0.10686973561375603 135
1694684369824 0.10682245785212884 136
1694684371234 0.10677267087791233 137
1694684372737 0.10672350847061234 138
1694684374097 0.10667839632384589 139
1694684375392 0.10663960074982903 140
1694684376790 0.10660753048829108 141
1694684378060 0.10658090058664334 142
1694684379309 0.10655751984318207 143
1694684380582 0.10653527448243487 144
1694684381793 0.10651289069078952 145
1694684383298 0.1064902249005902 146
1694684384790 0.1064680600835585 147
1694684386351 0.10644757975632683 148
1694684387678 0.1064297824729687 149
1694684389008 0.10641507326626881 150
1694684390401 0.1064031570563002 151
1694684391764 0.10639322081735003 152
1694684393064 0.1063842837311135 153
1694684394275 0.10637555268281292 154
1694684395469 0.1063666478933398 155
1694684396747 0.10635763698250313 156
1694684398124 0.10634889904310559 157
1694684399380 0.10634090017441218 158
1694684400592 0.10633398018852024 159
1694684401793 0.1063282277176574 160
1694684402991 0.10632347371924519 161
1694684404241 0.10631938370030586 162
