1694715127556 36.14939817809167 0
1694715130599 20.721463275802744 1
1694715135099 8.873588750754854 2
1694715139951 6.955135788137521 3
1694715142980 2.881867354091997 4
1694715144837 0.9212580107630514 5
1694715146501 1.8081636140307218 6
1694715148713 1.3160525059200443 7
1694715150862 1.5142255253292345 8
1694715153831 0.43120910129059303 9
1694715157524 0.60999502907296 10
1694715172189 0.4008097620439492 11
1694715194061 0.1799268327706199 12
1694715206580 0.14133309195619936 13
1694715285424 0.17508866073233717 14
1694715325493 0.04784518642113103 15
1694715332187 0.11677111893261616 16
1694715338321 0.17826055256170803 17
1694715366166 0.0761388065334177 18
1694715368873 0.1603925666591236 19
1694715370470 0.10664005916207839 20
1694715372176 0.1319044705230567 21
1694715374608 0.1170201242550126 22
1694715377270 0.08162691391272248 23
1694715380228 0.1345700126206771 24
1694715382511 0.06460097940092988 25
1694715384950 0.028506330298640043 26
1694715386937 0.11539125087414587 27
1694715388862 0.0954614514967192 28
1694715390668 0.10177687979325173 29
1694715392804 0.18052568319009907 30
1694715395099 0.07178979667642876 31
1694715397591 0.05915009397379764 32
1694715399478 0.1252661724790129 33
1694715401434 0.12918164448326824 34
1694715403210 0.081961904673941 35
1694715405432 0.09731885815326108 36
1694715407382 0.09531851319282181 37
