1694620577382 168.54379126551402 0
1694620578644 165.19807082103898 1
1694620579936 158.98123743511965 2
1694620581260 150.4053055140903 3
1694620582498 140.00221953291933 4
1694620583681 128.2968632653049 5
1694620584880 115.78566814220147 6
1694620586320 102.92063974118894 7
1694620587678 90.09831279815002 8
1694620588828 77.65325781940594 9
1694620590178 65.8553996386564 10
1694620591506 54.91042013097535 11
1694620592738 44.96284847236268 12
1694620593914 36.1010543739864 13
1694620595135 28.3636032950483 14
1694620596302 21.74645227652158 15
1694620597531 16.21044637464819 16
1694620598754 11.68916377044673 17
1694620599952 8.095938694157754 18
1694620601157 5.330685340803396 19
1694620602434 3.285925494373688 20
1694620603840 1.8519963958403955 21
1694620605228 0.9213842894015769 22
1694620606499 0.3921747587638783 23
1694620607716 0.17064824015694777 24
1694620608913 0.1730780923579832 25
1694620610386 0.32680974355770653 26
1694620611720 0.5707133786186919 27
1694620612900 0.8551101972180165 28
1694620614158 1.1412743802802747 29
1694620615495 1.4006105083895803 30
1694620616881 1.6136002372685418 31
1694620618116 1.768531322550028 32
1694620619305 1.8604612750660123 33
1694620620523 1.8896893629449816 34
1694620621803 1.860614735884523 35
1694620623099 1.7805893619621214 36
1694620624308 1.6588848551688122 37
1694620625484 1.5057922548950684 38
1694620626766 1.3318235620776304 39
1694620628059 1.1471999131119968 40
1694620629320 0.9613511549562633 41
1694620630531 0.7825007692691074 42
1694620631713 0.6175016927621427 43
1694620632899 0.4717265621917591 44
1694620634253 0.34903038546715964 45
1694620635449 0.2518464645449334 46
1694620636643 0.18127614006260426 47
1694620637807 0.13721096919224285 48
1694620639029 0.11852692472789518 49
1694620640247 0.12329088633166126 50
1694620641504 0.14894039616566138 51
1694620642678 0.19246875445918374 52
1694620643882 0.2506098544472341 53
1694620645042 0.3199965281461799 54
1694620646445 0.397294354443922 55
1694620647651 0.479317991500784 56
1694620648845 0.5631217229263737 57
1694620650116 0.6460582078020434 58
1694620651298 0.7258385981031262 59
1694620652498 0.8005559393329406 60
1694620653674 0.8686925730212494 61
1694620654835 0.9291126044641811 62
1694620656002 0.9810346088565352 63
1694620657279 1.024012366786571 64
1694620658570 1.0578995444580168 65
1694620659742 1.082808287884976 66
1694620661075 1.0990701796711668 67
1694620662263 1.1071944664339388 68
1694620663632 1.1078264384331984 69
1694620664905 1.1016982400986108 70
1694620666174 1.0896059249998622 71
1694620667410 1.0723780481172585 72
1694620668604 1.050848235896982 73
1694620669796 1.0258401859126065 74
1694620671063 0.9981300339946577 75
1694620672342 0.9684442517611428 76
1694620673579 0.9374491305110554 77
1694620674789 0.9057438932281862 78
1694620675994 0.8738359973849148 79
1694620677217 0.8421774868722018 80
1694620678487 0.8111536100063805 81
1694620679719 0.7810852243777163 82
1694620680957 0.7522486694919829 83
1694620682169 0.7248411284657722 84
1694620683449 0.699010027455079 85
1694620684752 0.6748586587468064 86
1694620686038 0.652451845146283 87
1694620687256 0.6318214601550987 88
1694620688466 0.612944344724255 89
1694620689770 0.5957998792019416 90
1694620691029 0.5803525806062377 91
1694620692296 0.5665550751696535 92
1694620693592 0.5543700518758292 93
1694620694787 0.5437238104399968 94
1694620696043 0.5345385397166491 95
1694620697209 0.5267338698144319 96
1694620698492 0.5202280496245963 97
1694620699676 0.5149388183246028 98
1694620700912 0.5107840358077452 99
