1694720770503 3.7116961341778083 0
1694720772412 7.162747899526048 1
1694720774733 5.989191475671136 2
1694720776537 2.013078801568164 3
1694720778822 11.879258450430916 4
1694720780936 4.083706247413247 5
1694720783298 5.710489817304076 6
1694720785427 3.6203522593818356 7
1694720787531 3.30692699095871 8
1694720789486 4.823999730826338 9
1694720791848 4.397443486709181 10
1694720793921 3.1336318004391974 11
1694720796363 8.352986635414682 12
1694720798838 3.9182817217490675 13
1694720800784 5.260456363393271 14
1694720802924 5.2721183938129075 15
1694720804984 3.48084706039728 16
1694720807161 3.3288060146295932 17
1694720809283 4.147402821228165 18
1694720811619 4.457946240873023 19
1694720813960 2.8747080443919146 20
1694720816419 4.604068947921828 21
1694720818852 4.995877082307318 22
1694720820806 7.1875645865607405 23
1694720823138 2.528266085338223 24
1694720825037 4.947777027206168 25
1694720827096 5.274166398700729 26
1694720828890 4.558826351289121 27
1694720830947 12.639493280460108 28
1694720832835 3.339359875801723 29
1694720834820 2.701817145777729 30
1694720836878 10.729929237168083 31
1694720839048 3.8561066623728513 32
1694720841026 4.803794231335715 33
1694720843018 4.471728628316759 34
1694720844846 4.0508679483066565 35
1694720846996 3.916198309835527 36
1694720848879 2.4690019762654924 37
1694720850931 6.9561968675607995 38
1694720853234 6.305633191411074 39
1694720855331 4.2077638521226834 40
1694720857220 6.983974435484001 41
1694720859250 5.0940620467199444 42
1694720861100 4.148543693785195 43
1694720863258 5.971894457529548 44
1694720865237 5.0834628181183295 45
1694720867242 4.811749770583796 46
1694720869640 5.387203450608683 47
1694720871766 2.1043286032683266 48
1694720874095 3.7627872034209733 49
1694720876344 4.234470634958054 50
1694720878700 5.749535360900939 51
1694720880832 6.891200975501696 52
1694720883257 4.5820649068779735 53
1694720885206 5.35490729029816 54
1694720887320 5.109943200075998 55
1694720889365 6.549869762802739 56
1694720891479 7.0514862323465515 57
1694720893378 4.193784625062814 58
1694720895465 3.853624377741164 59
1694720897721 5.53551352415496 60
1694720899953 5.185592346480792 61
1694720902282 3.8335081514616465 62
1694720904373 3.4267026878731635 63
1694720906798 2.2395432725207747 64
1694720909193 4.841150551891505 65
1694720911432 4.795878332018479 66
1694720913430 5.5484965615919135 67
1694720916036 4.590846937984028 68
1694720918748 3.5968010021144687 69
1694720920819 4.113510877981185 70
1694720923186 5.409616552761365 71
1694720925670 4.328251563930476 72
1694720928282 8.747660946147167 73
1694720931594 9.949389419081191 74
1694720934583 4.120870779874561 75
1694720937322 3.4694328527171066 76
1694720939575 5.803301846645132 77
1694720942130 4.806402981808432 78
1694720944952 3.3508462405867454 79
1694720947248 4.147418690047488 80
1694720949408 2.2924886799071214 81
1694720951711 2.338030870631096 82
1694720954082 8.40319679755553 83
1694720956150 5.294905978750455 84
1694720958399 5.88866498409914 85
1694720960381 8.193085407606443 86
1694720962661 4.465679777311885 87
1694720964693 5.491550205783897 88
1694720967119 4.859797833946543 89
1694720969116 5.297786821757431 90
1694720971395 2.589749596750001 91
1694720973448 7.021975279487268 92
1694720975577 7.202640698636788 93
1694720977738 7.444216321841888 94
1694720979842 15.02291616182629 95
1694720982151 5.368966092073963 96
1694720984404 5.165068105387306 97
1694720986759 5.166835782363492 98
1694720988960 3.5956722797706435 99
