1694739236898 0.59656172991737 0
1694739240134 0.019896605770938786 1
1694739246202 0.03453145931681445 2
1694739248946 0.21879345390167818 3
1694739251781 0.9944745972222321 4
1694739254247 0.1948416006581998 5
1694739256766 0.0770547492035045 6
1694739259346 0.0014099249809300233 7
1694739262177 0.08133239911870456 8
1694739265057 0.017169342775053477 9
1694739267576 0.023074430461725727 10
1694739270133 0.017955795205760877 11
1694739274117 0.047254277626235616 12
1694739277241 0.0006967399786298976 13
1694739279379 0.0022248770936213703 14
1694739281559 0.020743887092262877 15
1694739284484 0.15597687267117422 16
1694739287382 0.004915714794131425 17
1694739290848 0.23248512746536867 18
1694739292816 0.2847087399176458 19
1694739295036 0.04831621844187352 20
1694739297258 0.052298802990944075 21
1694739299438 0.20729931500059035 22
1694739302926 0.030665883646744625 23
1694739306722 0.18144056284905508 24
1694739309296 0.5710313416216621 25
1694739312822 0.003861015222840467 26
1694739315196 0.8586599768564457 27
1694739317191 0.0972268944700587 28
1694739319561 0.0013145527740113549 29
1694739321972 0.1834595677175021 30
1694739325030 0.17155046293966686 31
1694739327717 0.2189945461239941 32
1694739329898 0.05843420123350068 33
1694739332102 0.20814829244054814 34
1694739334397 0.27939252351318006 35
1694739336275 0.045379472983862544 36
1694739338248 0.10995853937314325 37
1694739340195 0.013442295058727542 38
1694739342080 1.056913998659467 39
1694739344010 0.003373391569878412 40
1694739345856 0.6971638572281663 41
1694739347852 0.0001760147501432863 42
1694739349978 0.029262667725848453 43
1694739352908 0.24812806758035455 44
1694739355121 0.06475142872251849 45
1694739358054 0.07809356729664 46
1694739361637 0.0496538037410047 47
1694739364347 0.21773699766063867 48
1694739367616 0.011029086211818974 49
1694739370197 0.10199292176539104 50
1694739372620 0.008233253052572026 51
1694739374789 0.10610601210224128 52
1694739376876 0.09726946366011786 53
1694739378995 0.006474002406057768 54
1694739381090 0.10008478632487422 55
1694739383220 0.33958553902209 56
1694739385645 0.2986415242749728 57
1694739388316 0.015855467690633774 58
1694739390981 0.0047531954803449634 59
1694739393582 0.02322664839781554 60
1694739395973 0.041970933486201595 61
1694739398130 0.1913911050234779 62
1694739400626 0.07980627788287002 63
1694739403202 0.35865406473415795 64
1694739405249 0.00023961157559692362 65
1694739407686 0.0004048639652500816 66
1694739409787 0.004797083869188097 67
1694739413567 0.07958541322760948 68
1694739415971 0.153602466948721 69
1694739418798 0.0017362506320777562 70
1694739420828 0.07770598639765447 71
1694739422971 0.15787483987672835 72
1694739425974 2.7096753288546547e-07 73
1694739430824 0.4095429955119789 74
1694739434632 0.10824765982841422 75
1694739439229 0.1635507499828101 76
1694739442290 0.00024092743221277655 77
1694739444533 0.11652616121775675 78
1694739446986 0.029750918706884396 79
1694739449007 0.001998126514921244 80
1694739451275 0.0002850852444006248 81
1694739453499 0.003125116323759557 82
1694739455846 0.051865218967451394 83
1694739458056 0.18990481358009317 84
1694739460201 0.16616663189673284 85
1694739462535 0.40705520705390824 86
1694739464640 0.18047217440514024 87
1694739467000 0.02377886865232169 88
1694739469017 0.009299507481293575 89
1694739471257 0.001702900550070326 90
1694739473378 0.3754440081177704 91
1694739475719 0.10717292259777071 92
1694739477902 0.18335470034026166 93
1694739480093 0.36519571180895793 94
1694739482476 0.0005560828939695724 95
1694739484949 0.005570997477529121 96
1694739487509 0.03219552218835702 97
1694739489918 0.11213764830799001 98
1694739492067 0.0013033484076851022 99
