1694620432393 169.64084248330965 0
1694620433678 166.14321488542052 1
1694620434943 159.76652948682994 2
1694620436140 151.0269487698499 3
1694620437314 140.4592868345252 4
1694620438587 128.5903051964191 5
1694620439791 115.9181007283689 6
1694620441105 102.89631740483757 7
1694620442310 89.92315739850054 8
1694620443516 77.33515281365823 9
1694620444727 65.40451214733203 10
1694620446066 54.33961654039766 11
1694620447263 44.287963867282386 12
1694620448453 35.34096957363818 13
1694620449735 27.540134927126857 14
1694620451041 20.883894760360846 15
1694620452305 15.335274577233527 16
1694620453537 10.829426812475205 17
1694620454749 7.280434434447271 18
1694620456114 4.58811244917618 19
1694620457285 2.6439986573219967 20
1694620458604 1.3363355285480996 21
1694620459757 0.5549442941269297 22
1694620461006 0.1947648952591761 23
1694620462180 0.15806636305744878 24
1694620463397 0.35664632220235193 25
1694620464641 0.7130701201700504 26
1694620465971 1.1612902347955447 27
1694620467242 1.6467379267837872 28
1694620468468 2.125982038543926 29
1694620469747 2.5660485424779123 30
1694620471057 2.943299255429144 31
1694620472282 3.2427682236690107 32
1694620473624 3.4568798912532697 33
1694620474838 3.583836042186179 34
1694620476117 3.6266319217633063 35
1694620477395 3.591907507144615 36
1694620478702 3.488890426350204 37
1694620479912 3.32835445591294 38
1694620481138 3.122041586348071 39
1694620482521 2.881838260522631 40
1694620483968 2.6192518699707104 41
1694620485300 2.3448580202342653 42
1694620486502 2.0681066841026237 43
1694620487748 1.797125749459661 44
1694620489145 1.538612318580831 45
1694620490404 1.297832200492618 46
1694620491569 1.0786374732162032 47
1694620492833 0.8835554455074947 48
1694620494049 0.713858556561361 49
1694620495341 0.5697998763341089 50
1694620496521 0.4507699958106506 51
1694620497945 0.3554644098244582 52
1694620499134 0.28209319438639713 53
1694620500397 0.2284209311649612 54
1694620501633 0.19197781368645478 55
1694620502879 0.17018565406655617 56
1694620504036 0.1604655865034927 57
1694620505251 0.16024947071314355 58
1694620506537 0.16720076084590382 59
1694620507780 0.17920560944763703 60
1694620508968 0.1944572070676278 61
1694620510214 0.21133240454353042 62
1694620511442 0.22848370836479126 63
1694620512755 0.2448341103453353 64
1694620513979 0.2594987232522662 65
1694620515215 0.27189834501472915 66
1694620516403 0.28167341547891195 67
1694620517634 0.2886854405215099 68
1694620518932 0.29288551862421636 69
1694620520124 0.2943564393468537 70
1694620521376 0.29324943698353517 71
1694620522660 0.2898319749217947 72
1694620523865 0.2844387166469693 73
1694620525196 0.27739624804740676 74
1694620526540 0.2690466115382032 75
1694620527821 0.2597073534925397 76
1694620528979 0.2497030280675267 77
1694620530215 0.23933858563981164 78
1694620531428 0.2288904914597225 79
1694620532622 0.21858177025166706 80
1694620533812 0.20858938404564714 81
1694620535025 0.19906239173905385 82
1694620536172 0.19012090060318793 83
1694620537535 0.1818561779410849 84
1694620538771 0.17432299822273845 85
1694620539988 0.16753829569730513 86
1694620541336 0.16150431949192232 87
1694620542720 0.15621015731447524 88
1694620544243 0.15163342799398086 89
1694620545520 0.14771578140667116 90
1694620546784 0.1443972253110643 91
1694620548084 0.1416223006314467 92
1694620549437 0.13933996582053387 93
1694620550967 0.13750673583419598 94
1694620552132 0.13605975797983283 95
1694620553341 0.13494604467145851 96
1694620554605 0.13412134214320182 97
1694620555900 0.13352165742950806 98
1694620557162 0.1331030879515515 99
