1694693961329 1.2235114371410392 0
1694693962842 0.3575829341132359 1
1694693964323 0.13949881269625078 2
1694693965737 0.12196804155466025 3
1694693967260 0.23871876130187286 4
1694693968986 0.22510486459346732 5
1694693970376 0.14902838536647128 6
1694693971801 0.2737229718695705 7
1694693973425 0.19977898302681077 8
1694693975615 0.23563618755999557 9
1694693977810 1.6625175443061198 10
1694693980520 0.09367148895288112 11
1694693982767 0.19823995157983862 12
1694693985094 0.07826837769819281 13
1694693987220 0.09754574619970635 14
1694693988994 0.15645431355159548 15
1694693990371 0.09781804112597729 16
1694693991790 0.15932299712911882 17
1694693993427 0.14987219942806784 18
1694693995086 0.16063417699596236 19
1694693996760 0.09483776317434536 20
1694693998113 0.13288737945851664 21
1694693999832 0.12924244655520425 22
1694694001739 0.10717278415180444 23
1694694003167 0.11575935891945409 24
1694694004633 0.1827525735830875 25
1694694006016 0.11677307738803608 26
1694694007681 0.2634078968981049 27
1694694009273 0.10620906346315309 28
1694694010593 0.17571560085845359 29
1694694011986 0.1698774637092426 30
1694694013456 0.13615272597126352 31
1694694014869 0.09874826177518095 32
1694694016403 0.0842903604377343 33
1694694017739 0.15963179349947232 34
1694694019179 0.1346593721594798 35
1694694020588 0.12612257757332784 36
1694694021983 0.14962573619185301 37
1694694023378 0.09469293637370262 38
1694694024916 0.10613989708806171 39
1694694026320 0.10604257088388822 40
1694694027725 0.10756604543916677 41
1694694029130 0.10901961650767047 42
1694694030427 0.1036620609860898 43
1694694032179 0.09968652533155949 44
1694694034092 0.05521614747673791 45
1694694036380 0.12343295074915997 46
1694694038125 0.0732221445439504 47
1694694040474 0.2089235454285967 48
1694694042948 0.09868498741575771 49
1694694045524 0.19646332054387602 50
1694694047689 0.08110350423355296 51
1694694049986 0.1047868831339035 52
1694694052070 0.137628062755455 53
1694694054599 0.0875883708307599 54
1694694057180 0.2813421625345245 55
1694694058918 0.10775293580405534 56
1694694060925 0.13051643817780237 57
1694694062605 0.1309883148611082 58
1694694064431 0.1259764603215752 59
1694694066406 0.09215817751888578 60
1694694067675 0.0964886577554728 61
1694694068940 0.1114725621268328 62
1694694070044 0.1248789537720341 63
1694694071216 0.14193962492257758 64
1694694072248 0.24268833865931128 65
1694694073416 0.07171219399464994 66
1694694074575 0.08465335655456216 67
1694694075913 0.14071166860381862 68
1694694077216 0.07875057957295971 69
1694694078723 0.2020656960335025 70
1694694080090 0.14723158306798811 71
1694694081508 0.16079802542712207 72
1694694082839 0.14581851384285888 73
1694694084218 0.08431050409201725 74
1694694085402 0.15121000231903697 75
1694694086812 0.13014940242881304 76
1694694088034 0.13943402471144342 77
1694694089327 0.20626726242021004 78
1694694090622 0.10096469790313954 79
1694694091974 0.10774133610802991 80
1694694093468 0.12031147361667884 81
1694694094809 0.14021359915848852 82
1694694096308 0.10577556531096068 83
1694694097498 0.09143022781979616 84
1694694098687 0.08842201852037665 85
1694694100048 0.10537785505104048 86
1694694101346 0.11533182753815856 87
1694694102535 0.13611357557546142 88
1694694104024 0.16774220884141156 89
1694694105200 0.17674032572962303 90
1694694106309 0.09099390877046139 91
1694694107641 0.06557738720808906 92
1694694108885 0.09687371439218166 93
1694694110516 0.09194385307560271 94
1694694111952 0.26681880938855135 95
1694694113200 0.16247694547445463 96
1694694114571 0.18735181810505303 97
1694694115835 0.14823846133244703 98
1694694117243 0.10073933279578673 99
