1694343762526 -11.33801012636019 0
1694343762838 -4.504800301780174 1
1694343763210 -4.804725556326521 2
1694343763637 -5.945413712389416 3
1694343763980 -5.62100298966742 4
1694343764340 -10.891006497482723 5
1694343764775 -11.866897061264213 6
1694343765063 -6.2072652959220145 7
1694343765472 -4.941415925360842 8
1694343765890 -7.625745608899454 9
1694343766284 -6.441579651309793 10
1694343766677 -5.840399339380477 11
1694343767142 -5.132992856720288 12
1694343767462 -7.634633988909213 13
1694343767915 -7.421056526586417 14
1694343768238 -6.296657750957604 15
1694343768684 -7.836777812696019 16
1694343769131 -8.23341756785823 17
1694343769547 -6.740324328470644 18
1694343770057 -4.3239375950062335 19
1694343770344 -7.10069522398843 20
1694343770639 -7.372344867155256 21
1694343770939 -9.673321820052031 22
1694343771263 -8.591713350423806 23
1694343771563 -10.890471320516324 24
1694343771895 -8.334559731880233 25
1694343772223 -7.200450835619328 26
1694343772488 -4.964042364732419 27
1694343772746 -6.554887375017896 28
1694343773032 -4.91633637150919 29
1694343773413 -8.677289647181594 30
1694343773707 -8.85554270835093 31
1694343774010 -9.27600232452134 32
1694343774303 -5.14081464557004 33
1694343774617 -8.599253876223267 34
1694343774924 -9.184942511138507 35
1694343775226 -7.40105164221433 36
1694343775512 -6.823234388360938 37
1694343775796 -9.648167728748524 38
1694343776067 -8.392466928983495 39
1694343776372 -5.237475612915457 40
1694343776700 -6.354839361166871 41
1694343776980 -7.459693234290878 42
1694343777314 -5.455510311649805 43
1694343777610 -6.35502163486532 44
1694343777901 -9.02870803803478 45
1694343778178 -6.525181775184633 46
1694343778460 -6.840285657049256 47
1694343778718 -5.371139269356892 48
1694343779054 -4.871366686449377 49
1694343779362 -4.436339583456819 50
1694343779654 -7.292438841534588 51
1694343779959 -8.804319663277271 52
1694343780267 -7.392876845510244 53
1694343780566 -7.406884230677363 54
1694343780873 -4.994629012285376 55
1694343781224 -6.00815456402732 56
1694343781545 -4.772561460763237 57
1694343781861 -10.209007793780877 58
1694343782148 -3.9239765398546957 59
1694343782461 -6.367250452915423 60
1694343782737 -5.686538929404855 61
1694343783026 -5.989875463949051 62
1694343783337 -6.368076974200834 63
1694343783629 -5.51592126564582 64
1694343783905 -5.721905356547877 65
1694343784188 -5.4307219888494265 66
1694343784458 -5.416729340613283 67
1694343784757 -6.298698025700793 68
1694343785082 -4.679486793744896 69
1694343785400 -5.368801824501601 70
1694343785740 -3.867374120309745 71
1694343786014 -4.555821021425643 72
1694343786311 -3.8999257775058567 73
1694343786635 -5.942530672563841 74
1694343786903 -4.311577622371547 75
1694343787202 -6.468361312462852 76
1694343787441 -3.9667166624306454 77
1694343787650 -6.190783938739264 78
1694343787878 -4.010340963428248 79
1694343788096 -8.37614854322139 80
1694343788314 -4.629768855794432 81
1694343788542 -6.771707169903559 82
1694343788796 -19.498636420211408 83
1694343789177 -6.934057380964376 84
1694343789465 -6.991111081068994 85
1694343789913 -6.752868040547515 86
1694343790231 -4.094548445162183 87
1694343790596 -6.15709947234909 88
1694343791195 -11.31879238446615 89
1694343791494 -6.878985375320791 90
1694343791760 -6.877658259209175 91
1694343792024 -6.911566556092516 92
1694343792362 -6.297738866659088 93
1694343792684 -8.232257849317115 94
1694343792992 -5.389472748589831 95
1694343793313 -5.46862559466873 96
1694343793607 -5.126980757189036 97
1694343793912 -7.5773503249089735 98
1694343794212 -7.299000990182897 99
1694343794499 -6.54746842701081 100
1694343794789 -7.509887530277128 101
1694343795082 -4.510216571640718 102
1694343795361 -5.249602946341987 103
1694343795672 -6.800407216750297 104
1694343796073 -8.353481794848472 105
1694343796498 -5.6177694125523105 106
1694343796972 -7.991301423296791 107
1694343797442 -6.687762097731209 108
1694343797923 -5.370962261231466 109
1694343798395 -6.882777200357599 110
1694343798829 -6.777857697859715 111
1694343799247 -6.173613658747216 112
1694343799666 -7.060548041782107 113
1694343800101 -6.31383424015134 114
1694343800534 -5.5300913489728885 115
1694343800938 -14.127752520085254 116
1694343801357 -4.233085736886179 117
1694343801794 -7.972494800421032 118
1694343802231 -6.2125445837186115 119
1694343802654 -4.461293641433578 120
1694343803054 -6.641614618311684 121
1694343803427 -6.581845752995695 122
1694343803801 -5.24447393823451 123
1694343804181 -8.378269496353262 124
1694343804589 -6.285015601366662 125
1694343805021 -5.5513541754577425 126
1694343805440 -6.80653009505897 127
1694343805831 -7.454840771516283 128
1694343806217 -5.121755833598196 129
1694343806590 -5.725652005803702 130
1694343806990 -7.324584214368059 131
1694343807403 -7.477486628140667 132
1694343807804 -7.140050783428666 133
1694343808213 -6.031404678551499 134
1694343808599 -6.756215587758195 135
1694343809010 -6.007812329644268 136
1694343809416 -3.951092150714258 137
1694343809807 -9.93833304984447 138
1694343810187 -6.450830470094816 139
1694343810556 -5.55257200050636 140
1694343810919 -6.185118857951449 141
1694343811293 -5.760499836760204 142
1694343811650 -7.39440936048943 143
1694343812028 -6.89875190246859 144
1694343812409 -3.9626678916064817 145
1694343812789 -7.307346575727525 146
1694343813168 -7.469881696408656 147
1694343813535 -6.558783570242868 148
1694343813916 -6.079758134725897 149
1694343814298 -5.816882512207338 150
1694343814664 -3.986554371755111 151
1694343815013 -5.778412056543112 152
1694343815378 -6.690529689167702 153
1694343815723 -6.071184393598255 154
1694343816096 -8.776225340816008 155
1694343816472 -7.761762773884197 156
1694343816846 -12.21927559004415 157
1694343817234 -7.48291095235556 158
1694343817629 -3.5802354138023267 159
1694343818008 -4.075390298072199 160
1694343818375 -5.66753209908955 161
1694343818741 -4.312224375246718 162
1694343819104 -9.536964328819622 163
1694343819483 -4.633647697542996 164
1694343819845 -8.13623941912756 165
1694343820211 -9.363199203569827 166
1694343820589 -5.107619431903596 167
1694343820979 -4.207688531204248 168
1694343821357 -4.198779455530221 169
1694343821751 -9.775949120272125 170
1694343822217 -6.155084452940328 171
1694343822599 -5.938989405945893 172
1694343822994 -11.047846438522361 173
1694343823366 -3.9723684232723278 174
1694343823731 -4.815646505582576 175
1694343824099 -3.3937762407281493 176
1694343824515 -4.67302532543619 177
1694343824940 -7.811970398346098 178
1694343825361 -5.252639267202356 179
1694343825763 -8.900806579285742 180
1694343826141 -6.810234189416031 181
1694343826516 -6.788301033833072 182
1694343826890 -7.823422867974042 183
1694343827242 -8.171525440673093 184
1694343827618 -4.3385488651611865 185
1694343827984 -5.343527308656498 186
1694343828357 -7.603794961648616 187
1694343828715 -6.648722572170828 188
1694343829080 -7.60650531218929 189
1694343829455 -7.294764614061515 190
1694343829834 -4.177472505148032 191
1694343830197 -7.095294540526174 192
1694343830570 -11.179943634290195 193
1694343830917 -9.360026770890691 194
1694343831265 -5.886317816945906 195
1694343831619 -4.541011027856871 196
1694343831981 -6.563054517443094 197
1694343832360 -4.412952979466021 198
1694343832757 -7.467809169678244 199
1694343833128 -5.915409234331776 200
1694343833510 -5.094852039359495 201
1694343833848 -6.359130198662049 202
1694343834230 -4.781157870510125 203
1694343834596 -3.98907870724884 204
1694343834964 -7.427030956588387 205
1694343835340 -5.011244062516315 206
1694343835719 -4.28973487411946 207
1694343836091 -6.299107827351453 208
1694343836467 -4.827810044104158 209
1694343836872 -7.889312465503741 210
1694343837273 -8.466337017055082 211
1694343837684 -4.002346819481498 212
1694343838036 -7.013769646253291 213
1694343838381 -7.120940223149185 214
1694343838761 -7.781810929868644 215
1694343839120 -4.05291795653968 216
1694343839534 -9.999609761884148 217
1694343839937 -11.549400164439689 218
1694343840362 -10.29193624725976 219
1694343840764 -6.1053349201509075 220
1694343841175 -8.607592258808861 221
1694343841561 -4.862351364476273 222
1694343841945 -6.932441850671372 223
1694343842313 -5.94900051725731 224
1694343842672 -6.40965006782208 225
1694343843023 -6.313787701000207 226
1694343843396 -5.450714932113225 227
1694343843760 -4.933544099361888 228
1694343844145 -6.5769396497528625 229
1694343844550 -8.645486853437882 230
1694343844946 -11.583846540009201 231
1694343845310 -8.211635331082666 232
1694343845694 -4.576119519795759 233
1694343846104 -5.403982228638123 234
1694343846463 -4.135074679948747 235
1694343846909 -4.073460690425408 236
1694343847313 -9.911058752925758 237
1694343847695 -11.662947551753149 238
1694343848121 -7.628082996625453 239
1694343848489 -4.828327931010221 240
1694343848813 -6.650317204520663 241
1694343849153 -3.6955141011232913 242
1694343849487 -8.36492887952953 243
1694343849818 -5.1199533553770955 244
1694343850133 -10.980189987086561 245
1694343850439 -4.978401815135526 246
1694343850747 -5.013486516762476 247
1694343851048 -6.382709803071562 248
1694343851371 -4.402161777641043 249
1694343851677 -13.081154268232467 250
1694343851970 -5.5395649079828 251
1694343852291 -5.515485342055183 252
1694343852610 -6.109640669869157 253
1694343852927 -4.960240108359274 254
1694343853349 -8.220393381976638 255
1694343853788 -5.707164490745701 256
1694343854200 -7.814101727627758 257
1694343854615 -8.80578272475503 258
1694343855030 -5.770958656393548 259
1694343855464 -6.226028889672484 260
1694343855902 -5.911746776899879 261
1694343856342 -5.474205675711345 262
1694343856827 -4.59256278712971 263
1694343857315 -10.705858871903557 264
1694343857828 -6.479021626924835 265
1694343858366 -5.101309080685519 266
1694343858801 -4.031222382011309 267
1694343859228 -4.247181733832953 268
1694343859656 -7.0200506266972695 269
1694343860067 -11.002299876057398 270
1694343860493 -4.4994643555714715 271
1694343860886 -6.290658561861794 272
1694343861293 -8.095984286727619 273
1694343861699 -5.897918189452298 274
1694343862085 -3.860792424493116 275
1694343862484 -6.53632550195303 276
1694343862865 -7.499200286975697 277
1694343863237 -6.7940231732512775 278
1694343863615 -6.684754864994597 279
1694343863977 -7.2103212980250255 280
1694343864370 -7.876409676686256 281
1694343864747 -7.405433337161659 282
1694343865113 -4.157785915642567 283
1694343865522 -8.763091099306418 284
1694343865896 -3.5818382413153325 285
1694343866260 -4.7636423839199145 286
1694343866621 -3.685307809320965 287
1694343866988 -6.1385096308870475 288
1694343867367 -3.598952049096191 289
1694343867720 -5.947061323484904 290
1694343868118 -6.147312125018318 291
1694343868549 -6.7929000228401994 292
1694343868943 -6.271567259910949 293
1694343869344 -5.79348495934979 294
1694343869737 -5.401352772374762 295
1694343870118 -9.880725619761785 296
1694343870494 -7.194994535279214 297
1694343870866 -6.674738213274368 298
1694343871308 -8.342112020710077 299
1694343871671 -8.249677805935777 300
1694343872065 -6.3745236041601405 301
1694343872432 -8.420548988160053 302
1694343872816 -5.831468159838276 303
1694343873179 -6.546848219486466 304
1694343873553 -5.016981664122658 305
1694343873941 -13.727311331423136 306
1694343874354 -7.6738330549879485 307
1694343874755 -5.941687468842226 308
1694343875145 -14.289569242459118 309
1694343875560 -5.839944056290662 310
1694343875945 -6.163461536013643 311
1694343876396 -5.37227237716094 312
1694343876840 -6.979460912267296 313
1694343877300 -5.755949009401709 314
1694343877747 -3.94761208878555 315
1694343878179 -4.116167074531707 316
1694343878680 -8.048341817301766 317
1694343879407 -6.0161697112381 318
1694343879962 -3.6112285882085287 319
1694343880473 -6.550980446589205 320
1694343881493 -7.8122191192916475 321
1694343882479 -8.577838651787802 322
1694343883019 -6.606542339785371 323
1694343883552 -9.480944792007026 324
1694343884130 -4.737588226818925 325
1694343884811 -3.3000799704943553 326
1694343885417 -9.551814140050581 327
1694343885917 -8.877881193768852 328
1694343886376 -5.965449280427913 329
1694343886818 -6.644699862085616 330
1694343887338 -6.659321365982855 331
1694343887820 -5.572040578782072 332
1694343888291 -6.807478119100951 333
1694343888748 -6.851005064111988 334
1694343889229 -6.385259400683892 335
1694343889705 -7.092260440686561 336
1694343890133 -3.62805512755223 337
1694343890531 -3.039842470799904 338
1694343890915 -7.458739654421812 339
1694343891344 -7.968862565205425 340
1694343891758 -6.451324739374783 341
1694343892147 -4.356273239324496 342
1694343892589 -6.557354158347727 343
1694343892968 -10.756335429825969 344
1694343893330 -8.149975144584326 345
1694343893732 -5.342803895144634 346
1694343894114 -6.30346085932417 347
1694343894500 -5.930552069634599 348
1694343894881 -3.57017748079891 349
1694343895301 -5.821522331920326 350
1694343895732 -7.535282305988904 351
1694343896138 -5.311467229899625 352
1694343896557 -5.307650487036772 353
1694343897022 -5.70017011730545 354
1694343897459 -9.151511969125975 355
1694343897846 -5.888538758034992 356
1694343898217 -17.264539699231925 357
1694343898589 -5.790260434220254 358
1694343898942 -6.0499343072998695 359
1694343899318 -7.028425665888303 360
1694343899690 -5.378565810182382 361
1694343900052 -3.3927395064373007 362
1694343900418 -4.600419474844055 363
1694343900783 -5.77855987948334 364
1694343901141 -5.7040727091756205 365
1694343901570 -5.04441721400385 366
1694343901948 -7.526505287864069 367
1694343902328 -5.48631444270889 368
1694343902697 -4.773876941092118 369
1694343903033 -7.201665407245807 370
1694343903388 -5.496019253321079 371
1694343903750 -6.490553195095733 372
1694343904148 -7.906701444463275 373
1694343904536 -7.798473944582543 374
1694343904923 -6.262833047942823 375
1694343905316 -6.324763879629034 376
1694343905685 -11.547500765054275 377
1694343906051 -6.20494618340544 378
1694343906431 -5.05567572881906 379
1694343906800 -3.6830055575930007 380
1694343907161 -9.433346590559431 381
1694343907449 -5.887543492317136 382
1694343907752 -6.845155408476201 383
1694343908045 -4.594539452159212 384
1694343908373 -9.479258250275121 385
1694343908685 -3.9211675936387556 386
1694343909022 -4.326666027007395 387
1694343909350 -8.068372814556257 388
1694343909667 -6.053390948083541 389
1694343909983 -8.011529447854546 390
1694343910287 -8.409492124071061 391
1694343910596 -4.206037828691764 392
1694343910891 -9.915689599150904 393
1694343911214 -7.9848577376938685 394
1694343911513 -6.721957790792484 395
1694343911805 -7.501139728104118 396
1694343912093 -6.8543479767510105 397
1694343912401 -7.19056279104405 398
1694343912752 -7.79752202844837 399
1694343913141 -6.634613460191401 400
1694343913553 -10.137032725759825 401
1694343914013 -5.971603466331374 402
1694343914404 -6.312202888862618 403
1694343914782 -6.341560931735924 404
1694343915150 -5.54234852024036 405
1694343915530 -5.695954864450602 406
1694343915896 -4.752283954748562 407
1694343916235 -6.736583845246739 408
1694343916625 -4.744063673310063 409
1694343917002 -5.24851778406631 410
1694343917390 -8.336194773293855 411
1694343917817 -8.14780730557701 412
1694343918199 -4.702181176475078 413
1694343918551 -7.919380672570815 414
1694343918904 -8.632656451950966 415
1694343919264 -4.262366526276465 416
1694343919611 -4.743728900975864 417
1694343919983 -2.8832083228229197 418
1694343920357 -6.056968052789558 419
1694343920840 -4.813982313550998 420
1694343921234 -5.121470023742125 421
1694343921616 -5.576624605639687 422
1694343921994 -5.875089312534869 423
1694343922368 -6.841410135141595 424
1694343922735 -7.127733905868089 425
1694343923084 -4.3976430355182226 426
1694343923460 -4.672074775287093 427
1694343923841 -8.905636517531468 428
1694343924269 -9.502011013726156 429
1694343924675 -8.04895399311126 430
1694343925070 -6.365144558679114 431
1694343925475 -9.350064961973272 432
1694343925872 -4.46414566120956 433
1694343926233 -4.055329422251022 434
1694343926598 -4.55740367130956 435
1694343926970 -4.308548897891626 436
1694343927351 -5.317947405741531 437
1694343927743 -7.990388541222719 438
1694343928128 -6.2766224855870725 439
1694343928507 -11.62333010259542 440
1694343928974 -5.91006748546702 441
1694343929493 -10.855204105159272 442
1694343929972 -5.343996797619739 443
1694343930393 -5.132411332800403 444
1694343930812 -5.012950737155771 445
1694343931191 -4.582765944707909 446
1694343931561 -6.371966218770584 447
1694343931933 -3.5182455781430804 448
1694343932292 -4.786696356078192 449
1694343932670 -4.949283132475363 450
1694343933009 -6.584205378185243 451
1694343933385 -6.933571949051754 452
1694343933734 -6.35252584373303 453
1694343934105 -8.480342256941965 454
1694343934497 -8.529626067336768 455
1694343934870 -4.56013762665849 456
1694343935246 -5.533404385045669 457
1694343935640 -5.195405159307585 458
1694343936093 -10.159935261392699 459
1694343936514 -4.214841570553265 460
1694343936960 -6.339204230523962 461
1694343937404 -5.54798997391813 462
1694343937795 -8.082444434138399 463
1694343938169 -6.619657119431383 464
1694343938541 -5.879196087564864 465
1694343938883 -4.057314346208806 466
1694343939234 -5.569182545952534 467
1694343939588 -5.8692853774155385 468
1694343939925 -5.636303205338134 469
1694343940256 -5.304943042445002 470
1694343940602 -5.546620318721433 471
1694343940971 -4.840819331454872 472
1694343941403 -7.7368782123701685 473
1694343941800 -5.941137642028966 474
1694343942157 -3.8409620781456884 475
1694343942501 -8.309273190505468 476
1694343942820 -5.224043571053858 477
1694343943169 -6.87932168463228 478
1694343943553 -5.617356048101189 479
1694343943951 -7.672648016733643 480
1694343944407 -5.592725924600815 481
1694343944940 -9.27881436756841 482
1694343945392 -7.487454515869535 483
1694343945842 -8.14384011110147 484
1694343946252 -7.134593510749717 485
1694343946662 -5.310300313699095 486
1694343947186 -6.840875722007289 487
1694343947787 -6.03769703071127 488
1694343948239 -8.25532487154475 489
1694343948671 -4.4826708935240385 490
1694343949064 -10.671010892283611 491
1694343949453 -7.991254408924142 492
1694343949841 -5.111205679117439 493
1694343950228 -11.598162180187787 494
1694343950600 -6.871565578405551 495
1694343950965 -6.516456341301007 496
1694343951336 -3.927169256114717 497
1694343951701 -6.245667289484122 498
1694343952041 -4.0278009030167 499
