1694691059242 5.46165342360869 0
1694691060541 4.6256570757464655 1
1694691061974 5.240920752709777 2
1694691063163 4.608886166813953 3
1694691064451 4.964042065816613 4
1694691065705 4.6221960391159165 5
1694691067039 4.710095188966037 6
1694691068170 4.584282035321036 7
1694691069512 4.814980635085521 8
1694691070873 5.420343526345156 9
1694691072353 4.6746449831729695 10
1694691073898 4.732619845755795 11
1694691075390 4.871065511932202 12
1694691077095 4.808261623286155 13
1694691078345 4.390188960916436 14
1694691079638 4.68705198652061 15
1694691081007 4.992182559425786 16
1694691082361 4.890953673788664 17
1694691083713 4.609445610334601 18
1694691085051 4.907416752976473 19
1694691086370 5.124800996769305 20
1694691087581 4.646462370814874 21
1694691088910 4.6325308504052165 22
1694691090203 4.603451089305049 23
1694691091432 4.227618909605893 24
1694691092747 5.0638765747340475 25
1694691094151 4.699422432502523 26
1694691095411 5.174990773942245 27
1694691096911 5.122614712324882 28
1694691098990 4.736804859032169 29
1694691100479 4.877027903964068 30
1694691102169 4.311933920614439 31
1694691103677 4.7129267183267585 32
1694691105120 4.799877909676467 33
1694691106663 4.685175550566802 34
1694691108020 4.916284816460026 35
1694691109457 4.745862828933134 36
1694691110712 4.287850719685587 37
1694691112147 4.529624466130811 38
1694691113662 5.284679312592803 39
1694691115173 4.74741982867724 40
1694691116662 4.813254681114252 41
1694691118012 4.893274470944579 42
1694691119598 4.648252069221279 43
1694691120996 4.922197363491793 44
1694691122285 4.773840029085833 45
1694691123511 5.043860951642589 46
1694691124932 4.998363502987814 47
1694691126242 4.843187799647539 48
1694691127533 4.952747506487494 49
1694691128867 4.329607170758224 50
1694691130220 4.951122835662603 51
1694691131457 5.183639087019291 52
1694691132712 4.733809245317153 53
1694691134186 5.093439824585773 54
1694691135374 4.970623437743772 55
1694691136684 4.5998303891769226 56
1694691137893 4.607655987394958 57
1694691139077 4.80767221659318 58
1694691140260 4.747342538232651 59
1694691141559 4.95643659397917 60
1694691142789 4.491961684664628 61
1694691144099 4.736776966498142 62
1694691145454 4.446886451593744 63
1694691146749 5.234961935651622 64
1694691147937 4.668573419497561 65
1694691149230 4.993766777210741 66
1694691150470 4.560242822124938 67
1694691151722 5.272518767225414 68
1694691153198 4.658058172554665 69
1694691154418 4.887020216174623 70
1694691155628 4.712070847530429 71
1694691156937 4.985728445650087 72
1694691158253 4.49098351008634 73
1694691159472 4.593308037717422 74
1694691160757 4.985365381254105 75
1694691161904 4.942884064455586 76
1694691163101 4.515107977943635 77
1694691164298 4.726425437829744 78
1694691165549 4.8302125148046455 79
1694691166832 4.864971579076916 80
1694691168024 5.329861693973742 81
1694691169239 5.266159842584788 82
1694691170567 4.401705831445948 83
1694691171748 5.113820293631737 84
1694691173087 4.587550177046133 85
1694691174403 5.230227066583111 86
1694691176155 4.6316334808651 87
1694691177496 4.56276162542274 88
1694691178857 5.088527392708988 89
1694691180521 5.465466019614779 90
1694691182098 4.446826033386144 91
1694691183636 5.04369123638659 92
1694691184914 4.959731080742227 93
1694691186199 4.913331897816974 94
1694691187466 4.926694909203839 95
1694691188926 4.748478676209106 96
1694691190191 4.933958598961402 97
1694691191424 5.052765949908879 98
1694691192641 4.3283141892553685 99
1694691194049 4.62814534185368 100
1694691195344 5.017822145026759 101
1694691196665 5.025817787059326 102
1694691198072 5.765725178218532 103
1694691199198 5.245051282215789 104
1694691200440 4.892926275284065 105
1694691201700 5.344706791840401 106
1694691202875 4.766046424801833 107
1694691204074 5.144881053183706 108
1694691205405 4.876641864376669 109
1694691206521 4.79638232343147 110
1694691207783 5.117984808657847 111
1694691208981 4.428622833035289 112
1694691210211 4.681189161851668 113
1694691211349 4.505759179133059 114
1694691212561 4.965867154136688 115
1694691213814 4.974493529753135 116
1694691214966 4.922252989525219 117
1694691216357 4.922099581180339 118
1694691217753 4.996502818974234 119
1694691218831 4.381983525233237 120
1694691220072 5.013554594649877 121
1694691221343 4.382287618033879 122
1694691222605 4.6471990917324195 123
1694691223755 5.033785068001079 124
1694691225061 5.008898830603167 125
1694691226275 5.3983797171839765 126
1694691227510 4.671327028768387 127
1694691228773 4.5117610498444165 128
1694691230083 4.817639274436043 129
1694691231240 5.061116411799174 130
1694691232494 5.162059931829298 131
1694691234097 4.4703543398616405 132
1694691235960 4.92758247335544 133
1694691237313 5.025566028511775 134
1694691238612 5.191976592675328 135
1694691240140 4.519060254041781 136
1694691241676 5.104392074468454 137
1694691243163 4.6306596462068095 138
1694691244787 4.619232134766519 139
1694691246057 5.0624780106218985 140
1694691247252 4.955113229846885 141
1694691248470 5.085041332908139 142
1694691249851 4.787693094936446 143
1694691251137 5.118712740667673 144
1694691252799 5.104098728210492 145
1694691256041 5.147355934452114 146
1694691258880 4.174355156980674 147
1694691261829 5.120260538453896 148
1694691264034 4.645958338518267 149
1694691265464 5.150727118929549 150
1694691266924 4.8423612197198365 151
1694691268145 4.8621745063225825 152
1694691269490 4.7811542968596 153
1694691270768 5.219355272896478 154
1694691272168 4.616499738960599 155
1694691273405 4.6535893697781185 156
1694691274655 4.941616634886566 157
1694691275937 4.686211138801377 158
1694691277122 4.611938786099762 159
1694691278419 4.734420371976046 160
1694691279582 4.6091793498747 161
1694691280865 4.434088096517127 162
1694691282129 4.8759474467509465 163
1694691283245 5.132517708419459 164
1694691284544 4.783533271511553 165
1694691285780 4.738612773492778 166
1694691286987 4.85901768223957 167
1694691288199 4.473244450224198 168
1694691289516 5.1879539744098135 169
1694691290841 5.088215519682065 170
1694691292072 4.687494104822752 171
1694691293598 5.63380500637055 172
1694691294988 5.010959574332695 173
1694691296426 5.019935930374094 174
1694691297743 4.877804935652755 175
1694691299471 4.650933667160354 176
1694691300795 4.93772267126459 177
1694691302287 4.851432073018733 178
1694691303764 4.6081130171460645 179
1694691305172 4.866327083130994 180
1694691306449 4.92874058495426 181
1694691307643 5.036245379809244 182
1694691309127 4.420884867068136 183
1694691310697 4.543083337106317 184
1694691312405 4.69709199464853 185
1694691313936 4.999331183759706 186
1694691315304 4.6680460433096655 187
1694691316821 5.088747034984413 188
1694691318278 5.148128951215704 189
1694691319482 5.20974176330354 190
1694691320815 4.772631942119025 191
1694691322050 5.0433527662440785 192
1694691323232 5.077872052180822 193
1694691324420 4.525558622067909 194
1694691325697 4.792002252338088 195
1694691326766 4.934438379890481 196
1694691327904 4.727713556763382 197
1694691329068 4.822784265682932 198
1694691330292 4.978557438024379 199
1694691331658 4.451763408549434 200
1694691333033 4.603326842837208 201
1694691334359 4.99974943994856 202
1694691335898 4.889860436116707 203
1694691337092 4.828776647379983 204
1694691338310 4.721461939630294 205
1694691339499 4.950523806148103 206
1694691340797 4.792822160936866 207
1694691341935 4.7549006147936295 208
1694691343052 4.477621147465983 209
1694691344259 4.569621447237757 210
1694691345494 4.9524754255177035 211
1694691346656 4.799422140544885 212
1694691347861 4.624746403383141 213
1694691349121 4.67812591593661 214
1694691350521 4.711814326099611 215
1694691351787 4.831447378265967 216
1694691353090 4.544924005913089 217
1694691354226 4.817629273086437 218
1694691355845 4.323369886725298 219
1694691357232 4.56344133986545 220
1694691358507 4.9601447488040495 221
1694691359945 4.567163306944286 222
1694691361228 5.14164012941514 223
1694691362432 5.122501197618644 224
1694691363651 4.782095352211262 225
1694691365045 4.752533147179621 226
1694691366580 4.811518090659805 227
1694691367926 4.6133678324734815 228
1694691369879 5.046367200218021 229
1694691371162 5.155935686834416 230
1694691372668 4.655030381850611 231
1694691374006 4.338862806452533 232
1694691375460 4.941769904317715 233
1694691376944 4.733906788047677 234
1694691378485 5.291847875937699 235
1694691379700 4.805628352141378 236
1694691380887 4.992119969921387 237
1694691382080 4.864466303848738 238
1694691383376 4.927627115295332 239
1694691384574 4.822851738349044 240
1694691385900 4.6754287080182415 241
1694691387177 4.440792896456818 242
1694691388447 4.363141070226513 243
1694691389746 4.951442106522227 244
1694691390923 4.811753925506806 245
1694691392066 4.607445333572458 246
1694691393282 5.342757936242344 247
1694691394469 4.696511960120627 248
1694691395617 4.792481689058603 249
1694691396868 4.9874008035320125 250
1694691398234 4.942196455496891 251
1694691399938 4.882789983186615 252
1694691401369 4.671938673270305 253
1694691402813 5.391416438157916 254
1694691404340 5.090477825559717 255
1694691405764 4.6714069328251995 256
1694691406957 5.270214875766831 257
1694691408190 4.696500786483383 258
1694691409479 5.160374229401284 259
1694691410655 4.778318451471756 260
1694691411913 4.858798776972615 261
1694691413198 4.8609517259711295 262
1694691414731 5.031004213831574 263
1694691416682 4.4787034422640595 264
1694691418189 4.921898169389259 265
1694691419826 4.767502428343819 266
1694691421100 4.866993777071314 267
1694691422310 4.894536038976015 268
1694691423579 4.581844312494738 269
1694691425092 4.748829049261201 270
1694691426898 4.9252130417520945 271
1694691428391 5.03522104596373 272
1694691429630 4.884064651509538 273
1694691431458 4.585259548538308 274
1694691434118 4.5247867154689425 275
1694691435497 4.673863804011667 276
1694691436668 4.837188656786108 277
1694691437863 4.5980772645559105 278
1694691439470 5.201363508334739 279
1694691440807 5.118168040246026 280
1694691442130 5.3190194157071415 281
1694691443981 4.58009677660281 282
