1694702740887 168.54379126551402 0
1694702742473 168.51016786162623 1
1694702743896 168.47655117219662 2
1694702745382 168.44294119588398 3
1694702746828 168.40933793134712 4
1694702748198 168.37574137724528 5
1694702749486 168.34215153223786 6
1694702750858 168.3085683949846 7
1694702752676 168.2749919641455 8
1694702754978 168.2414222383808 9
1694702756507 168.207859216351 10
1694702757975 168.17430289671694 11
1694702759654 168.14075327813964 12
1694702761366 168.10721035928043 13
1694702762665 168.07367413880092 14
1694702763929 168.04014461536292 15
1694702765164 168.00662178762863 16
1694702766825 167.9731056542604 17
1694702768676 167.93959621392085 18
1694702770413 167.906093465273 19
1694702771876 167.87259740697996 20
1694702773483 167.83910803770527 21
1694702775036 167.80562535611264 22
1694702776723 167.772149360866 23
1694702778557 167.73868005062974 24
1694702779972 167.70521742406825 25
1694702781350 167.67176147984642 26
1694702783113 167.63831221662932 27
1694702784985 167.60486963308222 28
1694702786602 167.57143372787075 29
1694702788057 167.53800449966081 30
1694702789576 167.50458194711845 31
1694702790941 167.47116606891018 32
1694702792260 167.43775686370256 33
1694702794005 167.40435433016256 34
1694702796546 167.37095846695743 35
1694702799436 167.33756927275456 36
1694702801546 167.30418674622172 37
1694702803317 167.27081088602688 38
1694702804862 167.23744169083832 39
1694702806657 167.20407915932458 40
1694702808067 167.17072329015446 41
1694702810716 167.13737408199697 42
1694702812281 167.1040315335215 43
1694702814090 167.0706956433976 44
1694702816073 167.03736641029516 45
1694702817576 167.0040438328843 46
1694702819217 166.9707279098354 47
1694702821367 166.9374186398191 48
1694702823189 166.90411602150638 49
1694702824708 166.87082005356837 50
1694702826035 166.83753073467653 51
1694702827337 166.80424806350263 52
1694702828662 166.7709720387186 53
1694702830141 166.7377026589967 54
1694702831474 166.70443992300946 55
1694702832863 166.67118382942965 56
1694702834206 166.63793437693033 57
1694702835644 166.60469156418483 58
1694702836975 166.57145538986666 59
1694702838427 166.53822585264973 60
1694702839752 166.5050029512081 61
1694702841010 166.47178668421617 62
1694702842369 166.43857705034858 63
1694702843575 166.40537404828018 64
1694702844805 166.37217767668622 65
1694702846231 166.33898793424206 66
1694702847614 166.3058048196234 67
1694702848944 166.27262833150624 68
1694702850424 166.2394584685668 69
1694702851796 166.20629522948153 70
1694702853170 166.17313861292723 71
1694702854556 166.1399886175809 72
1694702855745 166.10684524211982 73
1694702857030 166.07370848522154 74
1694702858294 166.04057834556386 75
1694702859595 166.0074548218249 76
1694702860906 165.97433791268293 77
1694702862321 165.9412276168166 78
1694702863718 165.90812393290477 79
1694702865308 165.87502685962662 80
1694702867189 165.84193639566143 81
1694702868500 165.80885253968896 82
1694702869904 165.7757752903891 83
1694702871361 165.74270464644206 84
1694702872726 165.70964060652827 85
1694702874005 165.6765831693284 86
1694702875366 165.64353233352355 87
1694702876936 165.61048809779487 88
1694702878379 165.57745046082388 89
1694702879713 165.54441942129236 90
1694702881388 165.51139497788233 91
1694702882912 165.47837712927614 92
1694702884472 165.44536587415627 93
1694702885889 165.4123612112056 94
1694702887269 165.37936313910717 95
1694702888597 165.34637165654436 96
1694702890163 165.31338676220085 97
1694702891507 165.28040845476036 98
1694702892895 165.2474367329072 99
