1694737832177 0.39598469036850314 0
1694737834861 0.0659920582411935 1
1694737837337 0.08621870081631718 2
1694737839506 0.26580636495694937 3
1694737841854 0.14206199521482496 4
1694737843943 0.1461588668172668 5
1694737846368 0.6322190696298763 6
1694737848811 0.0565297782269762 7
1694737851030 0.4412414376584425 8
1694737853336 0.14101894188513958 9
1694737855760 0.47696120874703296 10
1694737858216 0.2910731043087532 11
1694737860514 0.035742808932558476 12
1694737862781 0.01634588098374253 13
1694737865505 0.04561226260102482 14
1694737867834 0.0005699093860261252 15
1694737870299 0.3728714404829396 16
1694737872477 0.07981304693453559 17
1694737875261 0.7390941954847176 18
1694737878146 1.2070807808842718 19
1694737881119 20.961530519149427 20
1694737883825 2.4685215221818226 21
1694737886607 0.5369497855590776 22
1694737889600 0.26536012388240765 23
1694737891812 8.44302602729991e-05 24
1694737894110 0.04331475425230632 25
1694737896534 0.00034165999749214635 26
1694737898783 0.0008371404981845413 27
1694737901663 0.7035016250513207 28
1694737904880 0.7159235623346176 29
1694737907623 0.0001697547622755757 30
1694737910231 0.0009573785912176872 31
1694737912769 0.12161970025518329 32
1694737915335 5.251505233518171e-05 33
1694737918082 0.5796037110653808 34
1694737920785 0.11252511868220033 35
1694737923168 0.7100046193124725 36
1694737925968 0.00012300683110144615 37
1694737928245 0.011935247826222368 38
1694737930511 0.08562597246732036 39
1694737932842 0.32526408265894047 40
1694737935101 0.13805673018624398 41
1694737937598 0.004080526358835565 42
1694737939887 10.63186503419263 43
1694737942350 0.0030157797779993517 44
1694737945000 2.3869080416621802e-05 45
1694737947412 0.014232233697677898 46
1694737950074 0.14206627277372877 47
1694737952474 0.17674066960048898 48
1694737954754 0.00019586325430575682 49
1694737957400 0.1786374323955431 50
1694737959484 0.3381382388041694 51
1694737962000 0.2489742321538181 52
1694737964042 0.19576676858432887 53
1694737966294 0.07651707500066636 54
1694737968432 0.037903864158876435 55
1694737970609 0.11309385255329862 56
1694737972820 0.004648970593626476 57
1694737975174 0.43138806289743736 58
1694737977797 0.03211333796529955 59
1694737979854 1.6053986622401635 60
1694737982284 0.06679240168579526 61
1694737984750 0.01222577967563213 62
1694737986981 0.07185786172656072 63
1694737989320 0.49040240014125674 64
1694737991634 0.028954015540444376 65
1694737993961 0.22345185773076254 66
1694737996126 0.3541951924549035 67
1694737998513 1.0291828063191844 68
1694738000946 1.3858025906011266 69
1694738003199 0.19491062353737412 70
1694738005731 0.8855989187543186 71
1694738008142 0.0038775183235927597 72
1694738010766 8.373640068125544 73
1694738013160 0.2198734059290375 74
1694738015270 0.025387701686320218 75
1694738018006 0.1365255802977902 76
1694738020221 0.11754872902967888 77
1694738022652 0.6388113293183729 78
1694738024933 0.1062918418718946 79
1694738027152 0.16571937366957742 80
1694738029449 0.004794574441158618 81
1694738031776 0.22247416184690458 82
1694738034298 0.00012926945100465338 83
1694738037172 0.14170990346519005 84
1694738039342 0.09662367757116054 85
1694738041895 0.2768304379800404 86
1694738044131 0.16921495730355837 87
1694738046675 0.04782189998627386 88
1694738049523 0.3772072377848212 89
1694738052031 0.2768261291311113 90
1694738054347 0.13747052639815352 91
1694738056827 0.07886477489559253 92
1694738059125 0.44025851912952946 93
1694738061507 0.08762397363334204 94
1694738063701 0.08596135887112728 95
1694738066140 0.23321173174683377 96
1694738068743 0.3122633869035228 97
1694738070908 0.002229046109843022 98
1694738073895 4.00138467357552 99
