1694701418115 168.54379126551402 0
1694701419939 168.20770831703868 1
1694701422275 167.87236332679115 2
1694701423927 167.53775460690457 3
1694701425759 167.20388047346154 4
1694701427410 166.8707392464848 5
1694701428852 166.53832924992778 6
1694701430684 166.20664881166547 7
1694701432515 165.875696263485 8
1694701434517 165.54546994107636 9
1694701436621 165.21596818402324 10
1694701438612 164.8871893357938 11
1694701440783 164.5591317437314 12
1694701442857 164.23179375904544 13
1694701444862 163.90517373680228 14
1694701446810 163.57927003591598 15
1694701448777 163.2540810191394 16
1694701450729 162.92960505305473 17
1694701452371 162.60584050806492 18
1694701454317 162.2827857583842 19
1694701456078 161.9604391820293 20
1694701457880 161.6387991608103 21
1694701459941 161.31786408032178 22
1694701461858 160.9976323299338 23
1694701463604 160.67810230278283 24
1694701465707 160.35927239576318 25
1694701467724 160.04114100951767 26
1694701469496 159.72370654842908 27
1694701471396 159.40696742061112 28
1694701473447 159.09092203789965 29
1694701475291 158.7755688158439 30
1694701477411 158.46090617369765 31
1694701479315 158.14693253441038 32
1694701481121 157.83364632461874 33
1694701483307 157.52104597463747 34
1694701485160 157.20912991845114 35
1694701487074 156.89789659370496 36
1694701488866 156.58734444169656 37
1694701490766 156.27747190736704 38
1694701492417 155.9682774392926 39
1694701494253 155.65975948967565 40
1694701496302 155.3519165143364 41
1694701497915 155.04474697270433 42
1694701499227 154.73824932780948 43
1694701500862 154.4324220462741 44
1694701502296 154.12726359830407 45
1694701503661 153.82277245768034 46
1694701505087 153.51894710175065 47
1694701506517 153.21578601142096 48
1694701507930 152.913287671147 49
1694701509299 152.61145056892593 50
1694701510757 152.31027319628797 51
1694701512224 152.00975404828802 52
1694701513664 151.70989162349733 53
1694701515086 151.41068442399504 54
1694701516487 151.11213095536013 55
1694701517947 150.814229726663 56
1694701519302 150.5169792504571 57
1694701520797 150.22037804277088 58
1694701522331 149.92442462309947 59
1694701523669 149.62911751439646 60
1694701525153 149.33445524306575 61
1694701526616 149.04043633895344 62
1694701528236 148.74705933533951 63
1694701529808 148.45432276892987 64
1694701531237 148.16222517984826 65
1694701532694 147.8707651116279 66
1694701534135 147.57994111120377 67
1694701535647 147.28975172890435 68
1694701537127 147.00019551844366 69
1694701538630 146.7112710369132 70
1694701540022 146.42297684477398 71
1694701541413 146.13531150584868 72
1694701543004 145.84827358731337 73
1694701544508 145.56186165968995 74
1694701546005 145.27607429683792 75
1694701547394 144.99091007594683 76
1694701548769 144.70636757752794 77
1694701550462 144.4224453854068 78
1694701551983 144.13914208671517 79
1694701553476 143.85645627188325 80
1694701555084 143.57438653463186 81
1694701556816 143.29293147196472 82
1694701558315 143.01208968416063 83
1694701559735 142.73185977476575 84
1694701561329 142.45224035058573 85
1694701562935 142.1732300216783 86
1694701564426 141.89482740134528 87
1694701566028 141.6170311061251 88
1694701567610 141.33983975578494 89
1694701568999 141.0632519733134 90
1694701570780 140.78726638491256 91
1694701572422 140.5118816199906 92
1694701574240 140.23709631115406 93
1694701575756 139.96290909420046 94
1694701577438 139.6893186081105 95
1694701579002 139.41632349504087 96
1694701580416 139.14392240031637 97
1694701581928 138.87211397242265 98
1694701583436 138.6008968629987 99
