1694443533367 -238.5928665367071 0
1694443533901 -192.8993661307116 1
1694443534465 -156.72212866181926 2
1694443535230 -128.00150060446467 3
1694443535881 -105.13429045615935 4
1694443536450 -86.87112418740486 5
1694443537066 -72.23710241291721 6
1694443537620 -60.47043248414509 7
1694443538217 -50.974933700055196 8
1694443538819 -43.28325546333466 9
1694443539450 -37.02837243601048 10
1694443540070 -31.921478070479843 11
1694443540676 -27.734826998057216 12
1694443541273 -24.288407310109573 13
1694443541886 -21.43957852460451 14
1694443542546 -19.075007465146587 15
1694443543156 -17.10438581188669 16
1694443543722 -15.455530030305365 17
1694443544271 -14.070554678527047 18
1694443544878 -12.902879841134299 19
1694443545494 -11.914887336935676 20
1694443546071 -11.076082019314251 21
1694443546650 -10.361646719613162 22
1694443547253 -9.75130432641125 23
1694443547819 -9.228419804484995 24
1694443548386 -8.77928991585301 25
1694443548913 -8.392579998761983 26
1694443549495 -8.058876151000296 27
1694443550100 -7.77032814022062 28
1694443550704 -7.520363780877773 29
1694443551388 -7.3034597265288355 30
1694443551943 -7.114956899451952 31
1694443552647 -6.950911327106379 32
1694443553263 -6.807973139603388 33
1694443554190 -6.68328803005858 34
1694443555340 -6.574416688010882 35
1694443556358 -6.479268660614285 36
1694443557162 -6.39604783563086 37
1694443557864 -6.323207319823745 38
1694443558513 -6.259411941431807 39
1694443559223 -6.203506963384474 40
1694443559912 -6.15449187606042 41
1694443560546 -6.111498361245995 42
1694443561131 -6.073771695379391 43
1694443561678 -6.040655000194447 44
1694443562299 -6.011575860316823 45
1694443562882 -5.986034916308059 46
1694443563469 -5.96359611286204 47
1694443564031 -5.943878339055076 48
1694443564610 -5.926548243652877 49
1694443565259 -5.911314045769963 50
1694443565964 -5.897920191458008 51
1694443566551 -5.886142731481827 52
1694443567241 -5.875785315740513 53
1694443567874 -5.866675716388396 54
1694443568522 -5.8586628054028305 55
1694443569153 -5.85161392368848 56
1694443569728 -5.84541258824155 57
1694443570387 -5.8399564917751725 58
1694443571001 -5.83515575581061 59
1694443571622 -5.830931403795517 60
1694443572337 -5.827214025503052 61
1694443573030 -5.823942607942001 62
1694443573690 -5.821063511388838 63
1694443574270 -5.818529572036165 64
1694443574971 -5.816299315217731 65
1694443575655 -5.814336265285643 66
1694443576231 -5.812608340033493 67
1694443576783 -5.811087319126464 68
1694443577379 -5.809748377352702 69
1694443578096 -5.808569674681312 70
1694443578655 -5.807531996127338 71
1694443579197 -5.806618435305376 72
1694443579748 -5.805814116319764 73
1694443580338 -5.805105949306211 74
1694443580987 -5.804482415521341 75
1694443581569 -5.8039333783838405 76
1694443582301 -5.803449917314071 77
1694443583107 -5.8030241816062995 78
1694443583853 -5.80264926190652 79
1694443584735 -5.802319077165448 80
1694443585784 -5.802028275196092 81
1694443586754 -5.801772145192894 82
1694443588154 -5.801546540769203 83
1694443589763 -5.801347812244785 84
1694443590869 -5.801172747068864 85
1694443592031 -5.801018517398963 86
1694443592972 -5.80088263397437 87
1694443593780 -5.800762905526879 88
1694443594535 -5.8006574030630755 89
1694443595163 -5.800564428432466 90
1694443595766 -5.800482486666583 91
1694443596393 -5.800410261635943 92
