1694687513929 169.0102707533208 0
1694687516071 165.64840984934136 1
1694687518011 159.40210093122116 2
1694687520213 150.78610452910715 3
1694687521927 140.3352639801383 4
1694687523647 128.57731936763767 5
1694687525323 116.01138168458502 6
1694687528271 103.09185406457713 7
1694687530724 90.21734006625117 8
1694687532884 77.72407171599474 9
1694687535850 65.88319161149572 10
1694687537866 54.901220672219395 11
1694687539848 44.92313100616134 12
1694687541679 36.03741884253918 13
1694687543818 28.282511367749773 14
1694687545709 21.653971319274035 15
1694687548857 16.112155887561002 16
1694687551028 11.589855581737348 17
1694687553194 7.999596619625027 18
1694687556219 5.240481596082318 19
1694687558721 3.204257486541744 20
1694687560538 1.7804964478993428 21
1694687562832 0.8609850292766759 22
1694687564670 0.3431636872631941 23
1694687567914 0.1327950363661278 24
1694687573149 0.14576160205815142 25
1694687577974 0.3090871962437756 26
1694687581821 0.5614182949435224 27
1694687585948 0.8529428392461039 28
1694687589323 1.1448574120542012 29
1694687592574 1.4085866778655305 30
1694687595348 1.6246907761842726 31
1694687598258 1.78166703189801 32
1694687604279 1.874626192046672 33
1694687607952 1.9040315886687258 34
1694687611947 1.8744563673513133 35
1694687615113 1.7934268632231727 36
1694687619450 1.6703670089444604 37
1694687623214 1.5157221138892696 38
1694687626351 1.3401827798187727 39
1694687629999 1.1540694992299811 40
1694687636226 0.9668620901509432 41
1694687640599 0.7868497604070023 42
1694687644842 0.6209298557210566 43
1694687648239 0.47449921939725453 44
1694687651640 0.351435887739482 45
1694687654640 0.25414974319237 46
1694687657564 0.18370055811539696 47
1694687660501 0.13995093113175197 48
1694687663329 0.1217455617747741 49
1694687666734 0.12710451322140895 50
1694687670390 0.15341196835422413 51
1694687674653 0.19761590544924632 52
1694687677802 0.2564078993097533 53
1694687681179 0.3263824994307305 54
1694687686723 0.4041784223141916 55
1694687689479 0.4865818672910343 56
1694687691206 0.5706265004398818 57
1694687692966 0.6536539616312611 58
1694687694626 0.7333712976473191 59
1694687696275 0.8078756774923388 60
1694687697567 0.8756507875478236 61
1694687699038 0.9355609144402196 62
1694687700286 0.9868421321574896 63
1694687701476 1.0290704913759383 64
1694687702773 1.062117649070401 65
1694687704036 1.0861172694788719 66
1694687705237 1.1014163522742801 67
1694687706498 1.1085419768615943 68
1694687707762 1.1081572235735127 69
1694687709134 1.1010215279730635 70
1694687710629 1.0879496216807678 71
1694687711877 1.0697861336496668 72
1694687713103 1.0473747721495048 73
1694687714316 1.0215398455010738 74
1694687715473 0.9930676573817043 75
1694687716704 0.9626892434163025 76
1694687718016 0.931071289251137 77
1694687719323 0.8988130158791837 78
1694687720737 0.8664418910352338 79
1694687722037 0.8344112853748651 80
1694687723270 0.8031048786478655 81
1694687724522 0.7728346557867172 82
1694687725761 0.7438512122777938 83
1694687726991 0.7163494737163432 84
1694687728260 0.6904747191331418 85
1694687729471 0.6663235274792063 86
1694687730610 0.643954904012566 87
1694687731945 0.6233903969962058 88
1694687733194 0.6046270356252326 89
1694687734567 0.5876441754147785 90
1694687735958 0.5723993578505122 91
1694687737182 0.5588311447766906 92
1694687738372 0.54687279900265 93
1694687739718 0.5364549428739125 94
1694687741195 0.5274977787547761 95
1694687742725 0.5199134774526417 96
1694687744105 0.5136180617464146 97
1694687745292 0.5085310080032441 98
1694687746503 0.5045668865812579 99
1694687747719 0.5016374541720288 100
1694687748997 0.49966438178136374 101
1694687750288 0.4985620050268297 102
1694687751614 0.49825207137027333 103
1694687752860 0.49866091951081665 104
1694687754114 0.4997126493306814 105
1694687755480 0.5013350952120097 106
1694687756778 0.5034536609182949 107
1694687758070 0.5059999766008155 108
1694687759522 0.5089100656139321 109
1694687760727 0.5121244748863459 110
1694687761939 0.515582348908906 111
1694687763278 0.5192275560466373 112
1694687764669 0.5230036695213618 113
1694687765925 0.5268605387613183 114
1694687767839 0.5307551753498314 115
1694687769457 0.5346418363143434 116
1694687771093 0.5384842722908099 117
1694687772581 0.5422475299644985 118
1694687774132 0.5458972997771037 119
1694687775754 0.5494064218482184 120
1694687776963 0.5527545870996151 121
1694687778436 0.5559220376804855 122
1694687779836 0.5588896305686167 123
1694687781004 0.561645308232958 124
1694687782140 0.5641830009377232 125
1694687783456 0.566496628864952 126
1694687784802 0.5685805339159928 127
1694687786128 0.5704350306576881 128
1694687787386 0.5720649213330701 129
1694687788525 0.5734745327312072 130
1694687789661 0.5746682586380344 131
1694687790857 0.5756548237245938 132
1694687792146 0.576445758822994 133
1694687793389 0.5770517652398978 134
1694687795193 0.5774859252215923 135
1694687796985 0.5777576114903025 136
1694687798917 0.5778791100150115 137
1694687800527 0.577864890033702 138
1694687801777 0.5777316976724827 139
1694687802961 0.5774922971560483 140
1694687804429 0.5771576708087599 141
1694687805609 0.5767433008901934 142
1694687806980 0.576259222719052 143
1694687808273 0.5757200681872117 144
1694687809559 0.5751346622643323 145
1694687810842 0.5745163524812316 146
1694687812261 0.5738726002222858 147
1694687813540 0.5732151779547057 148
1694687814792 0.5725501237561176 149
1694687816095 0.5718874712166288 150
1694687817383 0.5712345605144727 151
1694687818728 0.5705941437374703 152
1694687819972 0.5699713757262471 153
1694687821142 0.5693723051374758 154
1694687822256 0.5688028519761257 155
1694687823458 0.5682649909347123 156
1694687824582 0.5677617687887894 157
1694687825766 0.567296781220183 158
1694687827425 0.5668671690810666 159
1694687828577 0.5664722301910803 160
1694687829693 0.5661129242562282 161
1694687830910 0.5657912569170513 162
1694687832014 0.5655096101611851 163
1694687833174 0.5652653523572221 164
1694687834289 0.5650574330357763 165
1694687835396 0.5648858529961971 166
1694687836473 0.5647453413844482 167
1694687837577 0.5646329968212778 168
1694687838706 0.564547762165411 169
1694687839830 0.5644898183178053 170
1694687840943 0.5644586686382017 171
1694687842099 0.5644502076469498 172
1694687843249 0.5644622982719634 173
1694687844394 0.5644942009557227 174
1694687845491 0.5645416128604569 175
1694687846582 0.5646012615715623 176
1694687847713 0.5646718603689549 177
1694687848828 0.5647539070826463 178
1694687850223 0.564844991416847 179
1694687851407 0.5649442869268356 180
1694687852499 0.565046716829842 181
1694687853602 0.5651501170575529 182
1694687854758 0.5652542537614457 183
1694687855941 0.5653607642888899 184
1694687857068 0.565467552706337 185
1694687858273 0.5655742360029714 186
1694687859426 0.5656766756649457 187
1694687860659 0.5657737092333157 188
1694687861846 0.5658659976844604 189
1694687863057 0.5659552375107896 190
1694687864294 0.5660398944069882 191
1694687865436 0.5661202043368396 192
1694687866526 0.5661936003878875 193
1694687867591 0.5662595661070983 194
1694687868652 0.5663207659009664 195
1694687869735 0.5663773749576695 196
1694687870881 0.5664260989183679 197
1694687872143 0.5664671106395037 198
1694687873290 0.566502197419618 199
1694687874460 0.5665331939963685 200
1694687875574 0.5665589998416481 201
1694687876709 0.5665803380809756 202
1694687877941 0.5665991749633941 203
1694687879287 0.5666124033451773 204
