1694703064896 168.54379126551402 0
1694703066324 168.51016786162623 1
1694703067953 168.476551844564 2
1694703069296 168.44294321263695 3
1694703070797 168.40934196415495 4
1694703072569 168.3757480974283 5
1694703074160 168.3421616107678 6
1694703075590 168.30858250248446 7
1694703077052 168.27501077088988 8
1694703078646 168.24144641429586 9
1694703079976 168.20788943101476 10
1694703081359 168.17433981935932 11
1694703082821 168.14079757764253 12
1694703084130 168.10726270417788 13
1694703085672 168.07373519727932 14
1694703087206 168.04021505526106 15
1694703088573 168.00670227643778 16
1694703089932 167.97319685912456 17
1694703091298 167.9396988016368 18
1694703092704 167.90620810229044 19
1694703094068 167.87272475940165 20
1694703095448 167.8392487712871 21
1694703096798 167.80578013626373 22
1694703098227 167.77231885264914 23
1694703099651 167.73886491876104 24
1694703101039 167.70541833291762 25
1694703102499 167.67197909343759 26
1694703103800 167.63854719863983 27
1694703105135 167.6051226468438 28
1694703106540 167.57170543636929 29
1694703107898 167.53829556553646 30
1694703109215 167.50489303266593 31
1694703110679 167.47149783607858 32
1694703112167 167.43810997409588 33
1694703113676 167.4047294450395 34
1694703115269 167.37135624723157 35
1694703116712 167.33799037899473 36
1694703118079 167.30463183865183 37
1694703119294 167.27128062452624 38
1694703120785 167.23793673494163 39
1694703122677 167.20460016822216 40
1694703124023 167.17127092269226 41
1694703125720 167.1379489966769 42
1694703127400 167.10463438850135 43
1694703129017 167.07132709649127 44
1694703130511 167.03802711897274 45
1694703131850 167.00473445427224 46
1694703133246 166.97144910071654 47
1694703134726 166.938171056633 48
1694703136291 166.90490032034918 49
1694703137691 166.87163689019314 50
1694703139051 166.83838076449328 51
1694703140434 166.80513194157842 52
1694703141888 166.77189041977783 53
1694703143328 166.73865619742097 54
1694703144841 166.7054292728379 55
1694703146542 166.67220964435901 56
1694703148137 166.63899731031503 57
1694703149565 166.60579226903715 58
1694703151172 166.57259451885693 59
1694703152650 166.53940405810624 60
1694703155150 166.50622088511744 61
1694703157246 166.47304499822326 62
1694703158907 166.43987639575684 63
1694703160605 166.40671507605163 64
1694703162213 166.3735610374415 65
1694703164320 166.3404142782608 66
1694703166161 166.3072747968442 67
1694703168254 166.27414259152667 68
1694703169985 166.24101766064373 69
1694703171566 166.2079000025312 70
1694703173070 166.17478961552533 71
1694703174488 166.14168649796272 72
1694703175918 166.10859064818035 73
1694703177692 166.07550206451566 74
1694703179263 166.04242074530643 75
1694703181112 166.00934668889082 76
1694703182822 165.97627989360737 77
1694703184695 165.94322035779507 78
1694703186050 165.9101680797933 79
1694703187729 165.87712305794167 80
1694703189576 165.84408529058038 81
1694703191226 165.81105477604999 82
1694703192981 165.77803151269129 83
1694703194595 165.7450154988456 84
1694703196289 165.71200673285458 85
1694703198112 165.67900521306035 86
1694703199698 165.6460109378053 87
1694703201148 165.6130239054323 88
1694703202579 165.58004411428453 89
1694703204033 165.54707156270567 90
1694703205516 165.51410624903966 91
1694703207380 165.4811481716309 92
1694703208875 165.4481973288242 93
1694703210948 165.41525371896466 94
1694703212704 165.38231734039792 95
1694703214518 165.34938819146984 96
1694703215961 165.31646627052672 97
1694703217435 165.28355157591537 98
1694703219129 165.25064410598281 99
