1694347379022 -238.8853111255137 0
1694347379765 -193.52799524135554 1
1694347380702 -156.9832525939892 2
1694347381621 -127.49833135611453 3
1694347382395 -103.69192746271703 4
1694347383172 -84.45312924339329 5
1694347383885 -68.89113559770394 6
1694347384544 -56.29044585533704 7
1694347385257 -46.07619416049535 8
1694347385956 -37.7863568725808 9
1694347386579 -31.048723451225605 10
1694347387171 -25.566125848469735 11
1694347387737 -21.09725933456932 12
1694347388380 -17.44857469931898 13
1694347389105 -14.463568014792507 14
1694347389819 -12.017841982345644 15
1694347390464 -10.009379916033923 16
1694347391056 -8.355888915253997 17
1694347391640 -6.992313210932763 18
1694347392200 -5.864713522276979 19
1694347392822 -4.929418559032168 20
1694347393431 -4.152291427894415 21
1694347393973 -3.504489268409075 22
1694347394478 -2.9625282229397345 23
1694347394963 -2.508468040721036 24
1694347395479 -2.126635228866156 25
1694347396163 -1.8041591066931173 26
1694347396913 -1.5316470318077426 27
1694347397651 -1.3000652116297022 28
1694347398299 -1.1031723026929106 29
1694347398910 -0.9350779093030694 30
1694347399465 -0.7907898194455705 31
1694347400144 -0.6671470621056546 32
1694347400828 -0.5603939417360153 33
1694347401534 -0.4684132398053975 34
1694347402187 -0.3887972296004738 35
1694347402791 -0.31937390090674866 36
1694347403446 -0.2592340363828185 37
1694347404054 -0.20654119136785143 38
1694347404762 -0.16069894781985794 39
1694347405471 -0.12059029809891086 40
1694347406114 -0.08509765070100817 41
1694347406706 -0.05417334542254859 42
1694347407303 -0.026710414999981058 43
1694347407944 -0.002711366092248646 44
1694347408633 0.018436447982844162 45
1694347409388 0.03743341310263393 46
1694347410230 0.05397075444226895 47
1694347410886 0.06886328649965212 48
1694347411529 0.0818516247211748 49
1694347412212 0.09357464556775352 50
1694347412942 0.10381205841687446 51
1694347413763 0.11286712973508972 52
1694347414494 0.12119782805007939 53
1694347415140 0.128360285007861 54
1694347415879 0.1349604900697442 55
1694347416580 0.14063875722998131 56
1694347417326 0.1456564878982637 57
1694347418120 0.1504254036155579 58
1694347418901 0.15440844706700374 59
1694347419583 0.15819916582555793 60
1694347420517 0.16136561118857207 61
1694347421402 0.16438503823338413 62
1694347422156 0.166904796184841 63
1694347422831 0.16910848966829906 64
1694347423537 0.17135344817783216 65
1694347424201 0.1731046085388983 66
1694347425042 0.17489242631573942 67
1694347425905 0.17628509416628235 68
1694347426557 0.17771214920628542 69
1694347427212 0.17881990253208324 70
1694347427867 0.17976210480218702 71
1694347428718 0.18087441856377495 72
1694347429500 0.1816197795242892 73
1694347430218 0.18250440919831723 74
1694347430850 0.18309432677896398 75
1694347431489 0.18380048925782888 76
1694347432137 0.18426703694534707 77
1694347432913 0.18463567509536394 78
1694347433753 0.18523297697529384 79
1694347434412 0.18551987867154907 80
1694347435135 0.18599285535524213 81
1694347435919 0.18621613344785315 82
1694347436723 0.18659310079653446 83
1694347437702 0.18676632461512777 84
1694347438589 0.18687244637457845 85
1694347439329 0.18723407972180506 86
1694347440221 0.18731090057596456 87
1694347441032 0.1875952861698028 88
1694347441736 0.18765040278594736 89
1694347442427 0.18787641399006705 90
1694347443113 0.18791500554158014 91
1694347443773 0.18790061176111428 92
