1694705617283 169.3924966987672 0
1694705619111 169.24099016180728 1
1694705620772 169.0897395798236 2
1694705622538 168.93874446205064 3
1694705624109 168.7880043186981 4
1694705625827 168.63751866094876 5
1694705627667 168.4872870009566 6
1694705629258 168.33730885184485 7
1694705630969 168.18758372770392 8
1694705632490 168.03811114358973 9
1694705634548 167.88889061552138 10
1694705636423 167.7399216604795 11
1694705638167 167.59120379640427 12
1694705639993 167.44273654219336 13
1694705642022 167.29451941770012 14
1694705643982 167.14655194373162 15
1694705645818 166.9988336420467 16
1694705647665 166.8513640353541 17
1694705649313 166.70414264731053 18
1694705651060 166.55716900251872 19
1694705652597 166.41044262652562 20
1694705654547 166.2639630458203 21
1694705656150 166.11772978783233 22
1694705657866 165.9717423809296 23
1694705659621 165.82600035441672 24
1694705661102 165.68050323853285 25
1694705662975 165.53525056444997 26
1694705664997 165.390241864271 27
1694705666842 165.2454766710279 28
1694705668377 165.10095451867977 29
1694705670068 164.95667494211108 30
1694705671777 164.81263747712973 31
1694705673250 164.66884166046506 32
1694705675090 164.52528702976642 33
1694705676568 164.3819731236007 34
1694705678354 164.23889948145103 35
1694705679970 164.0960656437147 36
1694705681516 163.95347115170125 37
1694705683259 163.81111554763083 38
1694705684975 163.66899837463214 39
1694705686648 163.52711917674083 40
1694705688690 163.38547749889744 41
1694705691306 163.24407288694582 42
1694705693544 163.10290488763113 43
1694705695443 162.96197304859805 44
1694705697464 162.82127691838912 45
1694705699459 162.6808160464427 46
1694705701161 162.54058998309128 47
1694705702790 162.40059827955977 48
1694705704482 162.26084048796358 49
1694705706229 162.12131616130685 50
1694705707848 161.9820248534806 51
1694705709634 161.84296611926115 52
1694705711772 161.70413951430817 53
1694705713337 161.56554459516283 54
1694705714994 161.42718091924624 55
1694705716618 161.28904804485757 56
1694705718062 161.15114553117218 57
1694705719688 161.01347293824006 58
1694705721209 160.8760298269839 59
1694705722769 160.73881575919748 60
1694705724553 160.60183029754376 61
1694705726079 160.4650730055532 62
1694705727550 160.32854344762205 63
1694705728948 160.19224118901064 64
1694705730386 160.05616579584142 65
1694705731777 159.92031683509754 66
1694705733135 159.7846938746208 67
1694705734675 159.6492964831103 68
1694705736032 159.51412423012025 69
1694705737456 159.37917668605868 70
1694705738835 159.2444534221854 71
1694705740331 159.1099540106105 72
1694705741847 158.97567802429253 73
1694705743500 158.84162503703686 74
1694705745178 158.70779462349387 75
1694705747007 158.57418635915735 76
1694705748501 158.44079982036277 77
1694705750283 158.30763458428558 78
1694705752217 158.1746902289395 79
1694705753770 158.0419663331749 80
1694705755620 157.90946247667705 81
1694705757227 157.7771782399644 82
1694705758625 157.6451132043871 83
1694705760373 157.51326695212504 84
1694705762306 157.3816390661864 85
1694705763985 157.25022913040598 86
1694705765832 157.11903672944337 87
1694705767495 156.9880614487814 88
1694705769235 156.85730287472447 89
1694705771000 156.72676059439698 90
1694705772916 156.59643419574155 91
1694705774764 156.4663232675174 92
1694705776766 156.33642739929869 93
1694705778623 156.20674618147305 94
1694705780172 156.0772792052397 95
1694705781767 155.948026062608 96
1694705783708 155.81898634639566 97
1694705785673 155.69015965022726 98
1694705787322 155.56154556853264 99
