1694679545151 169.42924729476263 0
1694679546552 137.1551129415506 1
1694679547986 111.5896611263298 2
1694679550052 91.28478959485774 3
1694679551692 75.11217145418803 4
1694679553306 62.19168606634635 5
1694679555455 51.83599831605786 6
1694679557577 43.50762338576199 7
1694679559255 36.785648235019394 8
1694679560680 31.33992448973076 9
1694679562267 26.91104407677367 10
1694679563552 23.294792322895105 11
1694679565729 20.330069277681194 12
1694679568361 17.889498679122493 13
1694679570446 15.872120641013158 14
1694679572657 14.197700665334718 15
1694679574191 12.80229311737501 16
1694679575456 11.634778903247556 17
1694679576850 10.65416020382737 18
1694679578130 9.827443948616114 19
1694679579317 9.127983502277306 20
1694679580591 8.534177291040702 21
1694679581940 8.028445751088967 22
1694679583138 7.596425531510897 23
1694679584247 7.226333485772119 24
1694679585309 6.908463530908341 25
1694679586425 6.634787633165871 26
1694679587558 6.398638526457143 27
1694679588635 6.194456698689731 28
1694679589756 6.017588010227343 29
1694679590842 5.86412128566855 30
1694679591947 5.730757536144387 31
1694679593087 5.614704272606372 32
1694679594177 5.513589775858188 33
1694679595263 5.425393285284671 34
1694679596377 5.348387924255869 35
1694679597514 5.281093849454142 36
1694679598604 5.222239635323631 37
1694679599739 5.170730315625767 38
1694679600965 5.125620826662478 39
1694679602231 5.086093850488066 40
1694679603391 5.051441256439823 41
1694679604487 5.021048497294741 42
1694679605633 4.994381441425515 43
1694679606660 4.970975221586673 44
1694679607806 4.950424759948884 45
1694679609071 4.9323766920375816 46
1694679610167 4.91652246269646 47
1694679611350 4.902592407727319 48
1694679612496 4.89035066752305 49
1694679613624 4.879590805431438 50
1694679614822 4.870132025038605 51
1694679615959 4.861815898043992 52
1694679617142 4.854503528705297 53
1694679618323 4.848073092585678 54
1694679619496 4.842417697031739 55
1694679620690 4.8374435188427665 56
1694679621933 4.833068181271022 57
1694679623135 4.82921933807063 58
1694679624341 4.825833436987658 59
1694679625513 4.822854639018024 60
1694679626618 4.820233873081736 61
1694679627725 4.817928008577144 62
1694679628911 4.815899130672249 63
1694679630055 4.814113905231313 64
1694679631324 4.812543022020948 65
1694679632890 4.811160706337045 66
1694679634425 4.809944290481474 67
1694679635724 4.80887383762689 68
1694679637071 4.807931811566058 69
1694679638749 4.807102786671381 70
1694679640288 4.806373193108753 71
1694679642293 4.805731092974109 72
1694679643574 4.805165983563272 73
1694679644781 4.804668624458287 74
1694679646297 4.80423088552492 75
1694679647571 4.803845613275393 76
1694679649176 4.803506513364064 77
1694679650508 4.803208047258135 78
1694679651946 4.802945341365204 79
1694679653374 4.802714107109694 80
1694679654966 4.802510570634023 81
1694679656422 4.802331410961544 82
1694679657659 4.802173705599842 83
1694679658936 4.80203488268667 84
1694679660341 4.801912678889834 85
1694679661997 4.801805102367684 86
1694679663759 4.801710400180784 87
1694679665701 4.801627029618974 88
1694679667748 4.80155363297262 89
1694679669757 4.801489015333891 90
1694679671778 4.801432125063609 91
1694679673336 4.801382036603308 92
