1694688798930 8.444761010256864 0
1694688800194 2.410835589767018 1
1694688801415 0.6923042850333885 2
1694688802755 2.786747216757029 3
1694688803991 0.41545657103892564 4
1694688805242 0.14150195765797685 5
1694688806518 0.08829409550593084 6
1694688807781 0.1126301908445892 7
1694688809035 0.1798234679795863 8
1694688810301 0.08995759949732193 9
1694688811563 0.19501290175390243 10
1694688812773 0.09984045260177622 11
1694688813986 0.18076461186556472 12
1694688815283 0.08245543021594207 13
1694688816614 0.1117805137523256 14
1694688817902 0.114428842575319 15
1694688819203 0.08452935784553 16
1694688820409 0.1872900967575797 17
1694688821806 0.1010648652818908 18
1694688823119 0.11326771784928547 19
1694688824317 0.31463625916879695 20
1694688825563 0.21839476723016646 21
1694688826820 0.07697152493648458 22
1694688828039 0.07006744417273288 23
1694688829280 0.08954669655876271 24
1694688830540 0.29611356445156106 25
1694688831838 0.2456281582555162 26
1694688833157 0.1563044510398318 27
1694688834571 0.12982772710193474 28
1694688835944 0.23023798678757124 29
1694688837151 0.12887643784561217 30
1694688838600 0.06319265275496179 31
1694688840134 0.10536851234912105 32
1694688841417 0.14743716304973847 33
1694688842918 0.12082786837289033 34
1694688844246 0.12484049072822949 35
1694688845566 0.10370652248609909 36
1694688847068 0.09741753969069382 37
1694688848391 0.11690467227593837 38
1694688849702 0.1626234957758362 39
1694688851022 0.09220565499524977 40
1694688852333 0.0946324931945151 41
1694688853622 0.15050067568741873 42
1694688854859 0.1470141630175035 43
1694688856146 0.16538023062624074 44
1694688857397 0.1282559701677957 45
1694688858692 0.14021329419553039 46
1694688859953 0.08685267032140652 47
1694688861236 0.8544853321419019 48
1694688862523 0.8713339804287072 49
1694688863774 0.2184893660153646 50
1694688865053 0.13714195488081288 51
1694688866325 0.1258344696893743 52
1694688867626 0.18894074849822412 53
1694688868890 0.1229259251584656 54
1694688870224 0.22703971694453035 55
1694688871539 0.194420125926594 56
1694688872850 0.17656137012838685 57
1694688874144 0.1334919551240392 58
1694688875453 1.7708788517244116 59
1694688876705 0.1260895255235501 60
1694688878007 0.11300326099890201 61
1694688879425 0.13698547739016984 62
1694688880691 0.4322963487518048 63
1694688881980 0.07927560970568433 64
1694688883291 0.11030521986160773 65
1694688884632 0.154292947124741 66
1694688885902 0.17819076812407716 67
1694688887127 0.12713829310712602 68
1694688888371 0.42707094599919626 69
1694688889727 0.09492305101122164 70
1694688891015 0.1519291446006582 71
1694688892250 0.1403125777595435 72
1694688893488 0.1173993581223226 73
1694688894998 0.22406950651636065 74
1694688896284 0.8579542301367212 75
1694688897570 0.3614144385078001 76
1694688899034 0.11246040574557244 77
1694688900414 0.49073497399062505 78
1694688901771 0.19642793463239194 79
1694688903093 0.07025213384503638 80
1694688904334 0.09532708258766126 81
1694688905631 0.38425427307424564 82
1694688906904 0.17738407857163718 83
1694688908152 0.10805240300722349 84
1694688909390 0.23458102464925598 85
1694688910800 0.16501544995327946 86
1694688912057 0.10028590476079499 87
1694688913305 0.1519009562283608 88
1694688914593 0.16644671779551248 89
1694688915914 0.12849854715965475 90
1694688917177 0.2908714285591061 91
1694688918693 0.4755884153305586 92
1694688920040 0.13617930499146996 93
1694688921292 0.156284113108652 94
1694688922577 0.1519226613548542 95
1694688923912 0.06919563007100261 96
1694688925125 0.12710853554739696 97
1694688926396 0.10675863716707325 98
1694688927675 0.11365054348361875 99
1694688928943 0.12702604471881837 100
1694688930234 0.1289736642299247 101
1694688931554 0.3126252515112275 102
1694688932928 0.06969637309930099 103
1694688934865 0.11227207460102229 104
1694688936254 0.1057816555786454 105
1694688937582 0.06492672230226659 106
1694688938950 0.10610500214489915 107
1694688940302 0.1704329927207292 108
1694688941809 0.08108285086518253 109
1694688943181 0.08374444200496098 110
1694688944404 0.12092273306833567 111
1694688945725 0.14851485719761595 112
1694688947054 0.2598536778341558 113
1694688948290 0.10730576963620149 114
1694688949633 0.1010477325283355 115
1694688950996 0.11742632425868842 116
1694688952674 0.2553519071804496 117
1694688954785 0.09261013787305389 118
1694688956814 0.3563103335356947 119
1694688958292 0.06217455827947598 120
1694688960386 0.10414672376381563 121
1694688962222 0.4350330769796991 122
1694688963399 0.14969667808686363 123
1694688964654 0.4341436397118071 124
1694688965977 0.14874303179071488 125
1694688967243 0.14249102440974126 126
1694688968455 0.1179641741408448 127
1694688969690 0.09333024977968898 128
1694688970923 0.08542450860783776 129
1694688973698 0.18919873028345563 130
1694688975826 0.12036684757740199 131
1694688977465 0.09194505002930352 132
1694688979191 0.19155332146574847 133
1694688980767 0.062132075555397986 134
1694688982261 0.11535955675996101 135
1694688983446 0.1622432549075601 136
1694688984658 0.1299262405394313 137
1694688985867 0.19683881909368436 138
1694688987035 0.4489676971197279 139
1694688988226 0.5017288427030517 140
1694688989435 0.23858826535703348 141
1694688990658 0.16451743504216304 142
1694688991893 0.2303996966581253 143
1694688993012 0.8425213008185988 144
1694688994225 0.2323790393498412 145
1694688995418 0.19748621685869686 146
1694688996620 0.10456638174104495 147
1694688997963 0.14268669437067216 148
1694688999199 0.14540323974838976 149
1694689000420 0.13710504520135094 150
1694689001612 0.1684502678463968 151
1694689002815 0.08680548510402633 152
1694689004076 0.21145125427361683 153
1694689005492 0.1302471792570101 154
1694689007011 0.11499549203878517 155
1694689008331 0.08564186156109985 156
1694689009731 0.15920048211156806 157
1694689010995 0.16794601761948846 158
1694689012192 0.07973108186701512 159
1694689013431 0.09146599492537924 160
1694689014656 0.13573869800631772 161
1694689015843 0.22913437178198312 162
1694689017196 0.22686825043102274 163
1694689018454 0.055329829665556635 164
1694689019658 0.22135671665799905 165
1694689020843 0.1604553789020545 166
1694689022201 0.1360532949938108 167
1694689023497 0.12180829337663543 168
1694689024719 0.050507436504656084 169
1694689025913 0.1414200452043887 170
1694689027078 0.08785062682359811 171
1694689028400 0.07884448693882823 172
1694689029665 0.3573859977190032 173
1694689030832 0.1902867652666121 174
1694689032012 0.09560569466302953 175
1694689033198 0.15099877768812212 176
1694689034495 0.1299454126742654 177
1694689035729 0.10867012683432088 178
1694689036917 0.1113478398638331 179
1694689038176 0.11314061833664128 180
1694689039630 0.16980390621741706 181
1694689041910 0.16553076989835286 182
1694689043423 0.09444682158900156 183
1694689044656 0.36158338500097537 184
1694689045878 0.09013740705166977 185
1694689047095 0.11715499521788955 186
1694689048286 0.2260219015206107 187
1694689049487 0.09451005642701027 188
1694689050843 0.05845795295575025 189
1694689052057 0.128431532511304 190
1694689053225 0.26591128563837285 191
1694689054438 0.13745284686679457 192
1694689055614 0.11350891311390279 193
1694689056780 0.2147173394667811 194
1694689057981 0.12609825818102874 195
1694689059192 0.2749927117091519 196
1694689060450 0.17444714301438385 197
1694689061681 0.14490745127376944 198
1694689062998 0.20379096262767837 199
1694689064243 0.12083191034911767 200
1694689065715 0.07237510767764431 201
1694689067158 0.14941476325941422 202
1694689068447 0.08829539188884371 203
1694689069697 0.10972402618139591 204
1694689070922 0.10439127565526495 205
1694689072540 0.11785643497211713 206
1694689075655 0.17853968507046905 207
1694689077268 0.19481358604062315 208
1694689078824 0.1556577176679759 209
1694689080096 0.17087105920662962 210
1694689081348 0.17473519086077136 211
1694689082669 0.11882585962668385 212
1694689084052 0.14103150748226123 213
1694689085306 0.14365686757657653 214
1694689086625 0.1939049016561127 215
1694689087887 0.1885082354503642 216
1694689089123 0.1493296226610216 217
1694689090426 0.15223193680467828 218
1694689091701 0.09115324032560591 219
1694689092881 0.10537407201882107 220
1694689094045 0.15239819146868083 221
1694689095248 0.0911164326066566 222
1694689096685 0.2141000402209427 223
1694689098134 0.1754608583984425 224
1694689099427 0.0793771078927308 225
1694689101031 0.09176876786602457 226
1694689102477 0.1442131181767144 227
1694689103668 0.12605824352466372 228
1694689104864 0.05467254498164944 229
1694689106116 0.1456497426464469 230
1694689107352 0.1348718891233911 231
1694689108510 0.12778716658761172 232
1694689109699 0.21982414227328198 233
1694689110877 0.07018133307819467 234
1694689112060 0.6042729634363724 235
1694689113233 0.10298940289789713 236
1694689114446 0.08598682194081655 237
1694689115637 0.16714406925287922 238
1694689116853 0.05302242294902438 239
1694689118282 0.09635798953825389 240
1694689119502 0.14737372452787617 241
1694689120675 0.1025874632229216 242
1694689121859 0.08803344584372653 243
1694689123046 0.10373253811410137 244
1694689124214 0.08421125438421721 245
1694689125414 0.12306652817013876 246
1694689126612 0.10469866584434694 247
1694689127850 0.1402238113291946 248
1694689129060 0.22665388867565323 249
1694689130334 0.11898101414566264 250
1694689131571 0.2333109815544585 251
1694689132792 0.07858805314997255 252
1694689134058 0.15814703754424383 253
1694689135584 0.1263572128611108 254
1694689136848 0.0756378999635724 255
1694689138096 0.12830700281540744 256
1694689139548 0.13990228058139498 257
1694689140775 0.17952814540452336 258
1694689142043 0.1376853292354787 259
1694689143517 0.06729420293858653 260
1694689145054 0.09846144100734242 261
1694689146919 0.14280493088098664 262
1694689148805 0.16215769225747123 263
1694689150411 0.18311896150902504 264
1694689152227 0.16957948503292475 265
1694689153572 0.09686937750552253 266
1694689154993 0.0726796520316765 267
1694689156321 0.1051230614308091 268
1694689157623 0.14206152917929887 269
1694689159289 0.3466237532005391 270
1694689160660 0.08755984205844068 271
1694689162339 0.13594176695539117 272
1694689164368 0.10190685879088879 273
1694689166370 0.1450363834602199 274
1694689168533 0.20759193724449468 275
1694689169949 0.1090688844999514 276
1694689171389 0.2309191148871531 277
1694689172869 0.10115471615319825 278
1694689174156 0.08849633318043128 279
1694689175848 0.15305448837935756 280
1694689177232 0.14482418040282788 281
1694689179034 0.0973944564642247 282
1694689180720 0.08929021403560025 283
1694689182265 0.41472689639572574 284
1694689183994 0.16633130893801484 285
1694689185411 1.536812510697759 286
1694689187083 0.27302998357261504 287
1694689188794 0.1777192708393184 288
1694689191165 0.2603989469506257 289
1694689193065 0.19283330078380612 290
1694689194339 0.11325042178250462 291
1694689195635 0.11637169418491666 292
1694689196989 0.08053791457151956 293
1694689198677 0.10077644920156978 294
1694689201164 0.9672968346986157 295
1694689204168 0.15198692650953247 296
1694689206293 0.08694627438030476 297
1694689208641 0.24199710813840714 298
1694689213278 0.13254137464675972 299
