1694738109306 0.02695617341519373 0
1694738111605 0.20002632215316474 1
1694738113877 0.15129244193002933 2
1694738116024 0.03785598677664507 3
1694738118226 0.11377376050923535 4
1694738120368 0.14776729871135882 5
1694738122471 0.0071272559828641545 6
1694738124935 0.09262210212360603 7
1694738127181 0.007947598421407106 8
1694738129682 0.2290930147252534 9
1694738131832 0.020164509109613236 10
1694738134107 0.18768433988340666 11
1694738136262 0.04742855690733886 12
1694738138286 0.010597721234857176 13
1694738140448 0.02231152675293075 14
1694738142408 0.06161763236211433 15
1694738144473 1.0122203149142632 16
1694738146612 0.09741763463301438 17
1694738148744 0.016092782843489615 18
1694738150712 0.000253974780406902 19
1694738152795 0.00043340113512737536 20
1694738155037 0.07714406529934195 21
1694738157465 0.033862104208000066 22
1694738159567 0.09713529841472039 23
1694738161736 0.0034085259286108344 24
1694738164371 0.001641942185262972 25
1694738166607 0.06924856930182798 26
1694738168774 3.621029654938269e-05 27
1694738170808 0.007195019180701546 28
1694738172959 0.01692734771871262 29
1694738174895 0.03070632871170218 30
1694738177266 0.0012758661826796059 31
1694738179309 0.007590751803978384 32
1694738181548 0.4248077788926811 33
1694738183578 0.15150060795478817 34
1694738185857 0.10954119807570538 35
1694738187997 0.017953765074215446 36
1694738190459 0.033117726065298884 37
1694738192803 0.003806388198272067 38
1694738194827 0.01595825444025082 39
1694738197182 0.09797860834030792 40
1694738199297 0.06990301235193394 41
1694738201587 0.08964187083000111 42
1694738203944 0.03707792292441369 43
1694738207417 0.035495830340351454 44
1694738210003 0.04013484802451976 45
1694738212222 0.157500815837011 46
1694738214700 0.4312314965031585 47
1694738217108 0.0017238533115929813 48
1694738219340 0.1993191846185757 49
1694738221978 0.08147410396460192 50
1694738224284 0.005072988548866473 51
1694738226774 0.013126351885567253 52
1694738229099 0.0001522430507317284 53
1694738231388 0.004054183612623688 54
1694738233738 0.024095797036264726 55
1694738235910 0.00566285763473949 56
1694738238253 0.26874652466962834 57
1694738240346 0.07453173453890688 58
1694738242675 0.23247740866306907 59
1694738244932 0.004879579478563401 60
1694738247351 0.0001325101079788468 61
1694738249768 0.19694882718992135 62
1694738252263 0.07653927178148313 63
1694738254688 0.12573135662134943 64
1694738257155 0.012571854538919415 65
1694738259432 0.020750389029079667 66
1694738261969 0.05323465003500358 67
1694738264121 0.017575459073174374 68
1694738266552 4.359569515709379e-06 69
1694738268935 0.07843760446252816 70
1694738271282 0.015663745973721045 71
1694738273873 0.02636718588885343 72
1694738276295 0.14717345210639973 73
1694738278856 0.0008367056216981367 74
1694738281227 0.03137453422182022 75
1694738283785 0.054007775911494894 76
1694738286560 0.43916552322511104 77
1694738288708 0.015235179597306248 78
1694738291124 0.0010062116516639408 79
1694738293515 0.05809550498984658 80
1694738295732 0.01715128471494501 81
1694738298130 0.00042017108438969965 82
1694738300810 0.02282426492293375 83
1694738303104 0.05626260226981195 84
1694738305438 0.07965777221615489 85
1694738307818 0.00020568507730642785 86
1694738310327 0.43050390472211914 87
1694738312951 0.10975140887196441 88
1694738315478 0.34191129049922014 89
1694738318218 0.18330459034387622 90
1694738320510 0.05551013498068841 91
1694738322876 0.09597231713453976 92
1694738325277 0.00031677300272015853 93
1694738327487 0.3261889605290389 94
1694738330093 0.3749542047966008 95
1694738332540 0.00018419213246391127 96
1694738335287 0.3525214542532147 97
1694738338043 0.09256254405442728 98
1694738340130 0.09910417788520452 99
