1694624365947 168.54379126551402 0
1694624367361 165.19807082103898 1
1694624368743 158.97283858782842 2
1694624370093 150.3906707711614 3
1694624371440 139.99561320171784 4
1694624372723 128.32409189097316 5
1694624374029 115.88181085411794 6
1694624375290 103.12651531263903 7
1694624376715 90.45625996883106 8
1694624377965 78.20264489736026 9
1694624379287 66.62836214485007 10
1694624380665 55.92832884684175 11
1694624382047 46.23366072064796 12
1694624383393 37.617755571342286 13
1694624385239 30.103802085400176 14
1694624386797 23.67309695042473 15
1694624388374 18.27363596210261 16
1694624389644 13.82853569932899 17
1694624391070 10.24393587375869 18
1694624392387 7.416123862762231 19
1694624394206 5.237708481962645 20
1694624395722 3.6027469879395766 21
1694624397296 2.4107957815363767 22
1694624398695 1.5699102908353562 23
1694624400052 0.9986627480230612 24
1694624401765 0.6272783260502655 25
1694624403925 0.3980111255901095 26
1694624405420 0.26489289995225446 27
1694624406817 0.19299050287781913 28
1694624408135 0.15730429322899578 29
1694624409439 0.1414306176886369 30
1694624410763 0.13609846418817087 31
1694624412054 0.13767478341640726 32
1694624413342 0.14671602128099082 33
1694624414671 0.16662613059345796 34
1694624415927 0.20246459053017118 35
1694624417201 0.25993242471677674 36
1694624418564 0.3445503577682357 37
1694624419915 0.4610314006982949 38
1694624421155 0.6128404709379961 39
1694624422502 0.8019261656450024 40
1694624423778 1.0286044434735704 41
1694624425157 1.2915705727544875 42
1694624426628 1.5880140556933264 43
1694624427923 1.9138110825471295 44
1694624429221 2.2637701309016585 45
1694624430561 2.6319083239108907 46
1694624431867 3.011738828481264 47
1694624433201 3.3965526611082186 48
1694624434482 3.7796815545207085 49
1694624435733 4.154731834259421 50
1694624437119 4.515782407669918 51
1694624438459 4.857542860796274 52
1694624439792 5.175470207635295 53
1694624441081 5.465844988898824 54
1694624442475 5.7258091494286685 55
1694624444036 5.953369434008857 56
1694624445400 6.147370949069068 57
1694624446702 6.3074460759882305 58
1694624447968 6.433944134180862 59
1694624449289 6.527847129183854 60
1694624450601 6.590676635870091 61
1694624451776 6.62439641303878 62
1694624453037 6.631314773926655 63
1694624454444 6.6139900943724514 64
1694624455797 6.575142167629263 65
1694624457100 6.517571446987814 66
1694624458398 6.444087582559125 67
1694624459739 6.357448078167095 68
1694624461264 6.260307383310923 69
1694624462650 6.155176302697321 70
1694624463926 6.044391255866845 71
1694624465344 5.930092651534588 72
1694624466737 5.814211451496132 73
1694624468146 5.698462880700413 74
1694624469463 5.584346184869927 75
1694624470916 5.473149335224299 76
1694624472357 5.365957621308283 77
1694624473716 5.263665147564019 78
1694624475102 5.166988347533661 79
1694624476348 5.07648074266789 80
1694624477767 4.992548292939606 81
1694624479171 4.915464807306305 82
1694624480571 4.845386998268942 83
1694624481914 4.782368872327131 84
1694624483281 4.72637524419896 85
1694624484564 4.67729424550759 86
1694624486105 4.634948767430355 87
1694624487825 4.599106831549839 88
1694624489197 4.569490924469902 89
1694624490633 4.545786360776029 90
1694624491997 4.527648757078276 91
1694624493417 4.514710708828423 92
1694624494794 4.506587763088474 93
1694624496232 4.502883776170329 94
1694624497609 4.503195736700732 95
1694624498979 4.507118123676462 96
1694624500374 4.5142468567573895 97
1694624501736 4.524182883481189 98
1694624503132 4.536535436133311 99
