1694693553602 1.139657179982606 0
1694693554801 0.5614237984537297 1
1694693556335 0.5445117060076813 2
1694693557645 0.5219283325006902 3
1694693558931 0.5377805109094868 4
1694693560244 0.6672303200700981 5
1694693561471 0.6833578983636452 6
1694693562602 0.6337439024899867 7
1694693563857 0.4993742215792343 8
1694693565041 0.5154785770779228 9
1694693566303 0.4964214657139261 10
1694693567423 0.5629089715687607 11
1694693568642 0.6076055474094086 12
1694693569819 0.579642618787479 13
1694693571032 0.6251975797293781 14
1694693572328 0.6214051427491539 15
1694693573563 0.6581905179345402 16
1694693574884 0.5145716500177787 17
1694693576220 0.4778152729769501 18
1694693577449 0.6464735832467046 19
1694693578737 0.7082858099419719 20
1694693580201 0.5557996645359949 21
1694693581371 0.5062168277728774 22
1694693582551 0.5027015986498274 23
1694693583759 0.574806774053635 24
1694693585027 0.5736714500528157 25
1694693586245 0.6034431940025354 26
1694693587453 0.6576252447426224 27
1694693588609 0.6187370312559551 28
1694693589691 0.6128123901259621 29
1694693590997 0.48451932412048765 30
1694693592332 0.5441250619836626 31
1694693593498 0.4913912371126143 32
1694693594747 0.5442150750058297 33
1694693595976 0.5200647529736534 34
1694693597252 0.5957484037459216 35
1694693598466 0.5975033952782123 36
1694693599700 0.521539147666503 37
1694693600897 0.5060924097047579 38
1694693602061 0.6388217465576811 39
1694693603196 0.5632436881426366 40
1694693604434 0.593046866829333 41
1694693605579 0.557578445114367 42
1694693606776 0.48250010069866084 43
1694693608019 0.6633503396570041 44
1694693609151 0.6360660514864456 45
1694693610364 0.49917014213465527 46
1694693611607 0.5694730954593825 47
1694693612875 0.6519193020915078 48
1694693614063 0.43639168307626613 49
1694693615370 0.7470182091128436 50
1694693616712 0.650868112772118 51
1694693618128 0.4961196056166268 52
1694693619534 0.6955683344210197 53
1694693620913 0.6024231197615161 54
1694693622080 0.6012993452713161 55
1694693623289 0.5265901747109094 56
1694693624582 0.6929762692936133 57
1694693625783 0.5946711057084735 58
1694693627120 0.7989520643947101 59
1694693628378 0.46353168211581025 60
1694693629572 0.6528692842554326 61
1694693630679 0.5626058461957963 62
1694693631909 0.549398109863142 63
1694693633211 0.4906922995033565 64
1694693634842 0.5375896064340949 65
1694693637346 0.6866568122163538 66
1694693639813 0.5590571546160167 67
1694693641302 0.5186971750233191 68
1694693642564 0.6350901165389048 69
1694693643788 0.647822100747294 70
1694693645286 0.5532408833410617 71
1694693646408 0.5842834520013025 72
1694693647511 0.5339567804821571 73
1694693648541 0.4306437531436045 74
1694693649705 0.4643709639395562 75
1694693650790 0.6146478073455465 76
1694693652455 0.606732467922126 77
1694693655173 0.5577450571465893 78
1694693657678 0.5731168580951549 79
1694693660413 0.5364073763081662 80
1694693662500 0.5000093604489659 81
1694693664032 0.6075564261157226 82
1694693665374 0.5205682777726085 83
1694693666472 0.5177476779209491 84
1694693667636 0.6405753286154013 85
1694693668922 0.3621002016695467 86
1694693670439 0.7343132103724458 87
1694693671605 0.7089731520454079 88
1694693672756 0.4188547053122487 89
1694693674013 0.4882657161409845 90
1694693675189 0.5718794887005595 91
1694693676305 0.5545880979852307 92
1694693677431 0.5959550872051554 93
1694693678513 0.6249398393887213 94
1694693679737 0.4801645865315961 95
1694693680911 0.6198639302721575 96
1694693682232 0.7428087252818422 97
1694693683828 0.5044021381406191 98
1694693686151 0.540296347650505 99
1694693688034 0.5643465518864033 100
1694693689974 0.5552359468004134 101
1694693691713 0.5275091125783573 102
1694693693081 0.6346916817755158 103
1694693695332 0.614966796917899 104
1694693697374 0.4830142754500114 105
1694693699339 0.5355752557449701 106
1694693700877 0.47631245188443133 107
1694693702574 0.600054913300396 108
1694693704199 0.5318983473047425 109
1694693705549 0.5486843019031441 110
1694693706766 0.6030801359960168 111
1694693707775 0.5624135183938016 112
1694693708840 0.5905692120472907 113
1694693709892 0.6125671657564215 114
1694693710989 0.5142791973052285 115
1694693712069 0.6095142691929243 116
1694693713150 0.6514395750064839 117
1694693714229 0.4769583158047332 118
1694693715344 0.5293956862593219 119
1694693716648 0.6162894862780932 120
1694693718110 0.5599492232201372 121
1694693719283 0.5343280299903533 122
1694693720361 0.55701862711415 123
1694693721465 0.7836956298327238 124
1694693722494 0.7372565963725957 125
1694693723630 0.44407108020213565 126
1694693724763 0.5375659435395658 127
1694693725939 0.5604576463437873 128
1694693726987 0.5607655076185669 129
1694693728071 0.6581506053164048 130
1694693729136 0.4733623220640872 131
1694693730377 0.5464768658330555 132
1694693731428 0.48312469447093576 133
1694693732473 0.5153006722490536 134
1694693733604 0.6628702357994232 135
1694693735370 0.49061039561638076 136
1694693737541 0.5671544419173468 137
1694693739472 0.7184731512462005 138
1694693741264 0.5334173416554382 139
1694693742483 0.5800865886784564 140
1694693743939 0.5250020134486607 141
1694693745415 0.5349420844335898 142
1694693746672 0.583575394838308 143
1694693748250 0.6458465946834331 144
1694693750291 0.5166436861260955 145
1694693752429 0.5538018025397606 146
1694693753937 0.5998521190757138 147
1694693755401 0.46035460908025116 148
1694693756869 0.5166497599616833 149
1694693757984 0.4942724864234582 150
1694693759400 0.5249300785119271 151
1694693760802 0.47452255840229435 152
1694693762063 0.6403107392002415 153
1694693763324 0.7161299919746003 154
1694693764536 0.5810491862368669 155
1694693765730 0.5147825277520474 156
1694693766897 0.6105917392374112 157
1694693768129 0.5146003097160814 158
1694693769260 0.5023390248446153 159
1694693770468 0.6088587008283476 160
1694693771665 0.632806874046529 161
1694693772818 0.7130832509260903 162
1694693773942 0.5511233982616648 163
1694693775157 0.4634244276420795 164
1694693776439 0.5708106595994646 165
1694693777502 0.552926172899062 166
1694693778690 0.5399734903324924 167
1694693779932 0.5782067443939846 168
1694693781096 0.6800690685410202 169
1694693782177 0.5769362524621156 170
1694693783411 0.5837179313818908 171
1694693784507 0.6427075746727489 172
1694693785706 0.5360580897081862 173
1694693787018 0.48082103197330595 174
1694693788329 0.5165166388630135 175
1694693789704 0.6506111946445178 176
1694693791278 0.3846682925836853 177
1694693792794 0.49462854313133425 178
1694693794203 0.5990337326409216 179
1694693795595 0.50154460446611 180
1694693796846 0.5557773579100361 181
1694693798130 0.4527611550136087 182
1694693799509 0.5966194096606652 183
1694693800767 0.5705746477416099 184
1694693802140 0.5150991476658404 185
1694693803388 0.507124272030696 186
1694693804770 0.473252402645249 187
1694693805916 0.49877907611286615 188
1694693807207 0.6792518290616115 189
1694693808434 0.5584881149460351 190
1694693809635 0.6950450602533415 191
1694693810938 0.6144005618082037 192
1694693812204 0.4981472988116968 193
1694693813436 0.45808246045039125 194
1694693815115 0.5503316640470676 195
1694693817856 0.4804323146664043 196
1694693820373 0.5996306599329553 197
1694693822430 0.5970068406106178 198
1694693824234 0.5871459099155613 199
1694693825592 0.553388691736422 200
1694693827369 0.5644529015215947 201
1694693828789 0.6880735811750279 202
1694693830390 0.5778308272587663 203
1694693832334 0.6433647964098445 204
1694693833963 0.5047964251286289 205
1694693835519 0.6199789737939859 206
1694693837191 0.5118231357359915 207
1694693838587 0.5104011814945045 208
1694693839993 0.5077499706323539 209
1694693841419 0.5757005699105557 210
1694693842627 0.6058873545340432 211
1694693843934 0.44743589574195636 212
1694693845095 0.5272324986619048 213
1694693846320 0.6760285979026467 214
1694693847576 0.5700622239727591 215
1694693848796 0.5066710558092017 216
1694693849932 0.6415332334995613 217
1694693851422 0.5442153155637212 218
1694693852612 0.4402552479311009 219
1694693853880 0.7013197800298429 220
1694693855177 0.5260332434517517 221
1694693856579 0.6083655126117308 222
1694693857892 0.6391881854033099 223
1694693859223 0.513825085028962 224
1694693860489 0.5477622129198068 225
1694693861776 0.6422091436519727 226
1694693863306 0.5513943377116939 227
1694693864643 0.5345972536734461 228
1694693866013 0.6221432933755507 229
1694693867454 0.6225367673753216 230
1694693868834 0.6041677789163126 231
1694693870183 0.5386861710991654 232
1694693871823 0.4665648785127953 233
1694693873018 0.5173773929901866 234
1694693874342 0.5281180359386447 235
1694693876101 0.6223336307798726 236
1694693877221 0.5696480366540293 237
1694693878571 0.5859601763887461 238
1694693880302 0.5086775980167776 239
1694693881709 0.5033896858775255 240
1694693882968 0.5328336172102596 241
1694693884379 0.44563156437156853 242
1694693885591 0.5030265973338989 243
1694693886867 0.48488093701756124 244
1694693888189 0.5338973729473435 245
1694693889288 0.5457778666749611 246
1694693890539 0.5628741719274987 247
1694693891989 0.5771769797955522 248
1694693893140 0.5532628266304029 249
1694693894409 0.4433918577849278 250
1694693895725 0.507292753893072 251
1694693896843 0.4697440494425928 252
1694693898018 0.5692847467102655 253
1694693899242 0.5844304374578428 254
1694693900459 0.5894954821067208 255
1694693901706 0.5387632804141912 256
1694693903097 0.5447103732648533 257
1694693904498 0.5786700994506682 258
1694693905862 0.684463820602555 259
1694693907041 0.5637416460291942 260
1694693908242 0.5820831871655002 261
1694693909405 0.665420414627915 262
1694693910628 0.5854364908033124 263
1694693911893 0.5481036164171627 264
1694693913147 0.5786011941257923 265
1694693914584 0.5761242624692939 266
1694693916147 0.4289239208862752 267
1694693917474 0.5816379808970707 268
1694693919016 0.6279398513589625 269
1694693920379 0.548725143406175 270
1694693921655 0.545769117739326 271
1694693923074 0.5691465404427885 272
1694693924576 0.7040948807753873 273
