1694516779242 168.54379126551402 0
1694516780185 136.59749084859934 1
1694516781324 110.96024767559905 2
1694516782169 90.27230566541913 3
1694516783023 73.56555234086687 4
1694516784407 60.061602434092016 5
1694516785542 49.136810691945755 6
1694516786662 40.28922469757812 7
1694516787617 33.11579261397938 8
1694516788545 27.29196949509417 9
1694516789394 22.558503343595056 10
1694516790148 18.705298954673392 11
1694516791067 15.563738543713432 12
1694516791857 12.998059281960888 13
1694516792702 10.898280121572247 14
1694516793685 9.17750400438454 15
1694516794667 7.763962882343561 16
1694516795641 6.600240401521355 17
1694516796540 5.639950123049772 18
1694516797434 4.845023324280806 19
1694516798387 4.1862680613904955 20
1694516799244 3.638476557163985 21
1694516800098 3.181688291543592 22
1694516801132 2.799198711864977 23
1694516802069 2.4788415079073447 24
1694516803018 2.20934941515094 25
1694516803883 1.9819549890199692 26
1694516804820 1.7890444152925595 27
1694516805749 1.6256741357436588 28
1694516806627 1.4865602331723493 29
1694516807501 1.367353654250849 30
1694516808380 1.2655786060283016 31
1694516809250 1.1781482637135865 32
1694516810143 1.102477612942356 33
1694516811055 1.0374110262100644 34
1694516811956 0.9810645222127068 35
1694516812866 0.9318195819312185 36
1694516813769 0.8892391911783972 37
1694516814700 0.8521084645437373 38
1694516815593 0.8193470370306928 39
1694516816467 0.7909186219006858 40
1694516817410 0.7659871376809301 41
1694516818358 0.7437772710803786 42
1694516819208 0.7244835345797999 43
1694516820122 0.7074882582792762 44
1694516821081 0.6921922877953152 45
1694516822099 0.6789286205801847 46
1694516823244 0.6672077352690723 47
1694516824684 0.6565340299707512 48
1694516825659 0.6473277144325942 49
1694516826538 0.6389304196343438 50
1694516827529 0.6316710499141536 51
1694516828428 0.6252429084352972 52
1694516829387 0.6192761497077942 53
1694516830235 0.6141887042964915 54
1694516831188 0.6094624788537886 55
1694516832080 0.6054259735567038 56
1694516832904 0.6018570810766918 57
1694516833968 0.5984441548783321 58
1694516834887 0.5956078201877435 59
1694516835900 0.5928943906470069 60
1694516836861 0.5906364865745232 61
1694516837696 0.5886519042118608 62
1694516838510 0.586656566001188 63
1694516839380 0.585076787051036 64
1694516840229 0.5834879595715723 65
1694516841157 0.5822288932638556 66
1694516841952 0.5811361866143574 67
1694516842779 0.5799388183828447 68
1694516843643 0.5790696261115243 69
1694516844533 0.5781163412565007 70
1694516845342 0.5774242241889525 71
1694516846163 0.5768384590832017 72
1694516846976 0.5760939988028293 73
1694516847792 0.5756298341542079 74
1694516848669 0.5750380958959245 75
1694516849460 0.574669879477061 76
1694516850133 0.574373956936149 77
1694516850933 0.5738877563794773 78
1694516851653 0.5736555770620025 79
1694516852353 0.573270265739128 80
1694516853186 0.5730878461603581 81
1694516854084 0.572958252439409 82
1694516854919 0.5726196737219706 83
1694516855773 0.5725207841536767 84
1694516856689 0.572253542940573 85
1694516857505 0.572177990496078 86
1694516858344 0.5721440853079552 87
1694516859226 0.5718899685622019 88
1694516860088 0.5718678343106787 89
1694516861061 0.571668162277529 90
1694516861981 0.5716542059972675 91
1694516862928 0.5716754578959217 92
1694516863948 0.5714696629708113 93
1694516864844 0.5714918124748825 94
1694516865683 0.5713307945191243 95
1694516866524 0.5713524088708836 96
1694516867445 0.5714055128079385 97
1694516868344 0.5712273383112495 98
1694516869217 0.5712750863403839 99
