1694623875485 169.64084248330963 0
1694623876901 154.99587769244746 1
1694623878276 131.76920240302323 2
1694623879574 107.40865062907416 3
1694623880993 87.98764261532673 4
1694623882312 76.41693204590716 5
1694623883786 72.15914529429192 6
1694623885195 72.24428780349848 7
1694623886677 72.94587110741531 8
1694623888068 71.3623723555292 9
1694623889498 66.33733077642661 10
1694623890828 58.51373634252736 11
1694623892333 49.68476343481765 12
1694623893642 41.83512047062088 13
1694623894957 36.30444947428233 14
1694623896440 33.37073168667055 15
1694623897726 32.33153522091376 16
1694623899046 31.954549609746586 17
1694623900444 31.051865371205604 18
1694623901980 28.932012278733776 19
1694623903319 25.577549314333034 20
1694623905251 21.530187198974428 21
1694623906702 17.581146932112155 22
1694623908202 14.421080670294094 23
1694623909588 12.39095555352996 24
1694623911021 11.410798666945919 25
1694623912481 11.081316227320285 26
1694623913828 10.888513728892987 27
1694623915179 10.415050488442501 28
1694623916622 9.477042390524957 29
1694623917918 8.148046700889187 30
1694623919307 6.68155760671389 31
1694623920839 5.379554023079555 32
1694623922149 4.466282804708355 33
1694623923458 4.013693410230353 34
1694623924896 3.937093674789788 35
1694623926214 4.049934748913415 36
1694623927551 4.146623584928584 37
1694623928960 4.077597333736522 38
1694623930212 3.7904419064723536 39
1694623931668 3.3283488500879423 40
1694623933076 2.794631002176131 41
1694623934354 2.3028691612108383 42
1694623935602 1.9337485574263618 43
1694623937000 1.7130144183042755 44
1694623938342 1.6142781188495505 45
1694623939707 1.5804298889239166 46
1694623941077 1.5517529549338942 47
1694623942379 1.4887625898503491 48
1694623943713 1.3822382144157477 49
1694623945218 1.249313238695535 50
1694623946841 1.120035607089487 51
1694623948208 1.021577926032022 52
1694623949571 0.9667546544647931 53
1694623950895 0.9505342749611058 54
1694623952304 0.9544231320307265 55
1694623953603 0.955562153871084 56
1694623954870 0.936130621493064 57
1694623956198 0.8893314025840157 58
1694623957564 0.820218138430842 59
1694623958828 0.74191497470227 60
1694623960269 0.6694436906747271 61
1694623962228 0.6138930221589193 62
1694623964509 0.5790530518929119 63
1694623966406 0.5613331175040702 64
1694623968748 0.552404924593349 65
1694623970548 0.5430961125907608 66
1694623972117 0.5268636474593674 67
1694623973658 0.50164156860421 68
1694623975298 0.46968665836132717 69
1694623977003 0.4358601323807745 70
1694623978518 0.40528138701406147 71
1694623980096 0.38134461690984145 72
1694623981794 0.3647641386056286 73
1694623983282 0.353803196106776 74
1694623984838 0.3453704445129615 75
1694623986340 0.3364063926564316 76
1694623988004 0.3249866586046434 77
1694623989747 0.31078679963374406 78
1694623991427 0.29486179877884744 79
1694623993141 0.27895888620467235 80
1694623994687 0.2647138842866589 81
1694623996250 0.25305541223613853 82
1694623998120 0.2439985075174761 83
1694624000214 0.2368261501231425 84
1694624002001 0.23051076962391498 85
1694624003686 0.2241662601321523 86
1694624005395 0.21735109401753322 87
1694624007242 0.21013558726140202 88
1694624009204 0.20295399484400978 89
1694624011224 0.19634100829887224 90
1694624013096 0.19067782890916035 91
1694624014541 0.18604569288068143 92
1694624016128 0.18222497370617802 93
1694624017650 0.17881470864076332 94
1694624019183 0.17540541249945657 95
1694624020899 0.17172942114073464 96
1694624022673 0.16773488170545892 97
1694624024948 0.1635679612587978 98
1694624026431 0.15948525552498669 99
