1694451930862 -239.5056314025408 0
1694451932707 -193.91946596117162 1
1694451934004 -157.33608718200605 2
1694451935080 -127.81517443750005 3
1694451937662 -103.97526774714852 4
1694451940744 -84.70564070024763 5
1694451942107 -69.11637504912092 6
1694451943988 -56.49120363232572 7
1694451945130 -46.25498668458124 8
1694451946375 -37.94461081213111 9
1694451947499 -31.19013319571485 10
1694451948643 -25.691755904434213 11
1694451949708 -21.20886772116746 12
1694451950623 -17.547740211272302 13
1694451951586 -14.551434568784376 14
1694451952516 -12.095951970112573 15
1694451953445 -10.0788821183115 16
1694451954272 -8.41829404250059 17
1694451955098 -7.047996044458664 18
1694451956070 -5.913665493204182 19
1694451956989 -4.9736465862389725 20
1694451957888 -4.1919687765034706 21
1694451958766 -3.540149154935584 22
1694451959661 -2.9943509551040606 23
1694451960546 -2.5372133113281086 24
1694451961453 -2.152658262223592 25
1694451962366 -1.8281749951544848 26
1694451963239 -1.5528988844762375 27
1694451964062 -1.3197756591097183 28
1694451964895 -1.1212653685581242 29
1694451965757 -0.9511620778015555 30
1694451966606 -0.8059329237045803 31
1694451967428 -0.6811731237484049 32
1694451968264 -0.5731939599611968 33
1694451969237 -0.48034639549288816 34
1694451970187 -0.3999420601005401 35
1694451971066 -0.32967138820659936 36
1694451971967 -0.2689107770533745 37
1694451972869 -0.21592663099464504 38
1694451973704 -0.16917730993979352 39
1694451974597 -0.12861103408187735 40
1694451975635 -0.09303474670248169 41
1694451976862 -0.0613421049859022 42
1694451977854 -0.033810670903730244 43
1694451978836 -0.009559052811913604 44
1694451979832 0.012267719990202708 45
1694451980859 0.031194472701388642 46
1694451982278 0.04791973384082171 47
1694451983306 0.06315070860947014 48
1694451984370 0.07628777355128946 49
1694451985399 0.08827039641957946 50
1694451986365 0.09862924313252919 51
1694451987248 0.10780195850524643 52
1694451988239 0.1163162980985929 53
1694451989525 0.12357589076400166 54
1694451990480 0.1303200361621395 55
1694451991381 0.13607997693388652 56
1694451992303 0.1411726518575266 57
1694451993289 0.14604276878146416 58
1694451994182 0.15009011137715955 59
1694451995151 0.15396207296091868 60
1694451996065 0.15718401688731098 61
1694451996994 0.16001594104552908 62
1694451997908 0.16286321339306686 63
1694451998775 0.16511749835384704 64
1694451999632 0.167384695224577 65
1694452000553 0.1691813353442837 66
1694452001577 0.1707405865080437 67
1694452002794 0.17244918580072088 68
1694452003908 0.17368949037945647 69
1694452005367 0.1750497919025351 70
1694452006967 0.1760374168460902 71
1694452009202 0.176873281552552 72
1694452010383 0.17793559828602967 73
1694452011668 0.17859794372784765 74
1694452012629 0.17944233189762182 75
1694452013579 0.17996776283546068 76
1694452014692 0.18039003313692892 77
1694452015664 0.18108382298817505 78
1694452016864 0.18141513411467003 79
1694452017766 0.18196495883558494 80
1694452018720 0.18222526469225753 81
1694452019697 0.18241019004280667 82
1694452020556 0.1828933290988678 83
1694452021543 0.18303444078196862 84
1694452022524 0.18341578391072888 85
1694452023392 0.18352359439861943 86
1694452024349 0.18357197582291318 87
1694452025303 0.18393459083191754 88
1694452026256 0.18396617557377148 89
1694452027365 0.18425110003195233 90
1694452029908 0.18427101511735033 91
1694452032965 0.18424068945975147 92
1694452034278 0.18453435105375893 93
1694452035800 0.18450274454709448 94
1694452037102 0.18473251109515876 95
1694452038432 0.1847016682306536 96
1694452039575 0.18462589091595394 97
1694452040758 0.1848801392006536 98
1694452042302 0.18481200456449187 99
