1694620155074 169.64084248330963 0
1694620156254 166.32992007539954 1
1694620157501 160.0905294335243 2
1694620158790 151.45281370337304 3
1694620160036 140.96975084230357 4
1694620161291 129.18720064362373 5
1694620162547 116.62008617295895 6
1694620163722 103.73460156958087 7
1694620164930 90.93608723300817 8
1694620166386 78.56202617343389 9
1694620167589 66.87948829475563 10
1694620168816 56.086277027499 11
1694620170100 46.31500800406546 12
1694620171313 37.6393644807689 13
1694620172550 30.081820738307368 14
1694620173885 23.622194622699766 15
1694620175115 18.20647607326132 16
1694620176463 13.755473001588687 17
1694620177697 10.172913223228827 18
1694620179030 7.352736302646217 19
1694620180258 5.185398204691787 20
1694620181763 3.56309163811589 21
1694620183039 2.383853986331493 22
1694620184603 1.5545916813835232 23
1694620185819 0.9930944811638102 24
1694620187052 0.6291456776930152 25
1694620188221 0.40485560964619827 26
1694620189514 0.2743571508233447 27
1694620190738 0.20300451187803278 28
1694620191966 0.1662122666689593 29
1694620193192 0.1480615702614337 30
1694620194525 0.1397865990462673 31
1694620195688 0.13823773224523583 32
1694620197181 0.14440017246385334 33
1694620198424 0.16202865270789876 34
1694620199655 0.1964414826467033 35
1694620200851 0.25350113157070736 36
1694620202242 0.33879431942452276 37
1694620203549 0.4570125012653306 38
1694620204786 0.6115238360928142 39
1694620205959 0.8041202442071717 40
1694620207243 1.0349178837829995 41
1694620208519 1.3023861382001338 42
1694620209786 1.6034787617297503 43
1694620210967 1.933840905843656 44
1694620212171 2.2880670476609435 45
1694620213409 2.6599870713722527 46
1694620214700 3.042960631669175 47
1694620215901 3.4301631977919635 48
1694620217217 3.8148506114474325 49
1694620218514 4.190592400816368 50
1694620219858 4.551467323047809 51
1694620221114 4.89221754337985 52
1694620222426 5.208360420312175 53
1694620223602 5.4962590055545455 54
1694620224821 5.753154065712912 55
1694620226112 5.977161694659376 56
1694620227438 6.16724143516122 57
1694620228613 6.3231403038512495 58
1694620229837 6.445318263078542 59
1694620231094 6.534860560409094 60
1694620232350 6.593382017561977 61
1694620233615 6.622927850589707 62
1694620234840 6.625874994203063 63
1694620235965 6.604837232433884 64
1694620237261 6.562576746327261 65
1694620238496 6.501924011239343 66
1694620239793 6.425707338705764 67
1694620241029 6.336692780913189 68
1694620242307 6.237534613204583 69
1694620243767 6.130736189538377 70
1694620245116 6.018620630054431 71
1694620246350 5.903310547278616 72
1694620247721 5.786715843065952 73
1694620248960 5.670528504693256 74
1694620250278 5.556223286440938 75
1694620251560 5.445063172483631 76
1694620252808 5.338108567560897 77
1694620253989 5.236229243557801 78
1694620255213 5.140118173252628 79
1694620256378 5.050306498477056 80
1694620257692 4.967179001310324 81
1694620258865 4.890989567465055 82
1694620260085 4.821876245771259 83
1694620261249 4.759875612928637 84
1694620262496 4.704936245945255 85
1694620263706 4.656931184433672 86
1694620264934 4.61566933062088 87
1694620266240 4.580905786726054 88
1694620267476 4.552351168042592 89
1694620268648 4.529679956839149 90
1694620270059 4.512537978573592 91
1694620271280 4.5005490895643225 92
1694620272623 4.4933211659103875 93
1694620273816 4.4904514787828065 94
1694620275013 4.4915315328042995 95
1694620276241 4.496151433511657 96
1694620277500 4.5039038380777745 97
1694620278713 4.514387531568915 98
1694620279884 4.527210659818228 99
