1694628249812 169.64084248330963 0
1694628251199 166.32992007539954 1
1694628252665 160.0905294335243 2
1694628253936 151.45281370337304 3
1694628255227 140.96975084230354 4
1694628256590 129.18720064362373 5
1694628258028 116.6200861729589 6
1694628259517 103.73460156958086 7
1694628260901 90.93608723300817 8
1694628262307 78.56202617343389 9
1694628263617 66.8794882947556 10
1694628264969 56.08627702749897 11
1694628266301 46.315008004065426 12
1694628267652 37.63936448076886 13
1694628268858 30.08182073830734 14
1694628269977 23.622194622699734 15
1694628271210 18.206476073261292 16
1694628272362 13.755473001588658 17
1694628273799 10.172913223228804 18
1694628275140 7.352736302646198 19
1694628276481 5.185398204691771 20
1694628277904 3.5630916381158766 21
1694628279542 2.3838539863314825 22
1694628281080 1.5545916813835186 23
1694628282408 0.9930944811638102 24
1694628283544 0.6291456776930152 25
1694628285017 0.40485560964620004 26
1694628286375 0.274357150823346 27
1694628287544 0.20300451187803364 28
1694628288937 0.1662122666689599 29
1694628290476 0.14806157026143413 30
1694628292009 0.1397865990462677 31
1694628293499 0.13823773224523628 32
1694628294845 0.1444001724638539 33
1694628296145 0.16202865270789954 34
1694628297399 0.19644148264670427 35
1694628298700 0.2535011315707087 36
1694628299877 0.3387943194245245 37
1694628301467 0.4570125012653327 38
1694628302810 0.6115238360928168 39
1694628304215 0.8041202442071745 40
1694628305583 1.0349178837829995 41
1694628306994 1.3023861382001338 42
1694628308327 1.6034787617297503 43
1694628309692 1.9338409058436556 44
1694628311026 2.2880670476609435 45
1694628312493 2.6599870713722527 46
1694628313785 3.042960631669175 47
1694628315005 3.4301631977919635 48
1694628316232 3.8148506114474325 49
1694628317687 4.190592400816368 50
1694628319185 4.551467323047809 51
1694628320575 4.89221754337985 52
1694628321934 5.208360420312176 53
1694628323350 5.4962590055545455 54
1694628324686 5.753154065712911 55
1694628326003 5.977161694659376 56
1694628327325 6.167241435161221 57
1694628328419 6.323140303851251 58
1694628329883 6.445318263078542 59
1694628331116 6.534860560409093 60
1694628332376 6.593382017561977 61
1694628333925 6.622927850589707 62
1694628335616 6.6258749942030635 63
1694628337255 6.604837232433884 64
1694628338407 6.562576746327261 65
1694628339702 6.501924011239343 66
1694628341132 6.425707338705764 67
1694628342597 6.336692780913189 68
1694628344091 6.237534613204583 69
1694628345892 6.130736189538376 70
1694628347423 6.018620630054431 71
1694628349061 5.903310547278616 72
1694628350740 5.786715843065952 73
1694628352295 5.670528504693256 74
1694628353805 5.556223286440937 75
1694628355332 5.445063172483632 76
1694628356957 5.338108567560897 77
1694628358341 5.236229243557801 78
1694628359784 5.1401181732526275 79
1694628361351 5.050306498477056 80
1694628362854 4.967179001310323 81
1694628364115 4.890989567465055 82
1694628365516 4.821876245771259 83
1694628366866 4.759875612928638 84
1694628368703 4.704936245945255 85
1694628370794 4.656931184433672 86
1694628372360 4.61566933062088 87
1694628374048 4.5809057867260545 88
1694628375925 4.552351168042585 89
1694628377032 4.529679956839142 90
1694628378454 4.512537978573585 91
1694628379994 4.500549089564315 92
1694628381902 4.4933211659103796 93
1694628383759 4.4904514787827985 94
1694628385375 4.491531532804292 95
1694628386733 4.49615143351165 96
1694628388128 4.5039038380777665 97
1694628390038 4.514387531568908 98
1694628391499 4.527210659818221 99
