1694627771357 168.54379126551402 0
1694627772599 165.19807082103898 1
1694627773825 158.9663075721069 2
1694627775070 150.36032152986655 3
1694627776326 139.91176939841372 4
1694627777593 128.1455283899909 5
1694627778800 115.55866607573905 6
1694627779991 102.6047039902929 7
1694627781193 89.68274050897212 8
1694627782469 77.13089950458418 9
1694627783642 65.22351104370114 10
1694627784882 54.171403844955385 11
1694627786070 44.124691019787186 12
1694627787303 35.17745531929391 13
1694627788422 27.373782450720338 14
1694627789610 20.714646065521144 15
1694627790698 15.165211274722889 16
1694627791845 10.662191072156569 17
1694627792925 7.12095848375542 18
1694627794085 4.442183855456659 19
1694627795176 2.5178292796743835 20
1694627796359 1.236389139206757 21
1694627797624 0.48731603225426257 22
1694627798872 0.16461430666883092 23
1694627800318 0.16961884515912004 24
1694627801514 0.41300470489063196 25
1694627802769 0.8160940868052957 26
1694627803973 1.3115414535455818 27
1694627805415 1.8434861318899314 28
1694627806646 2.3672652149254385 29
1694627807911 2.8487788502611524 30
1694627809105 3.263595894362912 31
1694627810373 3.595881230228185 32
1694627811572 3.8372175319177595 33
1694627812858 3.985384588036465 34
1694627814119 4.04314905585812 35
1694627815368 4.017107206545645 36
1694627816668 3.9166132456921923 37
1694627817994 3.7528164679869938 38
1694627819266 3.5378220610705964 39
1694627820515 3.283982964977174 40
1694627821910 3.003323904807114 41
1694627823240 2.707093571561979 42
1694627824565 2.4054369070207344 43
1694627825788 2.1071764923337737 44
1694627827058 1.8196900570573684 45
1694627828416 1.5488700061384406 46
1694627829671 1.2991504854227696 47
1694627830932 1.0735877450673197 48
1694627832152 0.873980288958819 49
1694627833378 0.7010163963902305 50
1694627834645 0.554437958238927 51
1694627835836 0.4332110835804777 52
1694627837140 0.33569551697705735 53
1694627838350 0.25980648839703685 54
1694627839641 0.20316413766297356 55
1694627841208 0.16322706789135746 56
1694627843167 0.13740785471402053 57
1694627844554 0.12316944884839096 58
1694627845893 0.1181023476651156 59
1694627847544 0.11998317429159362 60
1694627849139 0.12681589509187632 61
1694627850827 0.13685733825346488 62
1694627852029 0.1486289619926492 63
1694627853212 0.16091697766429713 64
1694627854380 0.1727629795503427 65
1694627855670 0.18344718862633244 66
1694627856752 0.19246630124580374 67
1694627858129 0.19950776359676434 68
1694627859574 0.20442208570032552 69
1694627861222 0.20719457957381596 70
1694627862644 0.2079176678894196 71
1694627864120 0.20676467282414623 72
1694627865890 0.20396576849291112 73
1694627867293 0.19978657101103622 74
1694627868746 0.1945096525649537 75
1694627870232 0.18841910287704863 76
1694627871584 0.18178812462168736 77
1694627873153 0.1748695388975828 78
1694627874581 0.16788899195904908 79
1694627876146 0.16104059341683508 80
1694627878129 0.154484676805436 81
1694627879704 0.1483473531492674 82
1694627881393 0.14272152409499686 83
1694627883120 0.13766903039087405 84
1694627884971 0.13322363111849858 85
1694627886825 0.1293945364022146 86
1694627888471 0.12617024884587982 87
1694627890509 0.1235225044626315 88
1694627892446 0.1214101404649338 89
1694627894449 0.11978275338533552 90
1694627896267 0.11858404533886943 91
1694627898257 0.11775478785860388 92
1694627899970 0.11723536096395201 93
1694627901696 0.11696784954026064 94
1694627903324 0.1168976995241975 95
1694627905037 0.11697495279657684 96
1694627906711 0.11715509222884911 97
1694627908259 0.11739953727564598 98
1694627909979 0.11767583620298981 99
