1694708746969 40.832117373442955 0
1694708748963 24.36453263999742 1
1694708750642 33.112771146533994 2
1694708752635 8.480620088044311 3
1694708754455 4.932138002093885 4
1694708756514 13.728093087905776 5
1694708758177 1.440480825787609 6
1694708759858 1.1091077662140971 7
1694708762097 0.9764558804073276 8
1694708763921 0.6997806707068115 9
1694708765815 0.18185676031855114 10
1694708767583 0.347298768514912 11
1694708769515 1.2387014724673275 12
1694708771288 0.4775123911915261 13
1694708773435 0.21361379035767775 14
1694708775343 0.10516624101758625 15
1694708777273 0.14357117036519432 16
1694708779190 0.08190573932530616 17
1694708781729 0.0794188733696208 18
1694708783712 0.13988223183845142 19
1694708785622 0.09742206241973826 20
1694708787454 0.13626278855201232 21
1694708789456 0.03066812169509389 22
1694708791167 0.10727935502235895 23
1694708793163 0.04280374520607954 24
1694708794779 0.04482203439396747 25
1694708796923 0.3417377953421239 26
1694708798741 0.07702489104148758 27
1694708800726 0.07026374321523397 28
1694708802425 0.10023085141473637 29
1694708804704 0.07102183557189012 30
1694708806542 0.0780015347366664 31
1694708808483 0.09159572739995031 32
1694708810370 0.10688853973654806 33
1694708812157 0.08198081423855781 34
1694708813982 0.1701731677499586 35
1694708816006 0.02213911069548534 36
1694708817725 0.08393036833861138 37
1694708819252 0.29484613880658866 38
1694708821254 0.23763635907804087 39
1694708822992 0.04722706421598313 40
1694708824972 0.04465429545440264 41
1694708826731 0.12183046483675253 42
1694708829044 0.05049840811735254 43
1694708830810 0.13038977988628317 44
1694708832756 0.08402164609099834 45
1694708834699 0.08886394389193843 46
1694708836741 0.1307670172581947 47
1694708838412 0.046083974988470174 48
1694708840671 0.05392797839378809 49
1694708843504 0.050378678555197905 50
1694708845199 0.2665268955841445 51
1694708846631 0.05833831583188472 52
1694708848269 0.03750567391569041 53
1694708849895 0.10312885481871994 54
1694708851366 0.03582763130176915 55
1694708852849 0.10705775654134174 56
1694708854171 0.09648322931034381 57
1694708855692 0.15460097727309224 58
1694708857248 0.11819286199629334 59
1694708858755 0.017573094835154353 60
1694708860416 0.023999199052152292 61
1694708862097 0.08023147802267792 62
1694708863718 0.07028408844866744 63
1694708865274 0.08910875737560732 64
1694708866583 0.06382186826166532 65
1694708868063 0.09143618255296364 66
1694708869438 0.13506558822538867 67
1694708870994 0.2055249722421072 68
1694708872583 0.2355554053595673 69
1694708874120 0.37496959019808207 70
1694708876038 0.08528023659355778 71
1694708877712 0.06221958297825972 72
1694708879271 0.09645746569111799 73
1694708880948 0.08477043591917027 74
1694708882529 0.06080549027507438 75
1694708883939 0.08558037611226592 76
1694708885406 0.04913304847673014 77
1694708886934 0.08810452595775074 78
1694708888674 0.061876975664059364 79
1694708890241 0.22774903089949408 80
1694708891755 0.16619329902966545 81
1694708893382 0.1004122638920397 82
1694708894973 0.052438884714880535 83
1694708896545 0.24064276337221882 84
1694708898038 0.05541518259502475 85
1694708899366 0.04845784000877887 86
1694708901031 0.03714995374903337 87
1694708902658 0.1769233808671202 88
1694708904369 0.16789460807701984 89
1694708905933 0.07122708948711352 90
1694708907438 0.08458537475097327 91
1694708909102 0.04494287795788781 92
1694708910786 0.09406166169884442 93
1694708912487 0.11791173261987731 94
1694708914033 0.07217332600356303 95
1694708915557 0.27021669214500305 96
1694708917147 0.431020265443068 97
1694708918655 0.13573493853401492 98
1694708920310 0.1289628898607463 99
