1694702565292 169.64084248330963 0
1694702567522 169.48879069573007 1
1694702569309 169.33699600566194 2
1694702570751 169.1854579200421 3
1694702572247 169.03417594678683 4
1694702573776 168.88314959479035 5
1694702575338 168.73237837392261 6
1694702577416 168.58186179502732 7
1694702578849 168.4315993699201 8
1694702580288 168.2815906113864 9
1694702582088 168.13183503317964 10
1694702583717 167.98233215001915 11
1694702585163 167.8330814775884 12
1694702586579 167.68408253253293 13
1694702588251 167.53533483245837 14
1694702589693 167.3868378959286 15
1694702590919 167.23859124246385 16
1694702592275 167.09059439253863 17
1694702593628 166.94284686757996 18
1694702595221 166.79534818996535 19
1694702597125 166.6480978830209 20
1694702598557 166.50109547101948 21
1694702600036 166.35434047917872 22
1694702601408 166.20783243365904 23
1694702602776 166.06157086156202 24
1694702604260 165.91555529092824 25
1694702605885 165.76978525073542 26
1694702607278 165.62426027089677 27
1694702608662 165.47897988225878 28
1694702610134 165.33394361659956 29
1694702611483 165.18915100662682 30
1694702612996 165.04460158597624 31
1694702614566 164.9002948892092 32
1694702616061 164.75623045181138 33
1694702617685 164.6124078101905 34
1694702619162 164.46882650167473 35
1694702620494 164.32548606451067 36
1694702621888 164.18238603786162 37
1694702623593 164.03952596180562 38
1694702625335 163.89690537733378 39
1694702626982 163.75452382634822 40
1694702628734 163.61238085166042 41
1694702630656 163.47047599698925 42
1694702632372 163.32880880695924 43
1694702634019 163.18737882709874 44
1694702635482 163.0461856038381 45
1694702637196 162.90522868450776 46
1694702638999 162.7645076173366 47
1694702640402 162.62402195144998 48
1694702642068 162.48377123686808 49
1694702643489 162.34375502450393 50
1694702645008 162.20397286616176 51
1694702646487 162.06442431453513 52
1694702647873 161.92510892320516 53
1694702649333 161.78602624663873 54
1694702650475 161.64717584018675 55
1694702651735 161.50855726008226 56
1694702653128 161.37017006343876 57
1694702654473 161.23201380824847 58
1694702656224 161.09408805338046 59
1694702658013 160.95639235857885 60
1694702659684 160.8189262844612 61
1694702661194 160.68168939251672 62
1694702662628 160.54468124510433 63
1694702664008 160.4079014054512 64
1694702665241 160.27134943765068 65
1694702666668 160.13502490666093 66
1694702668011 159.99892737830274 67
1694702669495 159.86305641925827 68
1694702671006 159.72741159706888 69
1694702672392 159.59199248013374 70
1694702673808 159.45679863770783 71
1694702675178 159.32182963990047 72
1694702676633 159.18708505767336 73
1694702677998 159.0525644628391 74
1694702679395 158.91826742805918 75
1694702680876 158.78419352684267 76
1694702682108 158.65034233354413 77
1694702683345 158.51671342336215 78
1694702684826 158.38330637233753 79
1694702686396 158.25012075735165 80
1694702687833 158.11715615612476 81
1694702689331 157.98441214721427 82
1694702691203 157.85188831001312 83
1694702693370 157.71958422474796 84
1694702694843 157.5874994724777 85
1694702696463 157.4556336350916 86
1694702698038 157.32398629530783 87
1694702699744 157.19255703667153 88
1694702701443 157.0613454435534 89
1694702702888 156.93035110114792 90
1694702704578 156.79957359547163 91
1694702706511 156.66901251336165 92
1694702708061 156.5386674424739 93
1694702709434 156.4085379712814 94
1694702710734 156.27862368907284 95
1694702712179 156.1489241859507 96
1694702713527 156.01943905282977 97
1694702714993 155.89016788143547 98
1694702716285 155.76111026430218 99
