1694628730910 168.54379126551402 0
1694628732322 165.19807082103898 1
1694628733664 158.98123743511965 2
1694628734979 150.4053055140903 3
1694628736437 140.00221953291936 4
1694628737871 128.29686326530492 5
1694628739230 115.7856681422015 6
1694628740509 102.92063974118895 7
1694628741858 90.09831279815005 8
1694628743156 77.65325781940595 9
1694628744779 65.85539963865641 10
1694628746238 54.910420130975375 11
1694628747597 44.9628484723627 12
1694628749011 36.101054373986415 13
1694628750427 28.36360329504832 14
1694628751764 21.746452276521595 15
1694628753037 16.210446374648207 16
1694628754423 11.689163770446743 17
1694628755719 8.095938694157763 18
1694628757041 5.330685340803403 19
1694628758295 3.285925494373694 20
1694628759657 1.8519963958404004 21
1694628760994 0.92138428940158 22
1694628762352 0.39217475876388 23
1694628763705 0.17064824015694827 24
1694628765154 0.1730780923579826 25
1694628766544 0.326809743557705 26
1694628767889 0.5707133786186894 27
1694628769192 0.8551101972180133 28
1694628770472 1.1412743802802714 29
1694628771742 1.4006105083895766 30
1694628773040 1.6136002372685374 31
1694628774389 1.768531322550024 32
1694628775815 1.860461275066008 33
1694628777249 1.8896893629449762 34
1694628778819 1.8606147358845184 35
1694628780297 1.7805893619621167 36
1694628781649 1.6588848551688085 37
1694628782929 1.5057922548950646 38
1694628784295 1.3318235620776266 39
1694628785718 1.1471999131119932 40
1694628787072 0.9613511549562599 41
1694628788367 0.7825007692691044 42
1694628789728 0.6175016927621402 43
1694628791042 0.471726562191757 44
1694628792379 0.3490303854671579 45
1694628793732 0.2518464645449321 46
1694628795016 0.18127614006260334 47
1694628796314 0.13721096919224235 48
1694628797715 0.11852692472789507 49
1694628799057 0.12329088633166152 50
1694628800436 0.14894039616566204 51
1694628801840 0.19246875445918465 52
1694628803117 0.2506098544472354 53
1694628804506 0.3199965281461815 54
1694628806177 0.3972943544439239 55
1694628807593 0.4793179915007861 56
1694628809035 0.5631217229263761 57
1694628810436 0.6460582078020459 58
1694628811876 0.725838598103129 59
1694628813247 0.8005559393329434 60
1694628814576 0.8686925730212524 61
1694628815913 0.9291126044641809 62
1694628817301 0.9810346088565353 63
1694628818605 1.024012366786571 64
1694628819910 1.0578995444580168 65
1694628821238 1.082808287884976 66
1694628822670 1.0990701796711668 67
1694628823931 1.1071944664339388 68
1694628825426 1.1078264384331984 69
1694628826877 1.1016982400986106 70
1694628828289 1.0896059249998624 71
1694628829830 1.0723780481172585 72
1694628831238 1.050848235896982 73
1694628832483 1.0258401859126065 74
1694628833865 0.9981300339946577 75
1694628835155 0.9684442517611427 76
1694628836529 0.9374491305110554 77
1694628837845 0.9057438932281862 78
1694628839334 0.8738359973849146 79
1694628840696 0.8421774868722018 80
1694628842035 0.8111536100063805 81
1694628843291 0.7810852243777163 82
1694628844578 0.7522486694919829 83
1694628846005 0.7248411284657721 84
1694628847336 0.699010027455079 85
1694628848691 0.6748586587468064 86
1694628850077 0.6524518451462828 87
1694628851411 0.6318214601550987 88
1694628852741 0.6129443447242551 89
1694628854085 0.5957998792019416 90
1694628855321 0.5803525806062377 91
1694628856686 0.5665550751696535 92
1694628858006 0.5543700518758293 93
1694628859361 0.5437238104399967 94
1694628860583 0.5345385397166491 95
1694628862028 0.5267338698144319 96
1694628863336 0.5202280496245963 97
1694628864711 0.5149388183246028 98
1694628866240 0.5107840358077452 99
