1694749409529 98.9079832825403 0
1694749410891 61.48133897967368 1
1694749412183 44.3023406153077 2
1694749413496 25.895176272532375 3
1694749414827 13.888382343384809 4
1694749416185 9.96094396283516 5
1694749417465 5.596918321018643 6
1694749418718 3.279036135009261 7
1694749419867 1.6322074894143785 8
1694749421000 1.0412383830645777 9
1694749422247 0.7249664656290564 10
1694749423445 0.5929814398578909 11
1694749424799 0.2361204818899904 12
1694749426157 0.13041746911175237 13
1694749427496 0.13706292379035712 14
1694749428763 0.33550171718149874 15
1694749430164 0.03774426436805499 16
1694749431448 0.2087335070820902 17
1694749432772 0.04880626666056405 18
1694749434084 0.08599032820180783 19
1694749435383 0.02742914313272702 20
1694749436720 0.08341082080199197 21
1694749438090 0.08569799696081765 22
1694749439322 0.025065671228790325 23
1694749440697 0.11685503686403838 24
1694749441983 0.1407277306610883 25
1694749443255 0.04571430789084129 26
1694749444509 0.39010679385147207 27
1694749445747 0.03239194122995676 28
1694749446692 0.1111834302893802 29
1694749447640 0.08547448204355015 30
1694749448795 0.10439903148228473 31
1694749450317 0.1639342660064032 32
1694749451861 0.18899103130463452 33
1694749453356 0.03591746038356243 34
1694749454804 0.07400279082846303 35
1694749456327 0.030086887293719382 36
1694749457815 0.05567610247850061 37
1694749459467 0.01783857569441279 38
1694749460881 0.49976882042868054 39
1694749462322 0.07687863355166497 40
1694749463755 0.038481150362426504 41
1694749465257 0.013759751727745928 42
1694749466732 0.053559368815992936 43
1694749468169 0.3416892880160434 44
